0
0
0
0
0
0
0
5
162
339
483
574
598
555
450
295
117
1
0
0
0
0
0
0
0
0
0
0
0
0
0
5
169
353
500
591
617
574
468
310
125
1
0
0
0
0
0
0
0
0
0
0
0
0
0
2
122
269
393
501
511
494
405
280
111
1
0
0
0
0
0
0
0
0
0
0
0
0
0
5
160
334
478
571
600
562
464
313
131
2
0
0
0
0
0
0
0
0
0
0
0
0
0
4
148
303
436
521
535
493
429
295
123
1
0
0
0
0
0
0
0
0
0
0
0
0
0
4
134
283
402
474
489
457
380
254
106
1
0
0
0
0
0
0
0
0
0
0
0
0
0
5
146
300
421
518
539
514
415
276
121
1
0
0
0
0
0
0
0
0
0
0
0
0
0
5
153
323
463
543
575
545
455
312
135
2
0
0
0
0
0
0
0
0
0
0
0
0
0
5
140
292
425
494
533
520
418
292
128
2
0
0
0
0
0
0
0
0
0
0
0
0
0
3
133
288
413
442
486
446
406
265
112
1
0
0
0
0
0
0
0
0
0
0
0
0
0
4
143
292
428
516
545
512
432
294
131
2
0
0
0
0
0
0
0
0
0
0
0
0
0
3
175
325
410
374
393
395
325
307
149
6
0
0
0
0
0
0
0
0
0
0
0
0
0
2
85
134
175
355
248
258
250
206
164
6
0
0
0
0
0
0
0
0
0
0
0
0
0
5
100
229
343
421
454
425
332
252
112
1
0
0
0
0
0
0
0
0
0
0
0
0
0
5
166
346
492
584
613
577
484
331
151
3
0
0
0
0
0
0
0
0
0
0
0
0
0
5
156
323
463
543
584
551
461
315
148
3
0
0
0
0
0
0
0
0
0
0
0
0
0
2
21
53
120
105
93
525
426
278
125
2
0
0
0
0
0
0
0
0
0
0
0
0
0
2
85
185
256
283
315
290
272
174
72
2
0
0
0
0
0
0
0
0
0
0
0
0
0
2
118
259
370
432
451
430
337
226
127
2
0
0
0
0
0
0
0
0
0
0
0
0
0
6
161
340
417
435
409
450
423
316
128
4
0
0
0
0
0
0
0
0
0
0
0
0
0
6
181
378
538
637
670
632
529
370
179
6
0
0
0
0
0
0
0
0
0
0
0
0
0
6
159
327
471
555
589
569
466
344
174
9
0
0
0
0
0
0
0
0
0
0
0
0
0
6
131
309
461
527
502
464
410
285
154
4
0
0
0
0
0
0
0
0
0
0
0
0
0
6
167
343
483
575
614
598
508
360
182
9
0
0
0
0
0
0
0
0
0
0
0
0
0
7
167
343
487
585
620
583
479
344
173
7
0
0
0
0
0
0
0
0
0
0
0
0
0
6
168
340
487
582
608
567
487
353
185
11
0
0
0
0
0
0
0
0
0
0
0
0
0
8
164
326
452
542
576
557
488
358
183
13
0
0
0
0
0
0
0
0
0
0
0
0
0
8
178
358
510
606
645
602
506
364
189
11
0
0
0
0
0
0
0
0
0
0
0
0
0
7
151
327
481
561
546
531
482
345
190
16
0
0
0
0
0
0
0
0
0
0
0
0
0
2
39
93
134
116
118
511
402
287
147
3
0
0
0
0
0
0
0
0
0
0
0
0
0
10
194
388
545
650
688
658
560
407
214
14
0
0
0
0
0
0
0
0
0
0
0
0
0
23
57
169
199
147
597
424
373
241
187
3
0
0
0
0
0
0
0
0
0
0
0
0
0
6
106
221
298
357
345
317
280
219
106
4
0
0
0
0
0
0
0
0
0
0
0
0
0
8
100
236
249
317
352
214
233
190
90
4
0
0
0
0
0
0
0
0
0
0
0
0
0
10
152
314
625
623
304
55
47
34
18
4
0
0
0
0
0
0
0
0
0
0
0
0
0
4
40
33
46
54
58
480
442
239
112
8
0
0
0
0
0
0
0
0
0
0
0
0
0
11
181
352
479
554
610
596
497
355
192
16
0
0
0
0
0
0
0
0
0
0
0
0
0
12
182
350
505
587
628
602
533
401
223
26
0
0
0
0
0
0
0
0
0
0
0
0
0
14
211
404
559
657
695
667
570
419
233
23
0
0
0
0
0
0
0
0
0
0
0
0
0
16
221
416
570
672
707
671
569
416
229
20
0
0
0
0
0
0
0
0
0
0
0
0
0
11
153
288
391
457
502
475
411
281
149
6
0
0
0
0
0
0
0
0
0
0
0
0
0
4
52
104
143
174
182
176
153
111
61
7
0
0
0
0
0
0
0
0
0
0
0
0
0
17
204
382
525
623
664
648
559
412
238
32
0
0
0
0
0
0
0
0
0
0
0
0
0
18
191
359
495
575
612
588
506
372
220
26
0
0
0
0
0
0
0
0
0
0
0
0
0
21
228
416
569
667
705
680
590
444
253
34
0
0
0
0
0
0
0
0
0
0
0
0
0
11
169
314
493
584
518
528
453
308
177
7
0
0
0
0
0
0
0
0
0
0
0
0
0
28
272
483
651
757
795
761
659
497
291
39
0
0
0
0
0
0
0
0
0
0
0
0
0
25
228
406
560
662
698
670
584
449
267
83
0
0
0
0
0
0
0
0
0
0
0
0
0
28
258
455
611
710
747
720
623
472
279
83
0
0
0
0
0
0
0
0
0
0
0
0
0
31
262
458
617
721
759
730
637
483
291
91
0
0
0
0
0
0
0
0
0
0
0
0
0
7
153
303
376
416
481
682
567
443
272
90
0
0
0
0
0
0
0
0
0
0
0
0
0
14
35
41
116
135
327
383
426
286
234
91
0
0
0
0
0
0
0
0
0
0
0
0
0
33
254
441
581
681
726
704
615
468
274
87
0
0
0
0
0
0
0
0
0
0
0
0
0
36
268
465
621
715
750
716
626
473
284
92
0
0
0
0
0
0
0
0
0
0
0
0
0
82
285
491
657
765
806
774
672
512
310
103
0
0
0
0
0
0
0
0
0
0
0
0
0
82
280
479
639
742
782
755
660
505
310
106
0
0
0
0
0
0
0
0
0
0
0
0
0
90
297
507
673
779
821
788
685
523
316
107
0
0
0
0
0
0
0
0
0
0
0
0
0
84
276
468
623
721
753
721
627
483
295
101
0
0
0
0
0
0
0
0
0
0
0
0
0
40
149
262
373
452
478
555
582
484
324
128
2
0
0
0
0
0
0
0
0
0
0
0
1
111
345
578
515
356
262
71
62
48
113
10
0
0
0
0
0
0
0
0
0
0
0
0
0
88
271
444
585
693
722
702
623
475
299
107
0
0
0
0
0
0
0
0
0
0
0
0
0
91
271
445
582
672
701
671
586
452
281
103
0
0
0
0
0
0
0
0
0
0
0
0
0
64
277
179
60
156
307
254
509
529
392
76
2
0
0
0
0
0
0
0
0
0
0
0
0
10
138
181
333
358
392
335
321
156
94
75
1
0
0
0
0
0
0
0
0
0
0
0
0
108
376
612
561
348
211
306
172
83
29
13
0
0
0
0
0
0
0
0
0
0
0
0
1
129
353
569
740
846
883
849
746
579
365
139
1
0
0
0
0
0
0
0
0
0
0
0
1
138
367
584
753
860
897
859
751
583
370
143
1
0
0
0
0
0
0
0
0
0
0
0
1
135
354
560
725
829
870
840
739
580
372
149
2
0
0
0
0
0
0
0
0
0
0
0
2
14
74
138
128
324
373
512
482
438
293
172
8
0
0
0
0
0
0
0
0
0
0
0
1
15
31
150
224
496
389
311
331
274
171
106
3
0
0
0
0
0
0
0
0
0
0
0
1
93
239
381
488
575
599
558
494
396
257
101
1
0
0
0
0
0
0
0
0
0
0
0
2
166
403
623
795
903
941
902
790
617
397
162
1
0
0
0
0
0
0
0
0
0
0
0
2
151
368
569
725
828
866
836
737
574
370
152
2
0
0
0
0
0
0
0
0
0
0
0
3
160
382
588
748
847
882
846
741
577
371
152
2
0
0
0
0
0
0
0
0
0
0
0
3
162
382
587
744
840
872
832
734
572
370
153
2
0
0
0
0
0
0
0
0
0
0
0
4
178
410
622
786
885
915
874
765
599
386
160
2
0
0
0
0
0
0
0
0
0
0
0
4
165
381
577
728
835
873
842
747
592
388
168
4
0
0
0
0
0
0
0
0
0
0
0
4
166
363
531
675
758
815
768
662
522
339
151
3
0
0
0
0
0
0
0
0
0
0
0
5
174
387
579
731
824
852
815
714
557
361
156
3
0
0
0
0
0
0
0
0
0
0
0
6
167
355
518
628
701
771
735
632
464
308
132
3
0
0
0
0
0
0
0
0
0
0
0
6
177
388
575
723
814
838
804
705
561
370
162
4
0
0
0
0
0
0
0
0
0
0
0
9
232
497
715
854
601
614
595
497
364
263
130
4
0
0
0
0
0
0
0
0
0
0
0
8
192
401
589
744
828
854
826
724
568
376
166
4
0
0
0
0
0
0
0
0
0
0
0
9
194
406
599
751
836
866
841
744
593
397
180
6
0
0
0
0
0
0
0
0
0
0
0
11
235
491
719
895
558
566
545
470
381
239
102
2
0
0
0
0
0
0
0
0
0
0
0
11
191
388
559
694
782
831
806
711
560
373
173
7
0
0
0
0
0
0
0
0
0
0
0
12
200
407
594
745
806
834
812
713
558
378
174
6
0
0
0
0
0
0
0
0
0
0
0
10
152
298
446
552
651
694
648
559
477
300
124
2
0
0
0
0
0
0
0
0
0
0
0
17
244
482
694
855
955
981
940
828
657
438
203
7
0
0
0
0
0
0
0
0
0
0
0
15
197
381
546
663
692
699
647
559
443
303
139
2
0
0
0
0
0
0
0
0
0
0
0
7
112
217
347
467
495
471
353
338
260
169
70
3
0
0
0
0
0
0
0
0
0
0
0
21
255
485
688
842
934
961
918
810
643
433
206
8
0
0
0
0
0
0
0
0
0
0
0
19
222
423
600
734
818
855
813
718
564
385
185
10
0
0
0
0
0
0
0
0
0
0
0
27
283
512
693
865
556
661
655
595
478
342
172
12
0
0
0
0
0
0
0
0
0
0
0
30
293
536
748
908
1002
1023
971
848
670
446
209
5
0
0
0
0
0
0
0
0
0
0
0
25
304
305
438
720
805
358
480
548
293
134
96
4
0
0
0
0
0
0
0
0
0
0
0
27
247
457
629
773
863
887
843
750
602
412
200
11
0
0
0
0
0
0
0
0
0
0
0
30
232
435
600
726
812
845
807
727
582
405
203
14
0
0
0
0
0
0
0
0
0
0
0
31
250
446
613
743
799
833
802
711
565
390
187
9
0
0
0
0
0
0
0
0
0
0
0
37
252
449
613
776
852
810
758
668
520
363
174
9
0
0
0
0
0
0
0
0
0
0
0
83
296
521
720
868
954
975
929
818
656
448
222
12
0
0
0
0
0
0
0
0
0
0
0
16
102
158
99
513
932
451
309
241
257
61
209
13
0
0
0
0
0
0
0
0
0
0
0
87
289
502
689
832
912
928
889
789
633
437
223
15
0
0
0
0
0
0
0
0
0
0
0
74
220
423
626
744
786
788
723
641
530
367
181
11
0
0
0
0
0
0
0
0
0
0
0
85
275
475
654
780
865
878
847
744
599
410
210
15
0
0
0
0
0
0
0
0
0
0
0
100
317
547
746
895
983
1006
959
847
677
466
235
16
0
0
0
0
0
0
0
0
0
0
0
89
273
458
614
735
807
820
801
714
578
402
220
20
0
0
0
0
0
0
0
0
0
0
0
68
218
361
501
599
617
564
513
441
362
256
139
5
0
0
0
0
0
0
0
0
0
0
0
106
315
535
724
868
953
973
926
820
660
456
234
19
0
0
0
0
0
0
0
0
0
0
0
130
342
417
610
630
449
695
670
598
266
317
231
20
0
0
0
0
0
0
0
0
0
0
0
119
343
570
766
924
539
547
550
474
385
271
135
10
0
0
0
0
0
0
0
0
0
0
0
20
33
47
173
571
693
487
376
95
231
419
280
62
0
0
0
0
0
0
0
0
0
0
1
96
280
466
626
744
832
839
825
717
603
422
228
27
0
0
0
0
0
0
0
0
0
0
0
71
192
311
440
557
633
609
620
539
442
314
166
19
0
0
0
0
0
0
0
0
0
0
1
50
156
220
877
854
669
655
617
108
58
41
22
5
0
0
0
0
0
0
0
0
0
0
1
102
292
446
387
488
656
867
715
645
434
416
257
47
0
0
0
0
0
0
0
0
0
0
2
113
279
483
656
827
851
829
750
626
582
407
221
31
0
0
0
0
0
0
0
0
0
0
1
121
314
498
687
817
898
916
866
769
624
437
232
26
0
0
0
0
0
0
0
0
0
0
2
120
306
488
649
774
820
828
810
688
545
394
197
18
0
0
0
0
0
0
0
0
0
0
2
117
296
492
646
751
788
813
781
728
602
421
227
31
0
0
0
0
0
0
0
0
0
0
2
135
332
539
705
835
906
906
862
772
617
427
226
23
0
0
0
0
0
0
0
0
0
0
3
140
349
558
737
872
950
966
917
814
661
462
250
30
0
0
0
0
0
0
0
0
0
0
3
145
352
560
740
873
956
975
942
845
690
497
279
42
0
0
0
0
0
0
0
0
0
0
3
127
320
496
662
792
857
876
830
747
607
440
246
38
0
0
0
0
0
0
0
0
0
0
4
139
329
519
697
829
901
891
861
747
620
448
250
70
0
0
0
0
0
0
0
0
0
0
2
126
305
471
598
707
802
859
842
768
649
461
266
77
0
0
0
0
0
0
0
0
0
0
1
99
223
392
580
534
476
714
802
788
396
264
229
90
0
0
0
0
0
0
0
0
0
0
2
82
249
313
466
539
610
781
863
699
603
352
194
42
0
0
0
0
0
0
0
0
0
0
5
158
363
564
735
866
946
964
920
814
659
470
262
78
0
0
0
0
0
0
0
0
0
0
4
151
336
522
666
762
843
891
847
720
576
431
242
69
0
0
0
0
0
0
0
0
0
0
5
152
336
526
682
792
883
863
832
738
624
447
248
76
0
0
0
0
0
0
0
0
0
0
2
58
126
197
256
304
348
359
345
311
271
196
107
34
0
0
0
0
0
0
0
0
0
0
3
38
108
186
69
163
97
401
734
490
596
300
258
84
0
0
0
0
0
0
0
0
0
0
2
25
57
91
113
126
147
143
136
125
99
70
36
11
0
0
0
0
0
0
0
0
0
0
7
176
392
608
791
928
1008
1025
980
877
719
516
296
95
0
0
0
0
0
0
0
0
0
0
2
199
415
393
878
1042
591
144
234
74
60
43
126
36
0
0
0
0
0
0
0
0
0
0
13
133
249
503
741
1047
807
1069
471
319
96
197
25
20
0
0
0
0
0
0
0
0
0
0
9
181
391
600
775
911
987
1011
966
861
713
522
306
103
0
0
0
0
0
0
0
0
0
0
11
145
263
466
681
818
748
739
776
671
413
326
139
9
0
0
0
0
0
0
0
0
0
0
3
93
238
394
519
686
728
748
637
497
430
380
196
82
0
0
0
0
0
0
0
0
0
0
2
65
159
249
324
371
409
433
391
341
294
216
123
44
0
0
0
0
0
0
0
0
0
0
14
199
407
642
889
1002
455
459
365
335
277
193
96
30
0
0
0
0
0
0
0
0
0
0
9
158
333
506
653
765
833
836
798
710
583
427
252
87
0
0
0
0
0
0
0
0
0
0
11
184
384
577
739
856
927
942
904
809
665
487
287
101
0
0
0
0
0
0
0
0
0
0
11
179
372
558
723
842
901
921
878
787
651
472
277
98
0
0
0
0
0
0
0
0
0
0
14
219
449
671
860
998
1078
1094
1046
937
772
566
337
121
0
0
0
0
0
0
0
0
0
0
13
208
426
638
814
948
1024
1040
997
896
738
542
323
118
1
0
0
0
0
0
0
0
0
0
13
205
427
641
824
957
1032
1048
1000
893
734
535
316
113
1
0
0
0
0
0
0
0
0
0
13
198
414
623
803
936
1013
1029
988
885
732
536
321
118
1
0
0
0
0
0
0
0
0
0
13
187
390
590
761
891
975
994
950
849
705
514
305
113
1
0
0
0
0
0
0
0
0
0
10
183
445
690
816
968
589
508
524
448
236
147
111
41
1
0
0
0
0
0
0
0
0
0
14
195
406
612
792
919
994
1013
973
869
713
518
308
112
1
0
0
0
0
0
0
0
0
0
15
211
434
654
841
978
1057
1074
1025
914
753
550
326
120
1
0
0
0
0
0
0
0
0
0
15
204
421
631
810
941
1018
1032
986
885
731
536
321
120
1
0
0
0
0
0
0
0
0
0
15
203
417
622
803
932
1007
1026
985
884
734
543
331
127
2
0
0
0
0
0
0
0
0
0
12
164
338
509
671
806
891
915
888
802
674
482
301
117
2
0
0
0
0
0
0
0
0
0
7
132
257
339
429
546
599
677
638
574
468
331
183
62
1
0
0
0
0
0
0
0
0
0
3
71
160
287
343
370
341
378
444
431
337
268
164
70
2
0
0
0
0
0
0
0
0
0
16
212
431
643
824
957
1035
1052
1009
906
751
555
339
133
2
0
0
0
0
0
0
0
0
0
13
177
368
548
694
817
889
910
876
788
645
471
289
118
1
0
0
0
0
0
0
0
0
0
16
203
414
621
802
932
1011
1033
990
888
739
545
334
133
2
0
0
0
0
0
0
0
0
0
14
182
371
554
710
820
887
903
880
797
663
496
305
121
2
0
0
0
0
0
0
0
0
0
15
199
405
604
771
890
965
979
936
834
694
509
306
118
1
0
0
0
0
0
0
0
0
0
15
200
408
611
785
914
994
1016
973
879
738
548
338
138
3
0
0
0
0
0
0
0
0
0
14
180
370
553
694
812
877
882
854
772
628
478
290
113
1
0
0
0
0
0
0
0
0
0
10
133
272
387
506
611
636
650
621
560
474
352
217
85
1
0
0
0
0
0
0
0
0
0
20
217
445
668
860
1002
1087
1102
979
858
677
457
276
105
1
0
0
0
0
0
0
0
0
0
15
196
400
597
762
893
971
993
961
868
726
542
338
139
3
0
0
0
0
0
0
0
0
0
12
160
342
530
667
833
887
837
793
701
578
416
259
98
1
0
0
0
0
0
0
0
0
0
14
185
388
585
756
875
952
970
937
850
711
536
327
133
3
0
0
0
0
0
0
0
0
0
14
183
378
571
738
864
939
964
926
834
701
520
320
131
3
0
0
0
0
0
0
0
0
0
14
188
391
591
767
894
973
1000
963
866
723
541
334
136
4
0
0
0
0
0
0
0
0
0
14
186
389
590
763
896
969
991
959
870
728
543
334
137
4
0
0
0
0
0
0
0
0
0
14
189
398
607
782
913
992
1014
972
878
732
543
336
138
3
0
0
0
0
0
0
0
0
0
13
174
365
553
709
843
916
931
900
798
671
502
310
126
3
0
0
0
0
0
0
0
0
0
10
139
303
482
610
735
812
795
729
645
533
387
241
96
1
0
0
0
0
0
0
0
0
0
12
178
375
568
736
865
937
952
899
811
666
496
299
120
1
0
0
0
0
0
0
0
0
0
13
187
394
603
786
923
1005
1024
986
892
746
559
348
144
4
0
0
0
0
0
0
0
0
0
13
185
389
599
777
908
991
1017
977
883
746
560
353
150
5
0
0
0
0
0
0
0
0
0
11
158
340
523
684
794
863
891
856
805
674
523
330
142
6
0
0
0
0
0
0
0
0
0
11
167
355
541
704
838
927
948
920
843
706
529
334
141
5
0
0
0
0
0
0
0
0
0
11
176
377
578
756
884
971
995
959
871
730
541
334
139
4
0
0
0
0
0
0
0
0
0
11
177
376
573
740
869
945
967
933
845
706
524
322
130
3
0
0
0
0
0
0
0
0
0
10
168
362
560
732
864
948
984
951
867
727
544
339
142
5
0
0
0
0
0
0
0
0
0
10
174
373
574
745
877
952
978
949
856
710
529
325
132
3
0
0
0
0
0
0
0
0
0
10
170
370
566
735
859
936
959
927
833
699
521
323
131
3
0
0
0
0
0
0
0
0
0
10
182
390
594
769
902
979
989
949
851
707
526
323
129
1
0
0
0
0
0
0
0
0
0
10
184
393
598
776
913
995
1016
983
893
749
562
350
145
3
0
0
0
0
0
0
0
0
0
9
176
378
577
745
874
947
967
929
842
703
526
327
136
3
0
0
0
0
0
0
0
0
0
9
176
388
599
780
920
1005
1032
999
902
751
564
351
146
4
0
0
0
0
0
0
0
0
0
8
159
350
547
717
848
926
949
922
840
708
523
328
136
4
0
0
0
0
0
0
0
0
0
8
160
354
551
723
844
919
944
916
834
704
526
323
130
3
0
0
0
0
0
0
0
0
0
7
158
354
555
730
862
945
962
925
834
704
528
326
132
3
0
0
0
0
0
0
0
0
0
7
159
358
559
732
862
941
961
919
833
695
517
317
126
2
0
0
0
0
0
0
0
0
0
7
158
355
562
739
879
961
984
946
853
709
516
310
120
1
0
0
0
0
0
0
0
0
0
6
160
366
574
754
887
970
990
948
852
708
525
319
126
2
0
0
0
0
0
0
0
0
0
6
151
348
549
728
862
942
968
924
835
696
514
313
123
2
0
0
0
0
0
0
0
0
0
6
145
337
534
711
846
926
957
933
854
720
540
334
135
4
0
0
0
0
0
0
0
0
0
7
113
172
271
446
456
363
637
447
74
228
150
150
113
10
0
0
0
0
0
0
0
0
0
5
145
342
546
731
875
956
982
953
859
712
528
320
124
2
0
0
0
0
0
0
0
0
0
5
145
342
541
707
842
926
951
917
825
687
508
306
123
2
0
0
0
0
0
0
0
0
0
5
146
345
550
729
859
947
978
940
851
707
523
320
125
2
0
0
0
0
0
0
0
0
0
4
145
343
539
711
840
915
947
914
823
687
512
309
120
2
0
0
0
0
0
0
0
0
0
4
142
339
541
716
849
934
955
923
836
695
515
313
122
2
0
0
0
0
0
0
0
0
0
4
143
343
544
721
850
934
962
923
829
689
511
310
118
1
0
0
0
0
0
0
0
0
0
4
132
315
533
701
817
860
883
826
733
593
439
270
101
1
0
0
0
0
0
0
0
0
0
3
141
345
555
743
883
972
994
963
868
716
521
307
112
1
0
0
0
0
0
0
0
0
0
3
132
328
538
707
841
922
954
933
850
708
525
313
118
2
0
0
0
0
0
0
0
0
0
2
126
326
521
672
778
817
830
817
724
594
451
268
91
1
0
0
0
0
0
0
0
0
0
3
140
349
564
756
896
980
1004
964
868
716
524
309
110
1
0
0
0
0
0
0
0
0
0
3
134
337
548
732
871
954
977
940
845
698
509
300
107
0
0
0
0
0
0
0
0
0
0
2
130
324
521
697
831
915
944
909
818
684
500
296
105
1
0
0
0
0
0
0
0
0
0
2
129
328
537
717
857
948
971
936
849
711
526
311
113
1
0
0
0
0
0
0
0
0
0
2
118
306
498
680
819
903
919
891
805
671
491
295
104
1
0
0
0
0
0
0
0
0
0
2
122
314
516
689
822
898
920
885
793
654
474
277
96
0
0
0
0
0
0
0
0
0
0
2
131
339
555
747
890
978
1001
964
872
716
519
303
103
0
0
0
0
0
0
0
0
0
0
2
123
321
526
711
854
940
968
939
847
704
515
305
106
1
0
0
0
0
0
0
0
0
0
2
129
339
558
751
899
987
1015
981
883
728
531
309
104
0
0
0
0
0
0
0
0
0
0
1
101
259
418
577
694
760
811
774
744
620
461
254
90
0
0
0
0
0
0
0
0
0
0
1
125
336
556
750
897
987
1014
977
877
722
523
301
99
0
0
0
0
0
0
0
0
0
0
1
93
240
404
553
678
765
789
758
682
560
410
239
77
0
0
0
0
0
0
0
0
0
0
1
123
335
555
749
892
981
1005
964
861
703
504
284
88
0
0
0
0
0
0
0
0
0
0
1
115
319
534
719
865
949
970
932
837
684
490
277
86
0
0
0
0
0
0
0
0
0
0
1
114
320
538
734
884
975
997
960
862
703
508
286
88
0
0
0
0
0
0
0
0
0
0
1
107
304
511
690
829
914
942
904
809
662
471
264
80
0
0
0
0
0
0
0
0
0
0
1
115
327
549
745
894
978
998
955
848
682
477
259
72
0
0
0
0
0
0
0
0
0
0
1
103
296
502
675
817
903
920
892
799
657
466
258
74
0
0
0
0
0
0
0
0
0
0
0
95
270
463
620
753
836
866
843
783
660
464
257
76
0
0
0
0
0
0
0
0
0
0
0
108
316
536
729
875
961
989
948
848
689
488
267
74
0
0
0
0
0
0
0
0
0
0
0
108
314
528
718
861
948
975
937
839
685
487
268
37
0
0
0
0
0
0
0
0
0
0
0
100
301
511
695
829
913
937
904
803
651
462
250
32
0
0
0
0
0
0
0
0
0
0
0
102
302
519
708
853
938
962
926
828
675
475
259
34
0
0
0
0
0
0
0
0
0
0
0
100
305
526
716
860
944
968
931
827
669
469
251
29
0
0
0
0
0
0
0
0
0
0
0
94
291
506
694
841
936
958
927
832
672
475
258
35
0
0
0
0
0
0
0
0
0
0
0
91
283
487
663
808
890
912
882
781
635
447
239
28
0
0
0
0
0
0
0
0
0
0
0
82
262
474
658
782
864
853
813
721
571
390
200
15
0
0
0
0
0
0
0
0
0
0
0
91
287
495
683
824
908
932
887
787
638
444
233
23
0
0
0
0
0
0
0
0
0
0
0
88
278
485
663
801
881
902
858
765
612
419
215
18
0
0
0
0
0
0
0
0
0
0
0
91
296
515
709
853
942
962
919
811
651
448
228
19
0
0
0
0
0
0
0
0
0
0
0
85
276
484
666
801
878
897
863
761
604
418
213
16
0
0
0
0
0
0
0
0
0
0
0
85
284
499
691
834
925
947
906
805
646
443
222
17
0
0
0
0
0
0
0
0
0
0
0
98
328
554
736
878
440
433
434
356
335
249
111
4
0
0
0
0
0
0
0
0
0
0
0
7
23
42
58
385
700
803
508
351
82
252
135
36
0
0
0
0
0
0
0
0
0
0
0
79
179
221
427
239
280
80
247
579
392
341
186
29
0
0
0
0
0
0
0
0
0
0
0
51
159
296
410
483
510
538
504
380
330
205
84
3
0
0
0
0
0
0
0
0
0
0
0
23
82
143
191
225
242
248
236
209
163
111
54
3
0
0
0
0
0
0
0
0
0
0
0
67
240
435
613
708
797
821
805
705
571
391
189
12
0
0
0
0
0
0
0
0
0
0
0
73
265
468
639
759
835
835
781
692
545
372
178
6
0
0
0
0
0
0
0
0
0
0
0
75
274
493
684
830
915
933
888
782
616
410
189
8
0
0
0
0
0
0
0
0
0
0
0
18
168
294
421
521
573
586
581
535
417
276
116
2
0
0
0
0
0
0
0
0
0
0
0
13
54
119
105
76
513
441
350
540
482
386
153
8
0
0
0
0
0
0
0
0
0
0
0
32
256
468
653
789
870
878
838
729
571
377
169
6
0
0
0
0
0
0
0
0
0
0
0
34
277
501
696
840
925
944
894
780
612
399
176
4
0
0
0
0
0
0
0
0
0
0
0
31
253
462
640
772
852
874
838
733
575
374
165
5
0
0
0
0
0
0
0
0
0
0
0
33
285
519
723
873
958
973
918
801
623
405
173
3
0
0
0
0
0
0
0
0
0
0
0
21
189
350
510
615
667
681
638
543
418
260
110
1
0
0
0
0
0
0
0
0
0
0
0
44
289
531
741
897
987
1006
888
791
527
309
115
1
0
0
0
0
0
0
0
0
0
0
0
30
279
512
714
862
945
960
905
780
598
377
152
1
0
0
0
0
0
0
0
0
0
0
0
28
270
497
696
844
923
934
883
761
584
369
147
1
0
0
0
0
0
0
0
0
0
0
0
27
262
483
675
816
897
915
863
747
576
365
145
2
0
0
0
0
0
0
0
0
0
0
0
26
260
488
687
833
917
934
878
756
576
359
138
1
0
0
0
0
0
0
0
0
0
0
0
26
269
501
703
853
935
948
893
769
589
367
140
1
0
0
0
0
0
0
0
0
0
0
0
30
297
554
771
895
543
475
426
361
277
183
75
1
0
0
0
0
0
0
0
0
0
0
0
6
154
169
204
544
748
717
772
571
315
199
76
0
0
0
0
0
0
0
0
0
0
0
0
20
230
434
609
735
812
818
764
663
509
313
114
0
0
0
0
0
0
0
0
0
0
0
0
21
167
338
456
590
756
727
688
593
439
238
97
0
0
0
0
0
0
0
0
0
0
0
0
19
224
428
613
736
807
816
763
653
491
296
101
0
0
0
0
0
0
0
0
0
0
0
0
17
113
104
256
570
650
933
613
320
186
83
48
1
0
0
0
0
0
0
0
0
0
0
0
22
134
272
516
623
614
607
581
569
364
226
89
0
0
0
0
0
0
0
0
0
0
0
0
17
227
446
637
779
858
874
815
698
523
310
99
0
0
0
0
0
0
0
0
0
0
0
0
13
200
390
543
669
729
737
699
556
416
244
70
0
0
0
0
0
0
0
0
0
0
0
0
15
210
413
589
724
798
809
755
642
479
279
84
0
0
0
0
0
0
0
0
0
0
0
0
15
223
438
624
758
838
849
793
677
504
291
87
0
0
0
0
0
0
0
0
0
0
0
0
14
225
448
643
785
862
872
818
693
514
297
87
0
0
0
0
0
0
0
0
0
0
0
0
14
227
453
649
795
876
884
820
692
507
288
38
0
0
0
0
0
0
0
0
0
0
0
0
12
206
413
601
731
806
808
753
635
467
266
37
0
0
0
0
0
0
0
0
0
0
0
0
12
207
418
602
744
817
830
776
655
479
269
35
0
0
0
0
0
0
0
0
0
0
0
0
11
202
411
597
730
808
820
762
639
463
257
31
0
0
0
0
0
0
0
0
0
0
0
0
9
187
356
507
741
884
905
841
707
515
285
71
0
0
0
0
0
0
0
0
0
0
0
0
11
225
454
651
792
870
871
803
673
485
264
24
0
0
0
0
0
0
0
0
0
0
0
0
10
200
409
595
727
802
809
754
631
462
256
28
0
0
0
0
0
0
0
0
0
0
0
0
9
185
376
550
679
736
741
687
572
413
221
19
0
0
0
0
0
0
0
0
0
0
0
0
5
16
85
48
186
438
572
626
696
427
267
57
0
0
0
0
0
0
0
0
0
0
0
0
4
158
352
498
631
737
689
434
316
159
83
4
0
0
0
0
0
0
0
0
0
0
0
0
3
76
181
246
327
366
365
340
232
157
84
4
0
0
0
0
0
0
0
0
0
0
0
0
6
172
366
535
666
732
750
692
573
407
210
16
0
0
0
0
0
0
0
0
0
0
0
0
4
148
305
484
568
680
689
645
543
400
219
19
0
0
0
0
0
0
0
0
0
0
0
0
4
138
319
479
652
724
649
600
434
296
132
3
0
0
0
0
0
0
0
0
0
0
0
0
6
154
331
489
603
657
702
572
469
322
160
7
0
0
0
0
0
0
0
0
0
0
0
0
2
105
232
339
445
452
484
447
336
245
96
3
0
0
0
0
0
0
0
0
0
0
0
0
3
95
214
293
389
470
462
379
306
227
104
3
0
0
0
0
0
0
0
0
0
0
0
0
4
164
349
513
640
706
660
611
496
330
165
6
0
0
0
0
0
0
0
0
0
0
0
0
3
132
299
452
568
637
636
574
474
315
137
2
0
0
0
0
0
0
0
0
0
0
0
0
4
158
243
335
571
590
586
615
411
247
85
2
0
0
0
0
0
0
0
0
0
0
0
0
3
139
316
469
575
671
664
618
491
336
166
7
0
0
0
0
0
0
0
0
0
0
0
0
1
13
33
61
89
105
97
578
463
319
147
5
0
0
0
0
0
0
0
0
0
0
0
0
3
139
324
496
625
686
683
629
526
361
173
6
0
0
0
0
0
0
0
0
0
0
0
0
1
117
249
410
478
561
534
496
482
373
156
6
0
0
0
0
0
0
0
0
0
0
0
0
2
125
318
454
581
654
646
576
471
320
144
3
0
0
0
0
0
0
0
0
0
0
0
0
2
148
355
542
679
752
757
693
563
381
174
5
0
0
0
0
0
0
0
0
0
0
0
0
2
141
346
528
662
738
739
673
544
363
161
3
0
0
0
0
0
0
0
0
0
0
0
0
1
101
246
378
480
541
556
517
425
302
128
2
0
0
0
0
0
0
0
0
0
0
0
0
1
97
219
328
434
496
530
530
428
308
143
7
0
0
0
0
0
0
0
0
0
0
0
0
1
84
217
348
438
454
449
379
326
214
100
2
0
0
0
0
0
0
0
0
0
0
0
0
1
88
232
365
512
562
571
499
408
257
111
2
0
0
0
0
0
0
0
0
0
0
0
0
1
113
299
459
585
649
662
610
479
316
136
2
0
0
0
0
0
0
0
0
0
0
0
0
0
85
221
354
449
494
491
469
379
258
113
2
0
0
0
0
0
0
0
0
0
0
0
0
0
94
240
380
477
524
534
488
389
258
106
1
0
0
0
0
0
0
0
0
0
0
0
0
0
94
251
398
531
570
557
502
385
256
107
1
0
0
0
0
0
0
0
0
0
0
0
0
0
115
309
486
621
693
698
638
515
339
140
2
0
0
0
0
0
0
0
0
0
0
0
0
0
73
199
306
394
443
425
366
285
182
73
1
0
0
0
0
0
0
0
0
0
0
0
0
0
102
289
464
591
660
660
599
476
306
119
1
0
0
0
0
0
0
0
0
0
0
0
0
0
90
258
423
548
617
613
557
445
285
109
1
0
0
0
0
0
0
0
0
0
0
0
0
0
98
280
451
572
644
649
596
473
308
122
1
0
0
0
0
0
0
0
0
0
0
0
0
0
100
289
467
600
671
676
614
486
314
122
1
0
0
0
0
0
0
0
0
0
0
0
0
0
83
242
389
505
561
562
505
403
258
99
0
0
0
0
0
0
0
0
0
0
0
0
0
0
88
265
431
545
613
618
559
448
288
109
0
0
0
0
0
0
0
0
0
0
0
0
0
0
86
313
373
263
462
485
298
210
25
10
0
0
0
0
0
0
0
0
0
0
0
0
0
0
88
320
298
415
119
234
386
214
295
122
3
0
0
0
0
0
0
0
0
0
0
0
0
0
84
263
432
557
623
628
570
453
290
109
0
0
0
0
0
0
0
0
0
0
0
0
0
0
78
251
415
535
608
609
558
443
285
105
0
0
0
0
0
0
0
0
0
0
0
0
0
0
73
236
391
514
585
590
536
420
267
95
0
0
0
0
0
0
0
0
0
0
0
0
0
0
7
23
141
477
348
321
287
257
137
60
0
0
0
0
0
0
0
0
0
0
0
0
0
0
6
93
247
244
290
334
434
243
233
109
1
0
0
0
0
0
0
0
0
0
0
0
0
0
34
245
419
549
624
629
572
450
283
101
0
0
0
0
0
0
0
0
0
0
0
0
0
0
30
219
382
512
585
581
538
418
265
94
0
0
0
0
0
0
0
0
0
0
0
0
0
0
30
222
388
515
588
589
526
415
259
92
0
0
0
0
0
0
0
0
0
0
0
0
0
0
30
238
410
542
614
622
567
451
284
102
0
0
0
0
0
0
0
0
0
0
0
0
0
0
22
190
287
329
530
354
196
223
221
109
2
0
0
0
0
0
0
0
0
0
0
0
0
0
35
260
339
476
434
398
213
227
227
90
0
0
0
0
0
0
0
0
0
0
0
0
0
0
23
208
364
482
552
548
489
378
236
77
0
0
0
0
0
0
0
0
0
0
0
0
0
0
25
240
421
557
632
639
578
455
284
98
0
0
0
0
0
0
0
0
0
0
0
0
0
0
14
168
308
465
491
532
409
329
215
59
0
0
0
0
0
0
0
0
0
0
0
0
0
0
23
234
418
558
634
643
581
457
285
98
0
0
0
0
0
0
0
0
0
0
0
0
0
0
22
233
416
555
631
642
580
459
287
99
0
0
0
0
0
0
0
0
0
0
0
0
0
0
19
211
381
512
591
601
547
431
268
92
0
0
0
0
0
0
0
0
0
0
0
0
0
0
18
211
382
516
596
605
551
436
274
95
0
0
0
0
0
0
0
0
0
0
0
0
0
0
16
194
364
475
540
530
456
368
225
74
0
0
0
0
0
0
0
0
0
0
0
0
0
0
8
70
218
400
443
376
303
310
215
54
0
0
0
0
0
0
0
0
0
0
0
0
0
0
16
214
393
528
607
618
562
446
280
97
0
0
0
0
0
0
0
0
0
0
0
0
0
0
15
208
386
525
605
617
564
450
285
99
0
0
0
0
0
0
0
0
0
0
0
0
0
0
13
191
358
491
560
573
522
414
260
88
0
0
0
0
0
0
0
0
0
0
0
0
0
0
13
186
345
467
532
549
501
393
249
83
0
0
0
0
0
0
0
0
0
0
0
0
0
0
11
180
341
466
534
563
522
412
259
90
0
0
0
0
0
0
0
0
0
0
0
0
0
0
11
184
348
480
546
552
504
397
246
84
0
0
0
0
0
0
0
0
0
0
0
0
0
0
9
172
348
411
472
380
364
260
194
48
0
0
0
0
0
0
0
0
0
0
0
0
0
0
3
43
117
197
274
263
357
393
302
102
1
0
0
0
0
0
0
0
0
0
0
0
0
0
3
87
193
254
351
361
324
237
155
59
0
0
0
0
0
0
0
0
0
0
0
0
0
0
9
181
358
497
581
599
550
439
276
96
0
0
0
0
0
0
0
0
0
0
0
0
0
0
9
176
342
475
555
573
528
425
268
95
0
0
0
0
0
0
0
0
0
0
0
0
0
0
5
140
277
403
449
466
489
406
232
84
0
0
0
0
0
0
0
0
0
0
0
0
0
0
7
158
302
422
502
526
484
386
247
89
0
0
0
0
0
0
0
0
0
0
0
0
0
0
2
105
213
311
426
409
368
308
202
50
0
0
0
0
0
0
0
0
0
0
0
0
0
0
7
167
335
470
553
572
528
424
271
100
0
0
0
0
0
0
0
0
0
0
0
0
0
0
7
164
328
462
543
559
517
411
261
94
0
0
0
0
0
0
0
0
0
0
0
0
0
0
6
162
327
463
545
567
524
417
266
97
0
0
0
0
0
0
0
0
0
0
0
0
0
0
2
135
267
394
438
479
405
321
232
94
0
0
0
0
0
0
0
0
0
0
0
0
0
0
5
147
294
405
486
506
447
378
258
102
1
0
0
0
0
0
0
0
0
0
0
0
0
0
2
48
59
40
47
49
410
460
320
120
1
0
0
0
0
0
0
0
0
0
0
0
0
0
8
54
163
275
561
655
345
102
119
69
0
0
0
0
0
0
0
0
0
0
0
0
0
0
4
136
280
397
467
485
451
365
236
90
0
0
0
0
0
0
0
0
0
0
0
0
0
0
4
132
276
387
454
472
442
361
230
86
0
0
0
0
0
0
0
0
0
0
0
0
0
0
5
14
148
174
176
378
537
282
277
9
0
0
0
0
0
0
0
0
0
0
0
0
0
0
5
154
325
462
543
567
521
419
273
107
0
0
0
0
0
0
0
0
0
0
0
0
0
0
4
134
187
292
247
107
224
319
141
53
3
0
0
0
0
0
0