0
0
0
0
0
0
0
1
57
150
246
325
350
317
280
217
143
56
1
0
0
0
0
0
0
0
0
0
0
0
0
1
109
276
475
549
605
602
527
398
230
94
1
0
0
0
0
0
0
0
0
0
0
0
0
1
128
324
511
638
701
698
645
519
348
148
2
0
0
0
0
0
0
0
0
0
0
0
0
1
117
310
489
622
695
685
637
525
360
162
4
0
0
0
0
0
0
0
0
0
0
0
0
1
119
297
464
598
656
676
636
503
344
150
3
0
0
0
0
0
0
0
0
0
0
0
0
1
129
341
539
686
762
767
698
568
382
168
3
0
0
0
0
0
0
0
0
0
0
0
0
1
122
324
513
652
733
734
679
549
368
163
4
0
0
0
0
0
0
0
0
0
0
0
0
1
116
273
451
560
683
664
587
456
321
143
2
0
0
0
0
0
0
0
0
0
0
0
0
1
119
313
500
631
705
675
601
470
330
144
3
0
0
0
0
0
0
0
0
0
0
0
0
1
133
354
558
709
794
803
742
605
411
187
5
0
0
0
0
0
0
0
0
0
0
0
0
1
111
302
436
570
649
667
620
505
334
161
5
0
0
0
0
0
0
0
0
0
0
0
0
1
127
338
534
678
757
765
699
572
383
172
4
0
0
0
0
0
0
0
0
0
0
0
0
1
112
285
465
590
659
600
590
518
348
172
8
0
0
0
0
0
0
0
0
0
0
0
0
1
131
352
557
710
797
808
742
608
418
195
6
0
0
0
0
0
0
0
0
0
0
0
0
0
114
304
504
638
709
726
675
560
389
188
8
0
0
0
0
0
0
0
0
0
0
0
0
0
119
318
507
642
713
716
644
516
350
156
2
0
0
0
0
0
0
0
0
0
0
0
0
1
129
344
541
687
767
774
715
589
403
191
5
0
0
0
0
0
0
0
0
0
0
0
0
0
113
292
437
579
696
673
632
532
369
177
8
0
0
0
0
0
0
0
0
0
0
0
0
1
117
312
507
637
706
723
670
551
389
189
8
0
0
0
0
0
0
0
0
0
0
0
0
0
100
280
420
577
666
684
636
504
372
188
11
0
0
0
0
0
0
0
0
0
0
0
0
0
113
310
491
637
700
711
653
550
379
185
8
0
0
0
0
0
0
0
0
0
0
0
0
1
132
352
557
709
795
804
745
615
430
210
9
0
0
0
0
0
0
0
0
0
0
0
0
1
135
353
554
701
789
803
746
621
436
218
10
0
0
0
0
0
0
0
0
0
0
0
0
1
141
369
578
735
824
840
776
643
453
227
11
0
0
0
0
0
0
0
0
0
0
0
0
1
112
315
514
629
699
706
632
539
383
194
10
0
0
0
0
0
0
0
0
0
0
0
0
1
131
348
545
695
781
791
738
614
434
220
13
0
0
0
0
0
0
0
0
0
0
0
0
0
111
281
530
669
544
648
471
409
273
120
10
0
0
0
0
0
0
0
0
0
0
0
0
1
91
243
392
502
588
597
562
450
299
155
9
0
0
0
0
0
0
0
0
0
0
0
0
1
127
338
531
676
746
750
717
595
415
210
12
0
0
0
0
0
0
0
0
0
0
0
0
1
118
304
483
592
655
678
650
517
340
170
3
0
0
0
0
0
0
0
0
0
0
0
0
1
128
339
527
632
651
635
631
537
372
180
5
0
0
0
0
0
0
0
0
0
0
0
0
1
129
331
519
659
747
763
712
575
401
206
14
0
0
0
0
0
0
0
0
0
0
0
0
1
108
277
444
575
631
631
598
525
377
203
16
0
0
0
0
0
0
0
0
0
0
0
0
2
122
307
482
622
661
640
654
573
381
184
11
0
0
0
0
0
0
0
0
0
0
0
0
1
121
312
514
643
734
751
722
616
439
236
22
0
0
0
0
0
0
0
0
0
0
0
0
1
139
354
552
706
796
809
751
632
452
238
18
0
0
0
0
0
0
0
0
0
0
0
0
1
116
289
463
609
693
725
702
578
421
220
21
0
0
0
0
0
0
0
0
0
0
0
0
2
127
334
498
632
716
669
631
534
360
160
4
0
0
0
0
0
0
0
0
0
0
0
0
2
124
305
411
620
652
672
610
579
447
257
26
0
0
0
0
0
0
0
0
0
0
0
0
2
147
373
584
738
829
835
785
651
469
246
20
0
0
0
0
0
0
0
0
0
0
0
0
1
80
203
312
402
452
459
420
364
252
145
12
0
0
0
0
0
0
0
0
0
0
0
0
1
131
327
519
677
767
789
640
565
399
212
14
0
0
0
0
0
0
0
0
0
0
0
0
2
154
379
596
756
845
869
814
685
498
272
28
0
0
0
0
0
0
0
0
0
0
0
0
3
138
320
521
522
689
661
595
480
326
168
6
0
0
0
0
0
0
0
0
0
0
0
0
1
116
243
416
473
496
507
552
416
324
173
18
0
0
0
0
0
0
0
0
0
0
0
0
1
117
287
463
597
636
656
599
566
438
229
26
0
0
0
0
0
0
0
0
0
0
0
0
2
147
349
528
652
712
759
717
653
458
275
33
0
0
0
0
0
0
0
0
0
0
0
0
3
173
410
626
794
888
906
855
728
535
301
37
0
0
0
0
0
0
0
0
0
0
0
0
3
166
385
588
735
831
842
794
653
462
254
25
0
0
0
0
0
0
0
0
0
0
0
0
4
185
432
654
823
920
938
876
739
540
300
33
0
0
0
0
0
0
0
0
0
0
0
0
4
181
418
630
793
887
911
857
725
536
303
39
0
0
0
0
0
0
0
0
0
0
0
0
4
175
406
621
785
877
895
833
711
519
288
35
0
0
0
0
0
0
0
0
0
0
0
0
4
174
407
623
768
862
878
825
700
515
285
34
0
0
0
0
0
0
0
0
0
0
0
0
4
161
347
520
656
749
785
751
668
509
290
41
0
0
0
0
0
0
0
0
0
0
0
0
4
169
377
584
753
831
850
775
657
478
270
33
0
0
0
0
0
0
0
0
0
0
0
0
5
190
429
648
810
902
919
861
730
536
302
40
0
0
0
0
0
0
0
0
0
0
0
0
6
182
404
624
765
841
861
786
664
489
271
32
0
0
0
0
0
0
0
0
0
0
0
0
6
181
400
602
755
845
867
825
711
526
299
47
0
0
0
0
0
0
0
0
0
0
0
0
7
197
432
646
811
906
926
868
741
547
310
88
0
0
0
0
0
0
0
0
0
0
0
0
6
140
322
465
672
656
788
684
580
486
240
68
0
0
0
0
0
0
0
0
0
0
0
0
7
133
238
375
471
552
582
548
551
484
305
98
0
0
0
0
0
0
0
0
0
0
0
0
5
156
344
532
664
752
772
789
708
522
301
95
0
0
0
0
0
0
0
0
0
0
0
0
9
215
455
674
835
927
941
880
747
553
317
92
0
0
0
0
0
0
0
0
0
0
0
0
5
172
372
573
682
723
763
743
633
523
295
98
0
0
0
0
0
0
0
0
0
0
0
0
9
206
437
640
797
880
891
835
705
520
299
88
0
0
0
0
0
0
0
0
0
0
0
0
10
208
430
622
782
863
889
821
700
517
297
87
0
0
0
0
0
0
0
0
0
0
0
0
11
224
455
659
809
896
912
854
724
536
309
92
0
0
0
0
0
0
0
0
0
0
0
0
15
220
214
56
291
567
276
348
339
402
218
55
0
0
0
0
0
0
0
0
0
0
0
0
14
243
490
702
860
949
969
907
773
578
338
104
0
0
0
0
0
0
0
0
0
0
0
0
15
248
498
716
878
969
984
923
785
587
347
108
0
0
0
0
0
0
0
0
0
0
0
0
14
219
440
636
780
858
869
815
701
514
306
97
0
0
0
0
0
0
0
0
0
0
0
0
17
255
502
717
873
960
977
913
781
588
351
111
0
0
0
0
0
0
0
0
0
0
0
0
15
228
453
655
803
880
904
851
726
536
317
102
0
0
0
0
0
0
0
0
0
0
0
0
17
231
460
664
794
887
910
854
732
551
329
102
0
0
0
0
0
0
0
0
0
0
0
0
19
247
483
689
840
922
940
866
733
547
325
103
0
0
0
0
0
0
0
0
0
0
0
0
21
261
502
716
874
965
982
924
790
597
356
117
0
0
0
0
0
0
0
0
0
0
0
0
21
255
486
689
831
913
918
866
730
541
320
103
0
0
0
0
0
0
0
0
0
0
0
0
23
251
478
680
839
919
930
868
742
554
336
112
0
0
0
0
0
0
0
0
0
0
0
0
24
255
483
682
831
918
929
856
735
553
332
108
0
0
0
0
0
0
0
0
0
0
0
0
23
245
479
674
803
883
898
823
697
531
323
107
0
0
0
0
0
0
0
0
0
0
0
0
33
307
580
773
507
536
562
527
468
322
170
68
0
0
0
0
0
0
0
0
0
0
0
0
25
245
477
655
776
824
842
813
678
541
323
106
0
0
0
0
0
0
0
0
0
0
0
0
31
284
524
735
890
982
994
927
797
602
365
124
0
0
0
0
0
0
0
0
0
0
0
0
31
282
515
712
858
935
938
870
747
556
332
112
0
0
0
0
0
0
0
0
0
0
0
0
37
320
585
812
508
557
540
484
383
284
160
52
0
0
0
0
0
0
0
0
0
0
0
0
54
285
606
675
839
592
678
466
280
134
93
17
0
0
0
0
0
0
0
0
0
0
0
0
35
241
459
612
774
871
887
820
682
480
297
111
0
0
0
0
0
0
0
0
0
0
0
0
37
268
481
660
814
851
878
805
691
526
304
101
0
0
0
0
0
0
0
0
0
0
0
0
86
315
562
774
925
1007
1015
946
806
605
362
123
0
0
0
0
0
0
0
0
0
0
0
0
80
282
513
702
840
917
930
869
749
564
338
116
1
0
0
0
0
0
0
0
0
0
0
0
87
305
537
739
883
961
968
904
781
582
357
125
1
0
0
0
0
0
0
0
0
0
0
0
93
318
559
764
915
993
996
928
791
594
359
125
0
0
0
0
0
0
0
0
0
0
0
0
88
294
503
703
821
888
898
857
737
561
342
119
0
0
0
0
0
0
0
0
0
0
0
0
92
305
517
691
828
906
912
860
743
561
343
124
1
0
0
0
0
0
0
0
0
0
0
0
92
305
529
716
846
920
934
873
742
558
335
119
0
0
0
0
0
0
0
0
0
0
0
0
88
283
488
662
792
853
851
799
676
506
306
108
0
0
0
0
0
0
0
0
0
0
0
0
105
333
571
772
914
990
992
922
784
588
354
124
0
0
0
0
0
0
0
0
0
0
0
0
104
327
556
752
900
976
981
906
771
578
349
124
0
0
0
0
0
0
0
0
0
0
0
0
111
337
572
776
920
998
1003
934
804
613
377
138
1
0
0
0
0
0
0
0
0
0
0
0
116
351
592
800
948
1022
1024
949
809
609
368
130
0
0
0
0
0
0
0
0
0
0
0
0
116
346
580
774
915
984
986
916
779
587
357
128
0
0
0
0
0
0
0
0
0
0
0
0
125
362
599
798
938
1009
1010
938
796
599
366
132
0
0
0
0
0
0
0
0
0
0
0
0
129
367
607
811
955
1033
1036
966
827
628
386
142
1
0
0
0
0
0
0
0
0
0
0
0
117
336
553
738
873
935
944
886
752
558
344
124
1
0
0
0
0
0
0
0
0
0
0
1
115
333
541
712
816
885
885
817
706
533
334
122
1
0
0
0
0
0
0
0
0
0
0
1
113
323
533
702
836
896
899
815
693
516
335
119
1
0
0
0
0
0
0
0
0
0
0
1
130
357
587
781
918
987
983
920
787
590
359
131
1
0
0
0
0
0
0
0
0
0
0
1
128
349
569
754
890
958
954
899
776
585
360
131
1
0
0
0
0
0
0
0
0
0
0
1
107
284
459
606
722
759
728
690
581
428
256
89
1
0
0
0
0
0
0
0
0
0
0
1
121
325
528
694
809
868
870
800
676
508
312
115
1
0
0
0
0
0
0
0
0
0
0
1
117
311
504
666
784
844
844
783
667
497
304
112
1
0
0
0
0
0
0
0
0
0
0
2
148
397
642
855
596
641
625
573
491
365
219
86
1
0
0
0
0
0
0
0
0
0
0
1
111
277
425
590
733
783
776
740
656
512
314
107
1
0
0
0
0
0
0
0
0
0
0
2
139
356
582
773
906
979
977
899
773
591
367
140
2
0
0
0
0
0
0
0
0
0
0
2
153
387
614
807
943
1016
1019
949
809
615
383
147
2
0
0
0
0
0
0
0
0
0
0
2
132
331
552
691
766
778
850
800
726
563
333
132
2
0
0
0
0
0
0
0
0
0
0
2
141
361
579
758
893
953
951
893
780
594
363
139
2
0
0
0
0
0
0
0
0
0
0
2
142
361
595
760
885
952
910
859
709
533
326
123
1
0
0
0
0
0
0
0
0
0
0
3
153
377
604
791
929
1000
1000
928
792
598
365
141
2
0
0
0
0
0
0
0
0
0
0
3
165
405
642
832
965
1031
1030
953
808
611
375
143
1
0
0
0
0
0
0
0
0
0
0
3
153
375
598
786
924
983
977
909
772
594
369
145
2
0
0
0
0
0
0
0
0
0
0
3
162
389
613
795
927
997
1005
934
795
608
382
154
3
0
0
0
0
0
0
0
0
0
0
4
176
416
652
848
983
1054
1062
992
852
653
413
166
3
0
0
0
0
0
0
0
0
0
0
3
148
318
475
640
804
835
869
823
769
580
363
167
6
0
0
0
0
0
0
0
0
0
0
4
177
419
654
845
978
1045
1039
964
822
623
387
152
2
0
0
0
0
0
0
0
0
0
0
5
181
420
654
844
979
1045
1043
972
833
636
399
159
2
0
0
0
0
0
0
0
0
0
0
5
168
395
621
809
940
999
989
921
790
603
377
149
2
0
0
0
0
0
0
0
0
0
0
5
173
405
630
810
930
989
979
912
776
581
356
139
1
0
0
0
0
0
0
0
0
0
0
3
152
350
586
730
814
874
864
854
720
555
346
143
2
0
0
0
0
0
0
0
0
0
0
6
185
426
661
852
982
1042
1037
960
820
624
390
159
3
0
0
0
0
0
0
0
0
0
0
6
184
420
649
835
967
1029
1020
947
811
620
386
156
3
0
0
0
0
0
0
0
0
0
0
6
172
391
603
787
914
982
984
911
786
592
376
158
4
0
0
0
0
0
0
0
0
0
0
5
156
355
561
740
827
904
900
825
697
521
328
144
4
0
0
0
0
0
0
0
0
0
0
6
164
373
574
758
858
935
951
881
757
580
363
151
3
0
0
0
0
0
0
0
0
0
0
7
181
405
629
814
945
1011
1017
944
805
616
392
167
5
0
0
0
0
0
0
0
0
0
0
7
178
398
613
794
917
994
972
892
761
590
367
155
4
0
0
0
0
0
0
0
0
0
0
7
184
413
636
819
953
1016
1014
932
798
609
386
161
4
0
0
0
0
0
0
0
0
0
0
5
158
349
530
691
770
846
840
825
734
586
386
175
8
0
0
0
0
0
0
0
0
0
0
7
183
403
613
782
909
969
966
894
761
588
379
162
4
0
0
0
0
0
0
0
0
0
0
8
188
410
630
801
921
988
979
905
775
592
376
159
3
0
0
0
0
0
0
0
0
0
0
8
194
431
657
846
985
1054
1055
986
847
650
414
178
6
0
0
0
0
0
0
0
0
0
0
7
174
394
606
771
908
964
947
871
750
576
362
156
4
0
0
0
0
0
0
0
0
0
0
8
190
423
641
813
937
1000
989
921
780
594
376
158
3
0
0
0
0
0
0
0
0
0
0
9
195
425
645
830
952
1010
1009
941
807
618
394
169
4
0
0
0
0
0
0
0
0
0
0
9
199
435
662
852
986
1054
1053
984
849
657
424
184
7
0
0
0
0
0
0
0
0
0
0
9
190
410
628
805
930
994
987
916
790
609
397
175
6
0
0
0
0
0
0
0
0
0
0
7
182
370
517
638
831
853
848
847
732
540
364
154
6
0
0
0
0
0
0
0
0
0
0
8
155
376
535
693
779
859
856
771
661
463
302
123
2
0
0
0
0
0
0
0
0
0
0
6
144
316
518
698
787
816
815
857
648
498
311
124
2
0
0
0
0
0
0
0
0
0
0
9
149
334
513
649
811
862
881
789
685
495
309
128
2
0
0
0
0
0
0
0
0
0
0
12
205
428
616
890
646
642
501
416
309
335
112
62
2
0
0
0
0
0
0
0
0
0
0
7
160
360
548
717
858
935
921
859
766
613
391
170
12
0
0
0
0
0
0
0
0
0
0
9
178
388
602
778
903
950
954
884
759
577
373
165
8
0
0
0
0
0
0
0
0
0
0
9
180
393
609
788
922
992
980
911
786
595
385
170
6
0
0
0
0
0
0
0
0
0
0
9
179
389
595
764
891
966
959
881
760
584
373
169
7
0
0
0
0
0
0
0
0
0
0
5
139
336
510
699
838
856
857
827
759
544
362
162
10
0
0
0
0
0
0
0
0
0
0
11
180
398
468
486
519
534
425
363
185
229
219
61
2
0
0
0
0
0
0
0
0
0
0
9
165
364
563
756
908
958
933
808
706
534
337
144
2
0
0
0
0
0
0
0
0
0
0
8
180
393
599
768
876
944
929
870
736
570
375
169
6
0
0
0
0
0
0
0
0
0
0
9
174
384
591
768
906
965
962
883
762
584
387
176
10
0
0
0
0
0
0
0
0
0
0
7
146
333
507
714
846
919
918
875
757
578
354
156
5
0
0
0
0
0
0
0
0
0
0
8
166
370
578
756
878
963
965
901
778
594
386
173
10
0
0
0
0
0
0
0
0
0
0
7
160
364
572
724
841
934
904
883
744
569
376
177
10
0
0
0
0
0
0
0
0
0
0
9
173
388
605
777
895
978
977
906
781
587
387
178
10
0
0
0
0
0
0
0
0
0
0
9
170
384
589
766
873
945
941
866
737
564
358
168
8
0
0
0
0
0
0
0
0
0
0
9
145
319
491
653
769
908
946
833
688
556
366
181
13
0
0
0
0
0
0
0
0
0
0
7
147
347
497
591
730
798
773
719
638
491
303
126
2
0
0
0
0
0
0
0
0
0
0
8
165
372
573
739
873
934
947
892
771
589
370
163
7
0
0
0
0
0
0
0
0
0
0
9
171
374
569
738
849
916
931
871
742
569
357
173
11
0
0
0
0
0
0
0
0
0
0
8
166
361
575
742
884
939
944
869
751
575
369
165
8
0
0
0
0
0
0
0
0
0
0
7
153
342
536
724
847
915
915
883
763
590
395
183
13
0
0
0
0
0
0
0
0
0
0
8
160
355
558
731
869
940
946
884
782
601
390
182
13
0
0
0
0
0
0
0
0
0
0
9
167
365
557
735
828
885
900
820
698
553
353
168
11
0
0
0
0
0
0
0
0
0
0
5
137
333
576
740
837
886
874
784
597
494
324
160
9
0
0
0
0
0
0
0
0
0
0
9
153
359
544
653
830
914
920
823
659
507
256
119
3
0
0
0
0
0
0
0
0
0
0
8
163
378
568
736
815
879
877
836
745
591
381
178
12
0
0
0
0
0
0
0
0
0
0
8
162
360
550
746
844
911
902
810
670
535
365
177
14
0
0
0
0
0
0
0
0
0
0
6
148
340
529
729
861
905
891
864
750
595
392
180
13
0
0
0
0
0
0
0
0
0
0
6
151
349
565
735
870
966
960
889
779
607
388
180
11
0
0
0
0
0
0
0
0
0
0
7
151
336
542
694
833
907
937
871
772
597
389
180
11
0
0
0
0
0
0
0
0
0
0
2
112
274
470
636
770
864
879
884
780
607
382
186
15
0
0
0
0
0
0
0
0
0
0
6
144
337
546
725
856
917
936
866
737
567
367
170
9
0
0
0
0
0
0
0
0
0
0
6
149
344
557
752
856
909
883
796
720
552
364
164
10
0
0
0
0
0
0
0
0
0
0
6
154
337
538
699
846
867
846
758
646
525
346
161
11
0
0
0
0
0
0
0
0
0
0
4
124
298
494
647
824
856
872
831
678
500
345
162
11
0
0
0
0
0
0
0
0
0
0
5
121
292
452
624
709
759
769
692
574
446
282
125
3
0
0
0
0
0
0
0
0
0
0
5
146
344
542
706
826
898
919
898
763
582
388
187
11
0
0
0
0
0
0
0
0
0
0
5
151
357
548
720
860
930
925
879
750
585
392
185
11
0
0
0
0
0
0
0
0
0
0
5
143
325
518
679
819
868
877
815
708
534
367
169
8
0
0
0
0
0
0
0
0
0
0
4
140
348
551
705
842
870
897
825
699
518
320
140
3
0
0
0
0
0
0
0
0
0
0
5
127
304
499
645
763
917
904
834
733
560
375
177
13
0
0
0
0
0
0
0
0
0
0
5
146
339
532
695
837
916
877
812
724
562
370
168
12
0
0
0
0
0
0
0
0
0
0
4
139
334
495
685
813
890
894
827
704
542
341
163
9
0
0
0
0
0
0
0
0
0
0
5
147
344
531
680
791
877
919
861
719
565
364
166
9
0
0
0
0
0
0
0
0
0
0
5
102
266
434
702
542
573
706
848
709
600
267
130
3
0
0
0
0
0
0
0
0
0
0
4
132
321
476
622
741
783
796
708
574
447
281
123
3
0
0
0
0
0
0
0
0
0
0
3
128
283
470
602
685
770
886
827
739
587
393
185
19
0
0
0
0
0
0
0
0
0
0
3
134
313
513
686
825
922
942
879
748
571
368
170
10
0
0
0
0
0
0
0
0
0
0
3
118
320
490
666
815
830
872
832
670
507
328
155
9
0
0
0
0
0
0
0
0
0
0
3
96
246
447
678
763
838
792
826
742
588
374
167
12
0
0
0
0
0
0
0
0
0
0
3
132
322
520
717
833
930
935
880
765
587
380
182
14
0
0
0
0
0
0
0
0
0
0
3
135
321
540
711
852
903
922
863
719
559
381
173
9
0
0
0
0
0
0
0
0
0
0
3
139
352
555
726
842
895
948
889
773
612
399
187
13
0
0
0
0
0
0
0
0
0
0
1
129
319
526
702
803
871
889
825
696
498
325
148
5
0
0
0
0
0
0
0
0
0
0
4
128
302
456
629
757
892
925
849
719
564
316
151
7
0
0
0
0
0
0
0
0
0
0
2
106
286
460
639
750
817
774
730
657
459
282
127
2
0
0
0
0
0
0
0
0
0
0
2
123
313
510
694
817
903
904
860
736
558
383
171
10
0
0
0
0
0
0
0
0
0
0
2
130
327
532
666
819
840
887
854
743
555
328
143
6
0
0
0
0
0
0
0
0
0
0
1
97
234
390
552
712
757
776
752
661
524
335
158
11
0
0
0
0
0
0
0
0
0
0
1
115
284
410
561
697
745
648
623
508
362
278
88
2
0
0
0
0
0
0
0
0
0
0
3
136
342
475
631
684
749
782
804
625
451
144
107
2
0
0
0
0
0
0
0
0
0
0
2
133
336
558
739
879
959
955
876
730
545
339
145
2
0
0
0
0
0
0
0
0
0
0
2
129
324
546
738
874
950
966
922
786
603
381
175
10
0
0
0
0
0
0
0
0
0
0
2
130
325
536
723
872
945
951
896
778
582
373
168
7
0
0
0
0
0
0
0
0
0
0
2
126
327
537
728
862
951
975
904
787
596
386
172
7
0
0
0
0
0
0
0
0
0
0
2
126
328
550
740
876
963
966
902
778
592
376
163
6
0
0
0
0
0
0
0
0
0
0
1
124
321
541
740
881
959
969
901
771
591
377
164
6
0
0
0
0
0
0
0
0
0
0
2
123
315
530
713
859
945
955
898
786
599
379
167
9
0
0
0
0
0
0
0
0
0
0
2
125
324
544
741
869
946
968
903
754
564
357
156
4
0
0
0
0
0
0
0
0
0
0
1
126
332
555
752
897
972
959
887
753
564
357
156
4
0
0
0
0
0
0
0
0
0
0
1
124
319
540
742
883
956
954
885
761
577
367
161
5
0
0
0
0
0
0
0
0
0
0
1
122
324
543
730
887
970
982
917
782
596
375
161
6
0
0
0
0
0
0
0
0
0
0
1
114
314
536
723
877
968
967
901
766
573
357
152
5
0
0
0
0
0
0
0
0
0
0
1
121
321
538
721
870
960
946
880
744
559
348
142
3
0
0
0
0
0
0
0
0
0
0
1
116
308
519
717
854
935
942
886
751
568
365
155
5
0
0
0
0
0
0
0
0
0
0
1
120
316
534
727
876
954
969
908
773
582
362
152
6
0
0
0
0
0
0
0
0
0
0
1
118
322
549
744
890
972
979
907
769
586
359
148
4
0
0
0
0
0
0
0
0
0
0
1
116
322
539
746
879
949
948
886
763
581
354
144
3
0
0
0
0
0
0
0
0
0
0
1
116
321
539
732
874
942
938
882
738
553
332
134
2
0
0
0
0
0
0
0
0
0
0
1
119
330
552
757
903
969
965
901
763
575
356
145
3
0
0
0
0
0
0
0
0
0
0
1
117
325
551
750
896
964
955
890
758
553
333
129
1
0
0
0
0
0
0
0
0
0
0
1
117
326
553
752
895
971
973
898
766
580
356
140
3
0
0
0
0
0
0
0
0
0
0
1
116
321
546
741
878
964
974
892
761
569
347
139
2
0
0
0
0
0
0
0
0
0
0
0
110
295
515
730
880
965
970
899
732
530
313
122
2
0
0
0
0
0
0
0
0
0
0
1
113
312
526
719
860
932
934
862
734
551
329
127
1
0
0
0
0
0
0
0
0
0
0
1
114
318
542
735
886
943
952
877
753
562
339
128
1
0
0
0
0
0
0
0
0
0
0
1
113
316
548
742
878
964
964
892
758
560
333
125
1
0
0
0
0
0
0
0
0
0
0
0
112
320
538
723
875
953
963
887
746
554
331
120
1
0
0
0
0
0
0
0
0
0
0
1
107
305
530
721
870
942
947
883
742
552
325
121
1
0
0
0
0
0
0
0
0
0
0
0
111
320
546
738
870
948
956
889
749
553
325
118
0
0
0
0
0
0
0
0
0
0
0
1
110
312
539
739
871
954
946
889
746
552
327
120
1
0
0
0
0
0
0
0
0
0
0
0
108
315
546
734
887
939
935
855
727
527
314
112
0
0
0
0
0
0
0
0
0
0
0
0
104
311
527
727
849
929
947
862
744
550
323
115
1
0
0
0
0
0
0
0
0
0
0
0
95
292
496
686
803
861
895
858
699
509
298
106
1
0
0
0
0
0
0
0
0
0
0
0
96
286
491
672
798
864
865
799
673
491
288
98
0
0
0
0
0
0
0
0
0
0
0
3
58
163
538
585
911
308
556
289
198
277
135
8
0
0
0
0
0
0
0
0
0
0
0
0
97
284
489
660
790
856
855
793
662
483
280
94
0
0
0
0
0
0
0
0
0
0
0
0
96
285
491
674
802
870
869
800
669
486
280
92
0
0
0
0
0
0
0
0
0
0
0
0
86
251
446
608
741
792
795
743
622
466
267
86
0
0
0
0
0
0
0
0
0
0
0
0
81
250
437
597
722
779
779
708
582
426
249
77
0
0
0
0
0
0
0
0
0
0
0
1
76
222
432
664
718
664
822
724
521
346
246
76
0
0
0
0
0
0
0
0
0
0
0
0
97
258
412
592
842
893
876
822
674
476
271
76
0
0
0
0
0
0
0
0
0
0
0
0
99
302
518
709
852
910
904
841
704
509
291
90
0
0
0
0
0
0
0
0
0
0
0
0
91
280
489
668
793
856
850
786
651
469
262
78
0
0
0
0
0
0
0
0
0
0
0
0
91
294
517
708
830
894
875
803
672
498
279
79
0
0
0
0
0
0
0
0
0
0
0
0
89
277
480
650
774
840
837
772
642
461
253
71
0
0
0
0
0
0
0
0
0
0
0
0
45
171
315
491
636
834
750
602
571
529
267
72
0
0
0
0
0
0
0
0
0
0
0
0
78
254
463
611
513
516
302
411
365
278
219
81
0
0
0
0
0
0
0
0
0
0
0
0
96
303
528
721
856
925
919
842
698
498
271
36
0
0
0
0
0
0
0
0
0
0
0
0
96
290
492
650
797
819
838
788
659
484
272
38
0
0
0
0
0
0
0
0
0
0
0
0
71
178
249
341
474
568
662
879
724
508
245
56
0
0
0
0
0
0
0
0
0
0
0
0
80
279
462
618
563
756
744
675
533
442
284
46
0
0
0
0
0
0
0
0
0
0
0
0
89
270
472
656
732
811
813
786
631
442
235
32
0
0
0
0
0
0
0
0
0
0
0
0
93
298
516
709
847
899
891
820
686
497
261
33
0
0
0
0
0
0
0
0
0
0
0
0
87
280
489
678
823
899
898
826
682
487
250
29
0
0
0
0
0
0
0
0
0
0
0
0
95
287
461
675
760
808
745
674
498
338
169
5
0
0
0
0
0
0
0
0
0
0
0
0
58
192
357
465
518
590
533
464
369
229
94
5
0
0
0
0
0
0
0
0
0
0
0
0
89
272
467
625
756
816
831
804
668
490
252
34
0
0
0
0
0
0
0
0
0
0
0
0
86
282
492
669
786
813
835
779
663
477
252
29
0
0
0
0
0
0
0
0
0
0
0
0
88
283
506
694
828
878
859
787
631
429
221
18
0
0
0
0
0
0
0
0
0
0
0
0
83
274
489
678
808
855
850
772
618
420
214
16
0
0
0
0
0
0
0
0
0
0
0
0
96
293
394
551
627
697
566
607
510
416
237
41
0
0
0
0
0
0
0
0
0
0
0
0
54
192
373
493
567
569
550
522
371
270
137
4
0
0
0
0
0
0
0
0
0
0
0
0
83
283
504
681
803
876
862
777
648
461
228
19
0
0
0
0
0
0
0
0
0
0
0
0
81
271
485
689
801
841
798
732
624
438
211
14
0
0
0
0
0
0
0
0
0
0
0
0
87
287
497
680
805
869
853
766
615
418
205
11
0
0
0
0
0
0
0
0
0
0
0
0
85
289
514
703
821
880
874
783
625
429
207
12
0
0
0
0
0
0
0
0
0
0
0
0
69
236
423
618
751
813
830
764
620
413
194
14
0
0
0
0
0
0
0
0
0
0
0
0
89
290
505
700
827
854
848
761
600
414
200
9
0
0
0
0
0
0
0
0
0
0
0
0
95
319
553
747
879
938
920
827
662
448
213
9
0
0
0
0
0
0
0
0
0
0
0
0
90
310
541
730
860
908
886
789
636
428
204
8
0
0
0
0
0
0
0
0
0
0
0
0
83
282
476
645
764
841
813
733
587
395
185
7
0
0
0
0
0
0
0
0
0
0
0
0
82
287
498
678
800
855
845
759
611
409
181
7
0
0
0
0
0
0
0
0
0
0
0
0
83
293
519
708
841
882
850
749
595
392
175
4
0
0
0
0
0
0
0
0
0
0
0
0
74
263
467
661
781
812
763
712
580
392
190
9
0
0
0
0
0
0
0
0
0
0
0
0
77
270
486
666
785
829
820
745
605
405
186
8
0
0
0
0
0
0
0
0
0
0
0
0
74
281
477
649
718
774
750
691
567
388
192
7
0
0
0
0
0
0
0
0
0
0
0
0
73
246
435
557
657
687
623
631
503
323
152
2
0
0
0
0
0
0
0
0
0
0
0
0
79
288
516
705
832
889
864
780
629
414
186
7
0
0
0
0
0
0
0
0
0
0
0
0
80
293
522
707
833
889
868
774
614
402
174
3
0
0
0
0
0
0
0
0
0
0
0
0
37
282
503
690
820
873
849
739
585
375
161
2
0
0
0
0
0
0
0
0
0
0
0
0
36
267
470
639
752
813
810
731
581
375
163
4
0
0
0
0
0
0
0
0
0
0
0
0
33
237
421
610
718
797
807
742
599
401
172
7
0
0
0
0
0
0
0
0
0
0
0
0
37
279
505
692
821
869
857
763
596
395
165
4
0
0
0
0
0
0
0
0
0
0
0
0
33
226
417
573
709
775
773
669
525
353
149
6
0
0
0
0
0
0
0
0
0
0
0
0
26
208
366
500
576
605
604
540
417
254
104
1
0
0
0
0
0
0
0
0
0
0
0
0
11
92
295
319
404
387
565
606
672
437
183
15
0
0
0
0
0
0
0
0
0
0
0
0
34
280
507
695
820
880
864
770
610
403
169
4
0
0
0
0
0
0
0
0
0
0
0
0
31
275
492
665
787
835
817
728
567
357
148
2
0
0
0
0
0
0
0
0
0
0
0
0
33
281
514
703
834
896
878
785
620
402
167
3
0
0
0
0
0
0
0
0
0
0
0
0
30
240
451
622
748
799
793
694
543
348
132
1
0
0
0
0
0
0
0
0
0
0
0
0
20
277
409
547
563
548
662
719
486
351
130
2
0
0
0
0
0
0
0
0
0
0
0
0
20
200
372
490
555
600
618
562
429
253
100
1
0
0
0
0
0
0
0
0
0
0
0
0
26
252
462
639
758
804
803
710
559
354
142
2
0
0
0
0
0
0
0
0
0
0
0
0
26
245
461
644
757
811
786
693
546
348
136
1
0
0
0
0
0
0
0
0
0
0
0
0
26
264
485
670
795
846
831
737
576
367
145
1
0
0
0
0
0
0
0
0
0
0
0
0
26
271
502
694
827
886
868
772
609
390
155
2
0
0
0
0
0
0
0
0
0
0
0
0
19
208
384
534
639
689
668
600
461
291
109
1
0
0
0
0
0
0
0
0
0
0
0
0
23
247
457
634
758
815
795
712
564
359
140
1
0
0
0
0
0
0
0
0
0
0
0
0
21
229
424
589
696
742
721
639
501
317
121
1
0
0
0
0
0
0
0
0
0
0
0
0
22
247
460
643
762
818
794
709
555
350
132
1
0
0
0
0
0
0
0
0
0
0
0
0
17
219
422
583
713
792
732
645
499
321
129
2
0
0
0
0
0
0
0
0
0
0
0
0
20
242
455
634
756
819
800
711
559
355
136
1
0
0
0
0
0
0
0
0
0
0
0
0
19
234
445
616
722
784
764
675
525
333
127
1
0
0
0
0
0
0
0
0
0
0
0
0
19
244
464
648
774
827
806
715
556
346
129
0
0
0
0
0
0
0
0
0
0
0
0
0
18
244
466
653
776
829
808
713
557
350
131
1
0
0
0
0
0
0
0
0
0
0
0
0
16
224
427
595
709
759
740
655
510
320
119
0
0
0
0
0
0
0
0
0
0
0
0
0
16
234
450
631
754
810
791
699
541
342
128
1
0
0
0
0
0
0
0
0
0
0
0
0
15
212
409
593
704
758
721
632
490
314
119
1
0
0
0
0
0
0
0
0
0
0
0
0
4
101
443
379
269
390
373
516
639
404
150
2
0
0
0
0
0
0
0
0
0
0
0
0
14
216
422
595
718
772
760
675
532
338
126
1
0
0
0
0
0
0
0
0
0
0
0
0
14
222
439
626
754
810
792
701
548
343
126
1
0
0
0
0
0
0
0
0
0
0
0
0
13
224
446
631
756
811
792
704
547
343
126
1
0
0
0
0
0
0
0
0
0
0
0
0
11
201
403
571
678
739
742
655
512
327
122
1
0
0
0
0
0
0
0
0
0
0
0
0
9
163
325
472
554
596
587
527
409
252
91
0
0
0
0
0
0
0
0
0
0
0
0
0
3
125
281
411
489
550
496
512
378
260
91
0
0
0
0
0
0
0
0
0
0
0
0
0
4
46
146
280
324
628
826
414
207
190
80
0
0
0
0
0
0
0
0
0
0
0
0
0
11
178
299
544
551
672
617
554
402
287
110
0
0
0
0
0
0
0
0
0
0
0
0
0
11
228
460
656
788
848
833
741
581
368
136
0
0
0
0
0
0
0
0
0
0
0
0
0
10
221
450
642
773
832
815
725
566
356
130
0
0
0
0
0
0
0
0
0
0
0
0
0
9
219
447
640
775
834
817
726
567
357
131
0
0
0
0
0
0
0
0
0
0
0
0
0
8
189
393
567
688
743
730
649
506
316
114
0
0
0
0
0
0
0
0
0
0
0
0
0
2
17
111
150
336
430
515
364
210
156
106
2
0
0
0
0
0
0
0
0
0
0
0
0
11
155
389
510
604
553
515
453
197
141
83
1
0
0
0
0
0
0
0
0
0
0
0
0
7
191
401
585
708
775
766
682
529
334
122
0
0
0
0
0
0
0
0
0
0
0
0
0
5
159
342
500
610
663
652
581
453
284
103
0
0
0
0
0
0
0
0
0
0
0
0
0
5
158
344
499
606
654
646
572
444
278
102
0
0
0
0
0
0
0
0
0
0
0
0
0
5
159
348
511
627
680
665
589
464
288
103
0
0
0
0
0
0
0
0
0
0
0
0
0
5
159
347
510
622
674
665
591
461
289
105
0
0
0
0
0
0
0
0
0
0
0
0
0
5
172
377
553
670
735
721
645
505
320
120
1
0
0
0
0
0
0
0
0
0
0
0
0
5
176
386
568
698
758
747
666
522
328
120
0
0
0
0
0
0
0
0
0
0
0
0
0
4
167
371
550
674
739
733
656
513
323
119
0
0
0
0
0
0
0
0
0
0
0
0
0
4
164
364
546
679
744
735
650
505
320
118
1
0
0
0
0
0
0
0
0
0
0
0
0
1
25
73
110
187
183
193
179
179
134
57
1
0
0
0
0
0
0
0
0
0
0
0
0
3
147
343
518
648
703
704
623
491
309
119
1
0
0
0
0
0
0
0
0
0
0
0
0
3
144
333
503
630
690
666
599
469
293
106
0
0
0
0
0
0
0
0
0
0
0
0
0
3
142
330
496
615
675
664
590
461
290
107
0
0
0
0
0
0
0
0
0
0
0
0
0
3
146
250
327
442
603
616
550
470
336
139
2
0
0
0
0
0
0
0
0
0
0
0
0
1
107
255
383
478
512
509
462
352
201
76
0
0
0
0
0
0
0
0
0
0
0
0
0
2
128
306
460
574
631
624
551
427
266
99
0
0
0
0
0
0
0
0
0
0
0
0
0
1
102
229
361
451
487
468
431
334
186
75
1
0
0
0
0
0
0
0
0
0
0
0
0
2
151
364
558
695
761
754
672
528
335
127
1
0
0
0
0
0
0
0
0
0
0
0
0
2
139
336
512
639
709
714
627
502
324
130
1
0
0
0
0
0
0
0
0
0
0
0
0
1
110
273
426
528
580
560
491
398
257
96
1
0
0
0
0
0
0
0
0
0
0
0
0
2
146
355
545
677
750
744
669
529
338
130
1
0
0
0
0
0
0
0
0
0
0
0
0
2
139
341
524
656
724
732
664
531
340
134
1
0
0
0
0
0
0
0
0
0
0
0
0
2
140
340
520
646
714
715
647
514
333
131
1
0
0
0
0
0
0
0
0
0
0
0
0
2
141
350
535
666
732
732
659
527
340
135
1
0
0
0
0
0
0
0
0
0
0
0
0
1
141
353
546
685
759
755
679
542
350
138
1
0
0
0
0
0
0
0
0
0
0
0
0
1
126
318
492
617
676
676
621
485
311
125
1
0
0
0
0
0
0
0
0
0
0
0
0
1
120
298
467
591
664
679
613
481
314
134
2
0
0
0
0
0
0
0
0
0
0
0
0
1
118
309
491
626
697
694
633
504
332
141
3
0
0
0
0
0
0
0
0
0
0
0
0
1
118
301
471
621
689
688
609
485
309
123
1
0
0
0
0
0
0
0
0
0
0
0
0
1
108
294
465
599
653
646
580
490
332
142
3
0
0
0
0
0
0
0
0
0
0
0
0
1
118
311
481
609
684
692
633
515
338
143
3
0
0
0
0
0