0
0
0
0
0
0
0
1
93
229
351
445
468
452
376
261
115
3
0
0
0
0
0
0
0
0
0
0
0
0
0
1
96
220
334
422
451
440
354
254
112
2
0
0
0
0
0
0
0
0
0
0
0
0
0
1
122
293
439
528
567
537
454
312
141
3
0
0
0
0
0
0
0
0
0
0
0
0
0
1
113
259
399
494
530
503
429
295
137
3
0
0
0
0
0
0
0
0
0
0
0
0
0
1
74
201
297
374
404
366
324
222
102
3
0
0
0
0
0
0
0
0
0
0
0
0
0
1
120
273
390
432
462
450
375
295
142
6
0
0
0
0
0
0
0
0
0
0
0
0
0
1
76
149
212
370
301
305
284
225
165
7
0
0
0
0
0
0
0
0
0
0
0
0
0
2
71
201
324
416
461
436
333
268
122
2
0
0
0
0
0
0
0
0
0
0
0
0
0
1
94
237
399
452
467
471
383
248
112
2
0
0
0
0
0
0
0
0
0
0
0
0
0
1
102
256
375
425
482
448
425
271
114
2
0
0
0
0
0
0
0
0
0
0
0
0
0
1
94
239
383
472
493
488
397
246
118
6
0
0
0
0
0
0
0
0
0
0
0
0
0
1
101
251
380
462
494
475
387
267
141
4
0
0
0
0
0
0
0
0
0
0
0
0
0
1
120
290
439
546
589
569
491
348
171
9
0
0
0
0
0
0
0
0
0
0
0
0
0
2
124
305
274
171
49
218
308
273
65
2
0
0
0
0
0
0
0
0
0
0
0
0
0
1
53
150
239
282
272
254
226
157
84
2
0
0
0
0
0
0
0
0
0
0
0
0
0
1
113
264
410
509
524
466
417
311
171
13
0
0
0
0
0
0
0
0
0
0
0
0
0
2
115
231
393
519
585
476
392
272
112
3
0
0
0
0
0
0
0
0
0
0
0
0
0
2
105
259
391
446
477
445
355
252
126
3
0
0
0
0
0
0
0
0
0
0
0
0
0
2
103
246
311
438
464
486
402
345
180
3
0
0
0
0
0
0
0
0
0
0
0
0
0
2
114
274
410
498
571
539
462
331
176
11
0
0
0
0
0
0
0
0
0
0
0
0
0
2
99
249
356
443
432
399
353
276
127
3
0
0
0
0
0
0
0
0
0
0
0
0
0
2
132
313
473
581
626
600
509
367
194
13
0
0
0
0
0
0
0
0
0
0
0
0
0
2
140
316
471
578
618
596
512
376
203
14
0
0
0
0
0
0
0
0
0
0
0
0
0
2
137
315
469
570
610
600
520
385
208
16
0
0
0
0
0
0
0
0
0
0
0
0
0
3
120
305
386
490
543
420
405
315
161
11
0
0
0
0
0
0
0
0
0
0
0
0
0
2
130
306
457
566
609
580
490
375
205
18
0
0
0
0
0
0
0
0
0
0
0
0
0
2
120
297
454
538
544
545
469
358
199
18
0
0
0
0
0
0
0
0
0
0
0
0
0
3
129
306
459
570
604
570
483
354
196
21
0
0
0
0
0
0
0
0
0
0
0
0
0
3
141
315
468
567
616
602
509
367
203
21
0
0
0
0
0
0
0
0
0
0
0
0
0
3
147
333
496
607
657
642
550
404
224
24
0
0
0
0
0
0
0
0
0
0
0
0
0
17
155
254
366
437
336
314
131
79
67
5
0
0
0
0
0
0
0
0
0
0
0
0
0
4
141
313
473
567
592
566
495
342
198
19
0
0
0
0
0
0
0
0
0
0
0
0
0
3
119
263
380
460
516
495
432
294
155
5
0
0
0
0
0
0
0
0
0
0
0
0
0
5
148
329
493
598
643
615
532
397
225
28
0
0
0
0
0
0
0
0
0
0
0
0
0
2
76
172
287
353
331
338
290
199
111
5
0
0
0
0
0
0
0
0
0
0
0
0
0
2
19
37
46
60
60
499
437
327
183
22
0
0
0
0
0
0
0
0
0
0
0
0
0
13
131
283
242
334
329
423
389
127
92
6
0
0
0
0
0
0
0
0
0
0
0
0
0
21
170
303
568
586
241
132
134
204
148
6
0
0
0
0
0
0
0
0
0
0
0
0
0
5
142
306
466
569
636
621
531
406
232
70
0
0
0
0
0
0
0
0
0
0
0
0
0
7
161
353
513
611
643
602
523
399
237
71
0
0
0
0
0
0
0
0
0
0
0
0
0
8
177
374
541
656
708
687
603
456
270
85
0
0
0
0
0
0
0
0
0
0
0
0
0
8
163
345
503
597
635
612
528
407
233
77
0
0
0
0
0
0
0
0
0
0
0
0
0
7
140
310
394
491
564
608
548
447
301
98
0
0
0
0
0
0
0
0
0
0
0
0
0
17
207
277
389
571
629
644
178
97
56
8
0
0
0
0
0
0
0
0
0
0
0
0
0
10
197
399
562
678
726
706
622
474
285
94
0
0
0
0
0
0
0
0
0
0
0
0
0
10
188
376
536
645
695
677
587
458
283
96
0
0
0
0
0
0
0
0
0
0
0
0
0
15
196
337
450
515
529
633
537
340
172
49
0
0
0
0
0
0
0
0
0
0
0
0
0
13
191
368
526
634
679
673
599
467
282
100
0
0
0
0
0
0
0
0
0
0
0
0
0
15
187
453
541
533
396
423
485
351
278
94
2
0
0
0
0
0
0
0
0
0
0
0
0
13
166
339
515
596
645
483
515
407
218
59
0
0
0
0
0
0
0
0
0
0
0
0
0
15
200
385
536
643
693
686
607
469
289
105
0
0
0
0
0
0
0
0
0
0
0
0
0
11
151
299
409
500
504
501
454
333
193
72
0
0
0
0
0
0
0
0
0
0
0
0
0
4
72
232
352
353
343
347
463
82
140
73
0
0
0
0
0
0
0
0
0
0
0
0
0
14
183
380
516
550
549
596
497
408
290
127
2
0
0
0
0
0
0
0
0
0
0
0
0
19
189
369
517
614
660
644
567
438
280
101
1
0
0
0
0
0
0
0
0
0
0
0
0
27
199
340
500
616
610
678
538
416
281
126
2
0
0
0
0
0
0
0
0
0
0
0
0
35
231
158
381
555
768
546
447
280
73
140
4
0
0
0
0
0
0
0
0
0
0
0
0
24
230
426
584
691
745
733
650
508
321
125
1
0
0
0
0
0
0
0
0
0
0
0
0
28
238
437
600
718
770
750
667
519
328
131
2
0
0
0
0
0
0
0
0
0
0
0
0
21
185
348
537
619
712
660
574
452
272
111
1
0
0
0
0
0
0
0
0
0
0
0
0
31
239
437
579
696
734
726
644
513
317
122
2
0
0
0
0
0
0
0
0
0
0
0
0
34
259
462
637
749
800
780
700
549
356
148
3
0
0
0
0
0
0
0
0
0
0
0
0
72
255
448
609
730
774
750
658
519
339
139
2
0
0
0
0
0
0
0
0
0
0
0
0
58
196
323
373
483
617
580
527
372
226
85
1
0
0
0
0
0
0
0
0
0
0
0
0
27
102
200
417
470
709
612
289
45
188
135
7
0
0
0
0
0
0
0
0
0
0
0
0
52
179
292
394
462
523
473
389
336
199
78
1
0
0
0
0
0
0
0
0
0
0
0
0
93
300
507
681
793
833
804
713
559
364
154
2
0
0
0
0
0
0
0
0
0
0
0
0
96
303
514
682
799
844
824
739
588
389
170
4
0
0
0
0
0
0
0
0
0
0
0
0
97
299
503
677
785
829
813
733
584
388
172
5
0
0
0
0
0
0
0
0
0
0
0
0
75
148
379
639
642
351
524
372
339
382
191
18
0
0
0
0
0
0
0
0
0
0
0
0
89
276
468
601
683
724
734
616
488
313
134
4
0
0
0
0
0
0
0
0
0
0
0
0
104
289
467
589
690
728
699
636
507
349
156
3
0
0
0
0
0
0
0
0
0
0
0
0
87
256
437
570
654
690
685
609
472
333
159
6
0
0
0
0
0
0
0
0
0
0
0
1
114
324
528
693
804
846
818
728
577
376
167
4
0
0
0
0
0
0
0
0
0
0
0
0
95
266
423
588
710
721
694
626
487
322
145
4
0
0
0
0
0
0
0
0
0
0
0
1
42
152
173
139
69
270
293
375
328
168
91
7
0
0
0
0
0
0
0
0
0
0
0
1
137
353
301
443
128
293
111
291
550
450
208
6
0
0
0
0
0
0
0
0
0
0
0
1
135
386
561
547
533
417
373
191
69
34
16
2
0
0
0
0
0
0
0
0
0
0
0
1
96
246
424
541
631
659
652
569
459
307
140
5
0
0
0
0
0
0
0
0
0
0
0
1
101
267
425
611
644
739
780
684
555
377
170
8
0
0
0
0
0
0
0
0
0
0
0
2
137
337
526
690
796
841
818
742
592
397
189
10
0
0
0
0
0
0
0
0
0
0
0
3
149
362
569
733
841
888
865
780
626
427
209
13
0
0
0
0
0
0
0
0
0
0
0
3
151
362
569
730
840
881
853
765
611
415
196
10
0
0
0
0
0
0
0
0
0
0
0
3
156
367
565
718
822
860
832
744
591
404
195
10
0
0
0
0
0
0
0
0
0
0
0
3
145
346
544
701
815
865
828
732
603
403
196
13
0
0
0
0
0
0
0
0
0
0
0
4
160
371
567
721
819
855
833
747
604
403
195
11
0
0
0
0
0
0
0
0
0
0
0
7
162
346
511
665
768
782
787
697
533
359
181
7
0
0
0
0
0
0
0
0
0
0
0
5
160
341
509
671
794
833
798
695
555
380
197
14
0
0
0
0
0
0
0
0
0
0
0
6
174
385
585
742
844
885
859
769
623
419
208
14
0
0
0
0
0
0
0
0
0
0
0
7
135
212
299
585
631
454
516
555
516
410
235
46
0
0
0
0
0
0
0
0
0
0
0
9
196
422
632
793
901
940
910
808
647
443
222
15
0
0
0
0
0
0
0
0
0
0
0
9
195
412
615
776
875
908
872
778
627
435
221
16
0
0
0
0
0
0
0
0
0
0
0
11
198
416
620
777
876
919
895
797
650
451
233
20
0
0
0
0
0
0
0
0
0
0
0
12
210
430
631
789
889
921
892
794
637
442
228
17
0
0
0
0
0
0
0
0
0
0
0
13
214
443
673
884
606
595
554
493
390
273
141
14
0
0
0
0
0
0
0
0
0
0
0
14
211
430
634
800
897
934
903
804
648
447
228
19
0
0
0
0
0
0
0
0
0
0
0
15
212
425
622
776
880
914
885
795
644
446
232
21
0
0
0
0
0
0
0
0
0
0
0
15
194
383
586
728
832
847
826
714
572
391
194
16
0
0
0
0
0
0
0
0
0
0
0
7
130
305
441
524
623
644
623
462
398
264
137
5
0
0
0
0
0
0
0
0
0
0
0
12
150
318
499
585
655
730
762
709
567
381
210
36
0
0
0
0
0
0
0
0
0
0
0
20
227
441
625
774
874
905
861
767
619
435
229
21
0
0
0
0
0
0
0
0
0
0
0
21
223
428
620
768
857
886
866
770
620
429
228
26
0
0
0
0
0
0
0
0
0
0
0
25
243
462
659
809
910
944
917
822
671
475
256
30
0
0
0
0
0
0
0
0
0
0
0
32
270
523
711
923
556
510
501
447
343
248
143
8
0
0
0
0
0
0
0
0
0
0
0
21
215
415
560
690
765
808
773
690
593
440
243
31
0
0
0
0
0
0
0
0
0
0
0
22
217
403
574
717
772
810
729
674
593
404
233
36
0
0
0
0
0
0
0
0
0
0
0
33
261
484
684
841
942
975
941
847
692
490
266
36
0
0
0
0
0
0
0
0
0
0
0
32
238
440
622
767
860
908
861
773
639
455
242
33
0
0
0
0
0
0
0
0
0
0
0
67
243
441
627
773
849
891
867
755
625
447
243
31
0
0
0
0
0
0
0
0
0
0
0
75
269
489
683
835
936
964
938
840
686
489
270
38
0
0
0
0
0
0
0
0
0
0
0
78
271
493
694
847
941
979
945
846
690
486
267
74
0
0
0
0
0
0
0
0
0
0
0
72
244
450
626
767
836
872
836
736
592
415
220
63
0
0
0
0
0
0
0
0
0
0
0
83
275
481
722
930
524
523
499
458
349
299
153
44
0
0
0
0
0
0
0
0
0
0
0
90
311
552
748
889
430
447
462
419
328
227
101
35
0
0
0
0
0
0
0
0
0
0
0
53
259
293
628
457
832
546
594
328
400
255
114
7
0
0
0
0
0
0
0
0
0
0
0
65
167
308
405
486
717
631
592
630
541
317
222
90
0
0
0
0
0
0
0
0
0
0
0
62
123
309
374
519
581
434
411
235
121
37
26
6
0
0
0
0
0
0
0
0
0
0
0
76
237
428
616
768
845
872
860
763
631
451
244
69
0
0
0
0
0
0
0
0
0
0
0
86
262
467
625
768
862
874
850
748
622
445
245
71
0
0
0
0
0
0
0
0
0
0
0
99
290
498
681
825
916
948
922
828
678
489
276
86
0
0
0
0
0
0
0
0
0
0
0
88
259
463
607
750
848
883
852
749
634
441
252
78
0
0
0
0
0
0
0
0
0
0
1
110
263
446
547
628
734
836
773
721
670
462
250
88
0
0
0
0
0
0
0
0
0
0
0
89
251
437
589
722
830
867
846
744
610
441
252
81
0
0
0
0
0
0
0
0
0
0
1
106
297
493
665
804
876
908
877
798
654
479
276
90
0
0
0
0
0
0
0
0
0
0
1
115
317
533
725
871
962
991
955
859
706
510
293
96
0
0
0
0
0
0
0
0
0
0
1
112
305
510
692
831
915
944
909
816
672
487
282
93
0
0
0
0
0
0
0
0
0
0
1
114
309
516
698
839
925
951
916
821
674
487
281
94
0
0
0
0
0
0
0
0
0
0
1
111
303
491
658
771
829
886
852
774
624
460
275
90
1
0
0
0
0
0
0
0
0
0
1
100
260
425
566
679
755
787
774
693
571
414
237
82
0
0
0
0
0
0
0
0
0
0
1
65
174
315
433
508
563
646
610
509
417
324
195
65
1
0
0
0
0
0
0
0
0
0
2
127
329
540
731
876
965
993
962
869
718
528
310
110
1
0
0
0
0
0
0
0
0
0
2
121
313
513
690
821
906
928
890
795
653
473
278
97
0
0
0
0
0
0
0
0
0
0
2
101
256
419
568
672
753
768
753
668
550
403
233
81
0
0
0
0
0
0
0
0
0
0
3
114
291
476
663
691
753
842
817
697
615
422
256
103
2
0
0
0
0
0
0
0
0
0
2
115
289
466
628
750
838
853
824
737
609
437
264
94
1
0
0
0
0
0
0
0
0
0
3
132
333
542
724
860
952
960
915
827
681
501
293
105
1
0
0
0
0
0
0
0
0
0
3
128
323
520
692
819
908
936
890
797
664
483
292
109
1
0
0
0
0
0
0
0
0
0
3
120
295
470
632
750
822
839
804
721
595
438
257
95
1
0
0
0
0
0
0
0
0
0
3
98
201
315
459
551
611
577
572
514
424
324
167
66
1
0
0
0
0
0
0
0
0
0
4
143
342
544
722
854
940
966
927
841
703
526
322
125
2
0
0
0
0
0
0
0
0
0
4
134
326
521
696
822
902
913
891
795
661
480
292
106
1
0
0
0
0
0
0
0
0
0
4
142
340
542
729
870
963
990
951
853
706
523
318
123
2
0
0
0
0
0
0
0
0
0
5
147
347
554
731
864
944
961
925
826
684
501
301
114
1
0
0
0
0
0
0
0
0
0
5
132
288
477
691
718
784
849
828
714
541
421
272
112
3
0
0
0
0
0
0
0
0
0
6
164
359
581
770
969
383
386
424
457
374
298
142
59
1
0
0
0
0
0
0
0
0
0
5
149
343
529
704
827
913
942
892
799
672
503
311
124
1
0
0
0
0
0
0
0
0
0
4
117
265
395
532
633
704
713
687
623
529
365
209
83
1
0
0
0
0
0
0
0
0
0
2
13
30
180
597
470
545
285
748
874
814
591
292
134
1
0
0
0
0
0
0
0
0
0
5
143
339
534
708
831
910
924
903
827
687
512
313
126
3
0
0
0
0
0
0
0
0
0
6
142
336
526
709
842
928
960
926
836
704
530
328
137
4
0
0
0
0
0
0
0
0
0
6
145
336
521
695
825
889
919
912
815
669
508
317
135
4
0
0
0
0
0
0
0
0
0
5
166
373
609
808
963
382
405
457
292
204
150
59
11
1
0
0
0
0
0
0
0
0
0
6
151
346
550
727
868
952
977
951
862
719
536
331
136
4
0
0
0
0
0
0
0
0
0
5
131
293
479
630
793
823
865
810
785
639
489
313
130
4
0
0
0
0
0
0
0
0
0
6
152
347
549
725
859
954
975
941
853
720
542
339
141
5
0
0
0
0
0
0
0
0
0
7
139
323
506
676
805
863
861
845
756
631
481
313
131
5
0
0
0
0
0
0
0
0
0
6
140
323
507
673
799
883
916
877
790
674
512
324
134
5
0
0
0
0
0
0
0
0
0
7
146
329
522
686
815
888
923
903
811
684
509
321
136
5
0
0
0
0
0
0
0
0
0
5
137
304
462
628
717
801
821
801
760
661
489
315
131
5
0
0
0
0
0
0
0
0
0
5
103
228
303
455
545
639
647
605
573
432
321
202
78
2
0
0
0
0
0
0
0
0
0
7
159
360
563
740
880
973
994
967
876
730
545
341
146
4
0
0
0
0
0
0
0
0
0
6
134
316
513
683
826
888
906
871
802
664
496
315
139
4
0
0
0
0
0
0
0
0
0
7
136
305
452
604
721
735
778
732
733
690
494
344
141
10
0
0
0
0
0
0
0
0
0
7
145
328
518
687
821
898
918
899
811
680
515
323
140
5
0
0
0
0
0
0
0
0
0
6
145
330
517
689
825
904
931
904
818
686
520
330
142
5
0
0
0
0
0
0
0
0
0
7
151
341
541
713
853
943
974
949
883
748
568
364
163
9
0
0
0
0
0
0
0
0
0
7
153
346
540
710
846
930
963
933
838
701
537
339
149
6
0
0
0
0
0
0
0
0
0
7
158
360
562
743
887
974
997
963
877
738
553
350
153
6
0
0
0
0
0
0
0
0
0
6
133
299
465
613
750
830
880
881
811
696
523
332
149
8
0
0
0
0
0
0
0
0
0
2
111
315
505
759
949
920
671
536
406
325
276
179
81
2
0
0
0
0
0
0
0
0
0
5
135
311
491
650
769
862
908
858
776
654
522
327
142
6
0
0
0
0
0
0
0
0
0
6
148
336
538
713
859
947
975
936
848
716
541
338
151
6
0
0
0
0
0
0
0
0
0
6
144
328
522
698
837
896
916
892
790
657
502
314
140
6
0
0
0
0
0
0
0
0
0
5
115
243
433
639
735
835
786
789
767
607
508
340
153
12
0
0
0
0
0
0
0
0
0
6
127
296
487
644
784
851
870
881
834
679
507
321
149
10
0
0
0
0
0
0
0
0
0
6
137
321
506
666
803
896
929
892
812
691
523
327
148
7
0
0
0
0
0
0
0
0
0
4
134
309
506
658
782
870
895
885
777
677
507
304
138
6
0
0
0
0
0
0
0
0
0
6
134
311
487
665
803
859
924
871
775
653
495
315
143
8
0
0
0
0
0
0
0
0
0
5
138
323
519
692
820
888
882
890
795
683
519
334
150
8
0
0
0
0
0
0
0
0
0
5
129
300
486
640
759
858
912
887
806
684
515
329
148
6
0
0
0
0
0
0
0
0
0
5
132
303
476
642
756
856
884
850
776
654
484
304
133
7
0
0
0
0
0
0
0
0
0
4
134
310
506
663
790
860
900
866
791
663
512
328
144
7
0
0
0
0
0
0
0
0
0
4
128
312
491
664
810
883
917
887
828
682
530
337
147
6
0
0
0
0
0
0
0
0
0
5
133
324
523
693
809
903
926
894
798
657
492
293
127
3
0
0
0
0
0
0
0
0
0
4
129
302
488
667
795
888
895
879
793
667
509
323
139
6
0
0
0
0
0
0
0
0
0
4
115
289
471
625
741
864
887
869
822
668
468
298
133
5
0
0
0
0
0
0
0
0
0
6
107
272
421
561
700
726
797
755
726
540
422
298
150
12
0
0
0
0
0
0
0
0
0
4
142
341
547
734
883
971
1009
985
907
768
589
381
174
10
0
0
0
0
0
0
0
0
0
4
146
352
563
752
902
998
1031
1005
919
783
595
383
173
9
0
0
0
0
0
0
0
0
0
3
131
322
527
713
858
947
980
955
870
734
554
351
155
7
0
0
0
0
0
0
0
0
0
3
128
309
500
660
779
881
910
906
818
695
538
346
162
10
0
0
0
0
0
0
0
0
0
3
120
289
466
642
782
869
920
895
820
679
503
322
149
7
0
0
0
0
0
0
0
0
0
3
120
296
501
680
820
913
929
881
812
676
511
312
134
5
0
0
0
0
0
0
0
0
0
2
116
294
486
658
810
875
917
921
838
713
546
354
158
9
0
0
0
0
0
0
0
0
0
3
99
251
417
604
640
777
728
699
686
632
445
245
132
6
0
0
0
0
0
0
0
0
0
2
103
276
455
624
779
854
845
790
734
680
508
318
142
7
0
0
0
0
0
0
0
0
0
2
117
296
493
680
825
918
951
929
852
713
536
340
149
6
0
0
0
0
0
0
0
0
0
2
110
276
466
639
796
871
919
908
825
686
509
317
140
6
0
0
0
0
0
0
0
0
0
2
108
273
462
629
783
877
906
877
791
688
514
325
142
7
0
0
0
0
0
0
0
0
0
1
99
256
454
641
786
860
890
844
769
649
504
314
130
6
0
0
0
0
0
0
0
0
0
1
96
254
423
566
678
786
816
755
707
585
441
279
111
2
0
0
0
0
0
0
0
0
0
2
115
305
503
681
804
903
926
896
818
691
522
324
135
4
0
0
0
0
0
0
0
0
0
1
112
299
501
671
809
886
928
906
828
707
540
339
147
5
0
0
0
0
0
0
0
0
0
1
113
301
510
696
845
947
983
961
879
747
569
360
156
6
0
0
0
0
0
0
0
0
0
1
101
277
473
650
794
890
918
903
837
707
536
341
148
6
0
0
0
0
0
0
0
0
0
3
69
136
160
217
343
450
594
947
914
702
455
360
137
6
0
0
0
0
0
0
0
0
0
1
102
280
473
647
782
875
912
896
822
688
511
310
132
4
0
0
0
0
0
0
0
0
0
1
94
257
441
628
771
846
884
883
791
670
499
296
121
4
0
0
0
0
0
0
0
0
0
1
94
244
409
562
720
810
836
816
757
618
439
275
110
1
0
0
0
0
0
0
0
0
0
1
90
254
447
637
745
865
872
838
765
648
470
292
119
3
0
0
0
0
0
0
0
0
0
0
99
280
467
649
793
519
572
580
536
459
345
219
83
3
0
0
0
0
0
0
0
0
0
1
97
279
484
669
814
900
937
912
835
705
514
310
124
2
0
0
0
0
0
0
0
0
0
0
77
227
391
550
674
761
786
770
721
611
457
284
119
3
0
0
0
0
0
0
0
0
0
0
96
285
496
687
839
927
955
926
837
685
503
303
115
1
0
0
0
0
0
0
0
0
0
0
69
207
370
527
627
707
746
727
644
548
403
249
99
2
0
0
0
0
0
0
0
0
0
0
93
277
487
674
823
909
944
924
832
698
515
308
118
2
0
0
0
0
0
0
0
0
0
0
89
269
469
661
805
895
921
906
817
680
497
299
112
1
0
0
0
0
0
0
0
0
0
0
90
273
486
675
816
910
953
930
854
712
527
318
121
2
0
0
0
0
0
0
0
0
0
0
81
252
446
621
755
849
881
861
769
646
473
278
103
1
0
0
0
0
0
0
0
0
0
0
87
271
481
670
820
911
936
907
817
678
498
297
109
1
0
0
0
0
0
0
0
0
0
0
73
237
432
607
736
841
872
863
745
611
455
267
97
1
0
0
0
0
0
0
0
0
0
0
64
202
393
559
705
789
847
836
744
634
459
292
111
2
0
0
0
0
0
0
0
0
0
0
78
256
463
649
793
888
921
891
807
663
477
280
99
0
0
0
0
0
0
0
0
0
0
0
72
238
436
608
752
854
886
857
787
654
486
288
105
1
0
0
0
0
0
0
0
0
0
0
73
240
434
610
748
837
867
839
756
620
450
261
90
0
0
0
0
0
0
0
0
0
0
0
70
237
433
619
751
832
870
850
783
634
457
261
91
0
0
0
0
0
0
0
0
0
0
0
75
252
454
635
785
881
919
890
803
668
485
281
98
1
0
0
0
0
0
0
0
0
0
0
72
249
453
639
786
878
911
885
796
656
475
273
91
0
0
0
0
0
0
0
0
0
0
0
67
234
427
603
741
830
864
837
755
623
451
257
85
0
0
0
0
0
0
0
0
0
0
0
62
216
396
543
683
768
817
807
758
623
473
291
100
1
0
0
0
0
0
0
0
0
0
0
68
241
447
619
770
865
882
843
751
623
451
252
78
0
0
0
0
0
0
0
0
0
0
0
61
220
417
608
742
844
873
833
751
623
462
262
82
0
0
0
0
0
0
0
0
0
0
0
64
239
445
630
782
877
917
889
798
659
474
270
84
0
0
0
0
0
0
0
0
0
0
0
60
223
422
596
728
798
838
827
748
591
419
238
69
0
0
0
0
0
0
0
0
0
0
0
31
238
447
639
790
879
906
882
808
649
464
252
74
0
0
0
0
0
0
0
0
0
0
0
5
142
296
449
534
562
578
475
493
484
316
201
65
0
0
0
0
0
0
0
0
0
0
0
17
135
224
369
448
525
499
400
317
194
125
48
6
0
0
0
0
0
0
0
0
0
0
0
18
185
373
539
654
766
851
835
751
599
423
224
60
0
0
0
0
0
0
0
0
0
0
0
28
240
451
640
791
878
907
870
783
632
443
237
29
0
0
0
0
0
0
0
0
0
0
0
19
199
380
570
694
812
818
796
738
607
435
235
33
0
0
0
0
0
0
0
0
0
0
0
26
231
445
631
785
881
918
887
797
643
450
239
28
0
0
0
0
0
0
0
0
0
0
0
25
230
443
642
803
902
934
896
808
656
457
242
29
0
0
0
0
0
0
0
0
0
0
0
23
213
413
580
712
793
863
854
771
620
438
218
25
0
0
0
0
0
0
0
0
0
0
0
25
237
452
646
799
892
917
888
794
643
447
232
22
0
0
0
0
0
0
0
0
0
0
0
21
216
414
598
738
834
878
856
771
628
441
232
25
0
0
0
0
0
0
0
0
0
0
0
30
174
391
514
403
756
429
446
363
376
294
103
4
0
0
0
0
0
0
0
0
0
0
0
20
204
390
583
709
761
809
776
702
583
413
220
21
0
0
0
0
0
0
0
0
0
0
0
17
193
393
585
706
787
837
792
695
567
391
185
11
0
0
0
0
0
0
0
0
0
0
0
19
222
439
633
775
872
905
870
771
615
419
208
15
0
0
0
0
0
0
0
0
0
0
0
16
202
402
579
716
798
854
797
705
559
372
190
13
0
0
0
0
0
0
0
0
0
0
0
9
127
282
429
570
703
724
693
722
554
380
152
3
0
0
0
0
0
0
0
0
0
0
0
9
160
397
498
558
661
681
726
744
596
401
180
17
0
0
0
0
0
0
0
0
0
0
0
16
197
390
575
712
806
834
813
725
578
392
190
12
0
0
0
0
0
0
0
0
0
0
0
14
196
397
573
709
785
830
792
700
562
381
181
12
0
0
0
0
0
0
0
0
0
0
0
15
208
411
593
741
821
850
822
726
575
389
181
7
0
0
0
0
0
0
0
0
0
0
0
12
188
389
564
705
807
846
804
698
557
369
177
8
0
0
0
0
0
0
0
0
0
0
0
14
201
402
588
733
824
861
834
739
589
392
183
9
0
0
0
0
0
0
0
0
0
0
0
14
210
424
622
769
864
887
845
743
580
378
168
4
0
0
0
0
0
0
0
0
0
0
0
11
182
367
557
697
790
796
776
652
511
339
155
6
0
0
0
0
0
0
0
0
0
0
0
9
156
328
461
588
642
675
639
536
420
255
109
2
0
0
0
0
0
0
0
0
0
0
0
12
197
408
602
754
847
879
844
740
583
378
165
5
0
0
0
0
0
0
0
0
0
0
0
9
138
256
390
480
548
575
545
486
380
235
91
1
0
0
0
0
0
0
0
0
0
0
0
9
98
213
329
346
474
455
589
489
413
330
166
10
0
0
0
0
0
0
0
0
0
0
0
9
183
372
543
687
762
757
756
633
504
317
130
2
0
0
0
0
0
0
0
0
0
0
0
7
102
238
325
395
466
468
429
396
268
137
46
1
0
0
0
0
0
0
0
0
0
0
0
9
177
364
533
656
735
742
711
610
466
291
116
1
0
0
0
0
0
0
0
0
0
0
0
9
182
384
571
710
793
816
776
677
526
328
131
2
0
0
0
0
0
0
0
0
0
0
0
8
168
366
522
676
725
748
721
625
490
309
112
2
0
0
0
0
0
0
0
0
0
0
0
7
161
343
507
632
706
718
677
593
456
278
103
1
0
0
0
0
0
0
0
0
0
0
0
7
164
367
554
690
768
782
739
640
485
300
110
1
0
0
0
0
0
0
0
0
0
0
0
7
179
390
585
734
819
840
793
682
517
313
112
0
0
0
0
0
0
0
0
0
0
0
0
6
146
330
495
644
733
767
711
598
458
293
105
1
0
0
0
0
0
0
0
0
0
0
0
6
162
354
524
656
735
734
697
613
467
280
101
0
0
0
0
0
0
0
0
0
0
0
0
6
144
345
531
661
697
730
693
587
405
246
79
0
0
0
0
0
0
0
0
0
0
0
0
5
151
338
516
643
714
720
685
618
449
257
82
0
0
0
0
0
0
0
0
0
0
0
0
2
117
281
473
609
688
704
681
559
423
237
69
0
0
0
0
0
0
0
0
0
0
0
0
7
14
31
51
301
263
620
802
728
429
220
35
0
0
0
0
0
0
0
0
0
0
0
0
4
151
341
527
676
765
784
725
609
455
264
82
0
0
0
0
0
0
0
0
0
0
0
0
4
157
357
543
687
775
799
745
638
476
279
88
0
0
0
0
0
0
0
0
0
0
0
0
3
143
348
524
544
641
653
592
451
358
195
74
0
0
0
0
0
0
0
0
0
0
0
0
4
144
333
509
646
737
763
712
609
456
268
80
0
0
0
0
0
0
0
0
0
0
0
0
3
151
352
539
676
754
768
717
602
441
249
70
0
0
0
0
0
0
0
0
0
0
0
0
3
137
327
510
647
727
748
706
604
441
253
36
0
0
0
0
0
0
0
0
0
0
0
0
1
93
180
385
588
613
552
563
545
422
213
37
0
0
0
0
0
0
0
0
0
0
0
0
3
137
311
472
521
518
591
573
420
306
158
5
0
0
0
0
0
0
0
0
0
0
0
0
1
93
289
441
547
551
567
500
401
379
200
23
0
0
0
0
0
0
0
0
0
0
0
0
1
104
237
380
481
623
701
609
496
318
179
23
0
0
0
0
0
0
0
0
0
0
0
0
2
136
341
529
677
767
784
738
624
452
248
28
0
0
0
0
0
0
0
0
0
0
0
0
1
106
280
431
565
607
659
641
552
368
206
25
0
0
0
0
0
0
0
0
0
0
0
0
1
77
189
299
343
424
382
346
280
207
94
4
0
0
0
0
0
0
0
0
0
0
0
0
1
62
172
266
337
402
376
380
299
221
104
4
0
0
0
0
0
0
0
0
0
0
0
0
1
93
236
351
465
489
498
467
410
304
162
13
0
0
0
0
0
0
0
0
0
0
0
0
1
100
271
433
576
670
709
651
521
367
186
10
0
0
0
0
0
0
0
0
0
0
0
0
1
115
304
484
616
695
704
662
544
380
194
13
0
0
0
0
0
0
0
0
0
0
0
0
0
72
196
329
430
467
479
413
371
244
129
11
0
0
0
0
0
0
0
0
0
0
0
0
1
66
160
243
340
386
351
358
269
185
90
3
0
0
0
0
0
0
0
0
0
0
0
0
1
108
291
475
607
688
700
640
530
372
187
12
0
0
0
0
0
0
0
0
0
0
0
0
1
108
294
473
605
686
694
635
527
371
183
10
0
0
0
0
0
0
0
0
0
0
0
0
0
98
270
436
569
652
673
611
505
357
176
8
0
0
0
0
0
0
0
0
0
0
0
0
0
104
294
474
614
697
713
664
547
384
189
10
0
0
0
0
0
0
0
0
0
0
0
0
0
100
275
461
603
679
680
627
507
334
159
6
0
0
0
0
0
0
0
0
0
0
0
0
0
95
269
447
571
644
668
626
505
345
168
7
0
0
0
0
0
0
0
0
0
0
0
0
0
53
105
197
313
381
386
308
297
314
171
11
0
0
0
0
0
0
0
0
0
0
0
0
0
79
231
391
541
617
606
570
448
320
157
7
0
0
0
0
0
0
0
0
0
0
0
0
0
88
256
435
559
629
631
596
485
313
142
5
0
0
0
0
0
0
0
0
0
0
0
0
0
72
212
373
513
599
624
602
482
339
168
8
0
0
0
0
0
0
0
0
0
0
0
0
0
83
248
415
554
610
546
486
368
253
128
3
0
0
0
0
0
0
0
0
0
0
0
0
0
61
180
319
421
476
488
401
319
220
94
2
0
0
0
0
0
0
0
0
0
0
0
0
0
66
203
337
459
517
532
479
386
253
111
1
0
0
0
0
0
0
0
0
0
0
0
0
0
54
171
305
416
463
462
423
344
229
113
1
0
0
0
0
0
0
0
0
0
0
0
0
0
76
251
428
565
637
647
596
486
325
144
3
0
0
0
0
0
0
0
0
0
0
0
0
0
40
143
235
310
409
429
412
334
190
80
1
0
0
0
0
0
0
0
0
0
0
0
0
0
70
239
413
549
621
633
575
455
299
131
2
0
0
0
0
0
0
0
0
0
0
0
0
0
32
227
398
525
609
623
573
463
316
138
3
0
0
0
0
0
0
0
0
0
0
0
0
0
46
172
100
116
291
199
180
255
346
152
13
0
0
0
0
0
0
0
0
0
0
0
0
0
25
171
295
389
447
465
439
351
227
100
1
0
0
0
0
0
0
0
0
0
0
0
0
0
19
138
233
281
324
323
400
426
325
154
8
0
0
0
0
0
0
0
0
0
0
0
0
0
24
206
378
505
590
607
545
441
295
129
2
0
0
0
0
0
0
0
0
0
0
0
0
0
31
215
334
455
538
566
520
407
273
123
2
0
0
0
0
0
0
0
0
0
0
0
0
0
26
236
420
559
642
655
598
479
317
131
1
0
0
0
0
0
0
0
0
0
0
0
0
0
21
166
293
430
486
497
476
364
232
89
1
0
0
0
0
0
0
0
0
0
0
0
0
0
12
134
225
304
384
400
352
272
177
68
1
0
0
0
0
0
0
0
0
0
0
0
0
0
4
59
226
170
178
279
321
212
91
49
4
0
0
0
0
0
0
0
0
0
0
0
0
0
17
178
325
450
516
529
477
353
236
99
1
0
0
0
0
0
0
0
0
0
0
0
0
0
17
193
360
493
575
585
538
442
292
118
2
0
0
0
0
0
0
0
0
0
0
0
0
0
15
174
326
455
522
536
491
391
252
100
1
0
0
0
0
0
0
0
0
0
0
0
0
0
15
188
353
487
569
592
550
446
299
119
1
0
0
0
0
0
0
0
0
0
0
0
0
0
13
187
343
474
547
563
513
414
267
107
1
0
0
0
0
0
0
0
0
0
0
0
0
0
16
213
398
544
629
649
602
490
326
135
1
0
0
0
0
0
0
0
0
0
0
0
0
0
13
188
357
493
569
590
546
445
294
122
1
0
0
0
0
0
0
0
0
0
0
0
0
0
11
174
329
455
526
545
506
413
271
106
1
0
0
0
0
0
0
0
0
0
0
0
0
0
10
168
323
458
538
556
534
435
288
116
2
0
0
0
0
0
0
0
0
0
0
0
0
0
10
175
348
486
573
587
538
433
283
113
1
0
0
0
0
0
0
0
0
0
0
0
0
0
9
168
323
454
519
539
496
397
254
104
1
0
0
0
0
0
0
0
0
0
0
0
0
0
10
179
354
496
574
594
551
451
298
120
1
0
0
0
0
0
0
0
0
0
0
0
0
0
9
157
311
435
535
550
530
429
281
111
1
0
0
0
0
0
0
0
0
0
0
0
0
0
8
164
328
458
536
570
530
435
289
117
1
0
0
0
0
0
0
0
0
0
0
0
0
0
6
148
296
422
494
509
475
383
246
96
0
0
0
0
0
0
0
0
0
0
0
0
0
0
2
104
192
247
358
400
273
248
168
61
1
0
0
0
0
0
0
0
0
0
0
0
0
0
2
73
159
238
267
270
274
222
143
59
1
0
0
0
0
0
0
0
0
0
0
0
0
0
4
122
248
356
409
437
406
331
208
80
0
0
0
0
0
0
0
0
0
0
0
0
0
0
2
45
94
147
150
116
149
103
61
29
0
0
0
0
0
0
0
0
0
0
0
0
0
0
4
95
203
261
319
385
448
301
302
124
2
0
0
0
0
0
0
0
0
0
0
0
0
0
12
70
129
43
140
463
382
326
121
116
7
0
0
0
0
0
0
0
0
0
0
0
0
0
4
137
300
438
519
552
508
402
260
104
1
0
0
0
0
0
0
0
0
0
0
0
0
0
5
144
308
443
527
545
504
403
262
103
1
0
0
0
0
0
0
0
0
0
0
0
0
0
3
126
274
393
485
522
468
367
242
91
1
0
0
0
0
0
0
0
0
0
0
0
0
0
4
140
309
436
505
537
502
409
267
109
1
0
0
0
0
0
0
0
0
0
0
0
0
0
1
108
278
349
430
422
351
298
214
87
2
0
0
0
0
0
0
0
0
0
0
0
0
0
2
91
204
295
359
354
345
287
180
66
1
0
0
0
0
0
0
0
0
0
0
0
0
0
3
135
302
439
528
559
521
425
274
110
1
0
0
0
0
0
0
0
0
0
0
0
0
0
3
131
294
431
530
552
517
422
279
117
2
0
0
0
0
0
0
0
0
0
0
0
0
0
3
137
309
450
543
570
529
433
285
117
1
0
0
0
0
0
0
0
0
0
0
0
0
0
3
129
297
425
502
539
496
406
264
110
1
0
0
0
0
0
0
0
0
0
0
0
0
0
3
129
293
426
512
536
499
404
263
107
1
0
0
0
0
0
0
0
0
0
0
0
0
0
2
85
279
494
326
354
224
227
84
24
1
0
0
0
0
0
0
0
0
0
0
0
0
0
2
113
254
366
437
467
434
352
228
97
1
0
0
0
0
0
0
0
0
0
0
0
0
0
2
125
285
413
501
512
490
405
280
117
2
0
0
0
0
0
0
0
0
0
0
0
0
0
3
111
244
349
445
504
481
408
246
112
3
0
0
0
0
0
0
0
0
0
0
0
0
0
2
120
290
433
523
564
525
435
290
122
2
0
0
0
0
0
0
0
0
0
0
0
0
0
1
52
127
216
253
281
263
227
157
73
2
0
0
0
0
0
0
0
0
0
0
0
0
0
1
89
226
340
407
405
387
311
187
89
1
0
0
0
0
0
0
0
0
0
0
0
0
0
1
108
259
388
488
523
499
395
274
129
4
0
0
0
0
0
0
0
0
0
0
0
0
0
2
118
286
427
516
549
511
426
289
129
2
0
0
0
0
0
0
0
0
0
0
0
0
0
1
82
189
298
354
357
348
276
194
92
2
0
0
0
0
0
0