0
0
0
0
0
0
0
10
167
327
442
498
503
454
352
212
68
0
0
0
0
0
0
0
0
0
0
0
0
0
0
10
179
338
464
538
552
507
395
243
78
0
0
0
0
0
0
0
0
0
0
0
0
0
0
10
182
351
489
568
580
531
422
262
87
0
0
0
0
0
0
0
0
0
0
0
0
0
0
10
165
325
440
504
490
448
356
211
67
0
0
0
0
0
0
0
0
0
0
0
0
0
0
11
82
102
152
336
282
317
245
149
6
0
0
0
0
0
0
0
0
0
0
0
0
0
0
2
84
209
324
333
371
335
312
244
95
0
0
0
0
0
0
0
0
0
0
0
0
0
0
6
154
221
307
334
456
396
342
252
103
1
0
0
0
0
0
0
0
0
0
0
0
0
0
9
160
316
433
516
518
474
368
219
77
0
0
0
0
0
0
0
0
0
0
0
0
0
0
7
112
254
369
455
523
494
327
202
63
0
0
0
0
0
0
0
0
0
0
0
0
0
0
9
69
61
94
337
382
427
391
295
106
1
0
0
0
0
0
0
0
0
0
0
0
0
0
10
186
363
502
586
604
554
443
283
103
0
0
0
0
0
0
0
0
0
0
0
0
0
0
10
171
333
462
537
555
509
407
260
95
0
0
0
0
0
0
0
0
0
0
0
0
0
0
10
170
331
456
533
557
513
414
265
98
0
0
0
0
0
0
0
0
0
0
0
0
0
0
9
151
289
395
462
472
431
348
225
85
0
0
0
0
0
0
0
0
0
0
0
0
0
0
10
173
334
463
545
567
521
423
275
108
1
0
0
0
0
0
0
0
0
0
0
0
0
0
9
160
325
438
525
519
475
375
248
100
0
0
0
0
0
0
0
0
0
0
0
0
0
0
9
165
329
455
540
560
520
421
279
114
1
0
0
0
0
0
0
0
0
0
0
0
0
0
9
158
304
420
491
508
474
383
248
98
1
0
0
0
0
0
0
0
0
0
0
0
0
0
11
174
334
468
538
553
525
431
282
115
1
0
0
0
0
0
0
0
0
0
0
0
0
0
6
118
228
311
361
376
335
261
183
77
1
0
0
0
0
0
0
0
0
0
0
0
0
0
12
188
361
495
579
603
563
464
308
129
2
0
0
0
0
0
0
0
0
0
0
0
0
0
12
159
316
412
501
511
453
349
238
102
1
0
0
0
0
0
0
0
0
0
0
0
0
0
13
199
371
507
588
604
557
456
307
131
1
0
0
0
0
0
0
0
0
0
0
0
0
0
15
212
395
541
627
647
604
494
334
145
2
0
0
0
0
0
0
0
0
0
0
0
0
0
14
195
360
497
577
600
568
466
313
139
3
0
0
0
0
0
0
0
0
0
0
0
0
0
15
209
393
538
624
646
601
493
333
146
2
0
0
0
0
0
0
0
0
0
0
0
0
0
10
127
248
344
386
402
335
263
152
62
1
0
0
0
0
0
0
0
0
0
0
0
0
0
12
173
307
459
504
507
475
388
270
128
3
0
0
0
0
0
0
0
0
0
0
0
0
0
15
177
324
467
525
527
471
401
271
116
1
0
0
0
0
0
0
0
0
0
0
0
0
0
14
123
240
391
412
427
527
495
341
151
7
0
0
0
0
0
0
0
0
0
0
0
0
0
20
126
199
275
445
367
395
313
228
87
2
0
0
0
0
0
0
0
0
0
0
0
0
0
4
62
122
159
203
222
203
172
114
57
2
0
0
0
0
0
0
0
0
0
0
0
0
0
14
150
266
343
435
414
364
308
188
87
2
0
0
0
0
0
0
0
0
0
0
0
0
0
20
217
399
552
642
668
626
519
360
173
7
0
0
0
0
0
0
0
0
0
0
0
0
0
19
190
343
489
586
585
541
461
323
156
7
0
0
0
0
0
0
0
0
0
0
0
0
0
25
212
344
491
598
518
453
383
321
143
4
0
0
0
0
0
0
0
0
0
0
0
0
0
5
55
35
48
213
57
471
385
330
141
6
0
0
0
0
0
0
0
0
0
0
0
0
0
23
215
391
504
590
625
581
491
330
159
8
0
0
0
0
0
0
0
0
0
0
0
0
0
18
188
345
422
330
294
348
293
66
16
3
0
0
0
0
0
0
0
0
0
0
0
0
0
11
116
190
291
320
324
327
261
157
74
3
0
0
0
0
0
0
0
0
0
0
0
0
0
15
111
193
277
317
367
347
273
177
75
3
0
0
0
0
0
0
0
0
0
0
0
0
0
32
251
440
585
676
694
645
538
379
189
10
0
0
0
0
0
0
0
0
0
0
0
0
0
29
207
360
516
588
621
592
501
367
194
15
0
0
0
0
0
0
0
0
0
0
0
0
0
34
247
426
571
652
684
647
540
386
198
13
0
0
0
0
0
0
0
0
0
0
0
0
0
60
169
271
374
484
507
501
432
392
241
29
0
0
0
0
0
0
0
0
0
0
0
0
0
59
197
348
442
521
552
543
412
293
140
4
0
0
0
0
0
0
0
0
0
0
0
0
0
84
276
466
613
701
727
686
578
425
230
19
0
0
0
0
0
0
0
0
0
0
0
0
0
61
181
347
486
545
576
489
382
265
115
4
0
0
0
0
0
0
0
0
0
0
0
0
0
89
283
472
623
718
744
710
601
442
242
24
0
0
0
0
0
0
0
0
0
0
0
0
0
94
295
488
639
735
762
723
614
451
250
25
0
0
0
0
0
0
0
0
0
0
0
0
0
94
287
475
619
705
730
687
583
427
235
22
0
0
0
0
0
0
0
0
0
0
0
0
0
87
264
432
584
664
701
646
549
397
213
19
0
0
0
0
0
0
0
0
0
0
0
0
0
23
105
209
225
283
353
352
253
169
84
5
0
0
0
0
0
0
0
0
0
0
0
0
0
99
286
467
608
698
726
678
569
417
230
24
0
0
0
0
0
0
0
0
0
0
0
0
0
107
307
499
652
742
766
728
619
455
254
30
0
0
0
0
0
0
0
0
0
0
0
0
0
112
314
509
663
756
785
741
629
462
260
31
0
0
0
0
0
0
0
0
0
0
0
0
0
109
305
496
644
735
766
726
628
466
266
38
0
0
0
0
0
0
0
0
0
0
0
0
1
83
202
279
333
452
436
413
391
251
157
6
0
0
0
0
0
0
0
0
0
0
0
0
1
112
263
380
529
645
613
594
514
405
227
30
0
0
0
0
0
0
0
0
0
0
0
0
3
139
367
585
600
509
549
163
168
38
103
24
0
0
0
0
0
0
0
0
0
0
0
0
1
78
254
519
702
470
347
270
416
227
20
6
0
0
0
0
0
0
0
0
0
0
0
0
1
67
175
306
368
488
488
461
396
308
178
56
0
0
0
0
0
0
0
0
0
0
0
0
1
122
301
480
621
703
726
691
592
441
256
77
0
0
0
0
0
0
0
0
0
0
0
0
2
125
316
491
632
719
743
711
613
465
272
83
0
0
0
0
0
0
0
0
0
0
0
0
2
123
304
479
603
670
698
656
558
401
246
81
0
0
0
0
0
0
0
0
0
0
0
0
2
64
153
144
179
162
453
287
312
182
81
8
0
0
0
0
0
0
0
0
0
0
0
0
3
147
339
508
658
748
756
710
610
457
274
89
0
0
0
0
0
0
0
0
0
0
0
0
4
143
286
417
565
600
599
595
516
385
262
75
0
0
0
0
0
0
0
0
0
0
0
0
4
180
405
606
761
849
869
819
702
527
315
102
0
0
0
0
0
0
0
0
0
0
0
0
5
126
223
401
412
572
625
665
599
422
331
111
1
0
0
0
0
0
0
0
0
0
0
0
2
15
33
120
235
956
626
416
516
434
250
125
2
0
0
0
0
0
0
0
0
0
0
0
2
31
34
174
629
837
995
452
59
45
27
9
0
0
0
0
0
0
0
0
0
0
0
0
6
170
368
539
665
751
781
744
643
476
285
98
0
0
0
0
0
0
0
0
0
0
0
0
7
169
369
533
670
743
741
687
565
399
221
74
0
0
0
0
0
0
0
0
0
0
0
0
20
210
349
364
812
514
431
649
355
113
60
9
0
0
0
0
0
0
0
0
0
0
0
0
10
211
436
636
788
878
898
847
730
555
339
121
0
0
0
0
0
0
0
0
0
0
0
0
11
201
414
604
745
828
849
798
683
519
318
114
0
0
0
0
0
0
0
0
0
0
0
0
8
157
322
468
578
636
643
609
518
402
239
84
0
0
0
0
0
0
0
0
0
0
0
0
13
216
433
624
770
856
881
835
722
552
343
128
1
0
0
0
0
0
0
0
0
0
0
0
15
224
444
640
789
868
888
842
728
556
347
131
1
0
0
0
0
0
0
0
0
0
0
0
16
228
446
640
785
872
892
841
725
558
347
130
1
0
0
0
0
0
0
0
0
0
0
0
16
205
400
568
689
762
763
725
623
480
298
116
1
0
0
0
0
0
0
0
0
0
0
0
12
168
332
447
562
602
622
580
499
366
229
89
1
0
0
0
0
0
0
0
0
0
0
0
18
213
404
569
692
759
771
727
628
485
301
117
1
0
0
0
0
0
0
0
0
0
0
0
23
245
462
656
801
882
903
851
738
569
360
144
2
0
0
0
0
0
0
0
0
0
0
0
5
20
160
165
442
650
416
403
504
627
243
131
5
0
0
0
0
0
0
0
0
0
0
0
26
240
443
622
753
836
849
800
690
529
335
134
2
0
0
0
0
0
0
0
0
0
0
0
28
246
458
645
783
862
879
836
717
552
350
139
2
0
0
0
0
0
0
0
0
0
0
0
31
253
456
634
766
847
863
814
708
553
355
147
3
0
0
0
0
0
0
0
0
0
0
0
32
240
439
606
732
804
824
787
681
528
340
140
3
0
0
0
0
0
0
0
0
0
0
0
35
262
464
642
763
839
855
809
709
544
347
144
2
0
0
0
0
0
0
0
0
0
0
0
86
303
537
740
886
569
585
539
460
363
235
96
1
0
0
0
0
0
0
0
0
0
0
0
73
251
437
598
733
818
837
784
660
518
337
143
3
0
0
0
0
0
0
0
0
0
0
0
85
282
486
665
792
867
882
831
723
567
374
163
4
0
0
0
0
0
0
0
0
0
0
0
99
320
549
743
884
959
969
911
784
604
388
163
2
0
0
0
0
0
0
0
0
0
0
0
39
136
221
293
317
351
345
360
309
248
154
61
1
0
0
0
0
0
0
0
0
0
0
0
16
64
119
132
197
236
165
203
203
156
86
43
2
0
0
0
0
0
0
0
0
0
0
0
57
191
320
458
565
623
610
517
407
314
203
86
2
0
0
0
0
0
0
0
0
0
0
0
91
278
452
612
713
789
795
745
621
483
315
138
3
0
0
0
0
0
0
0
0
0
0
0
89
264
438
588
738
779
784
764
672
505
345
164
7
0
0
0
0
0
0
0
0
0
0
0
98
275
455
613
721
782
798
748
653
511
338
148
4
0
0
0
0
0
0
0
0
0
0
1
121
336
553
737
873
946
958
907
791
620
411
189
7
0
0
0
0
0
0
0
0
0
0
1
120
330
538
715
842
911
922
872
758
595
394
180
6
0
0
0
0
0
0
0
0
0
0
1
117
389
538
766
892
484
454
466
331
381
260
168
15
0
0
0
0
0
0
0
0
0
0
2
138
395
637
856
1010
568
570
458
355
199
169
54
2
0
0
0
0
0
0
0
0
0
0
1
133
351
571
758
892
963
971
906
786
613
403
182
6
0
0
0
0
0
0
0
0
0
0
2
110
281
442
602
695
739
744
697
598
451
293
124
2
0
0
0
0
0
0
0
0
0
0
2
135
341
548
722
848
918
922
865
752
595
396
185
8
0
0
0
0
0
0
0
0
0
0
1
105
265
425
523
654
741
725
696
581
501
339
160
11
0
0
0
0
0
0
0
0
0
0
3
152
376
596
781
914
987
996
937
815
640
428
202
10
0
0
0
0
0
0
0
0
0
0
3
121
316
484
642
763
792
775
758
658
517
327
160
7
0
0
0
0
0
0
0
0
0
0
1
113
297
474
603
736
766
782
770
676
520
348
165
8
0
0
0
0
0
0
0
0
0
0
3
141
341
535
702
819
886
885
844
732
569
384
180
10
0
0
0
0
0
0
0
0
0
0
1
90
231
369
462
496
560
589
565
516
418
285
132
8
0
0
0
0
0
0
0
0
0
0
5
192
358
552
788
1041
711
764
555
498
363
244
94
3
0
0
0
0
0
0
0
0
0
0
4
126
281
437
569
661
694
710
659
569
381
232
107
3
0
0
0
0
0
0
0
0
0
0
8
140
331
445
618
718
654
694
809
636
424
337
177
23
0
0
0
0
0
0
0
0
0
0
6
167
377
582
766
892
960
969
909
796
625
415
204
13
0
0
0
0
0
0
0
0
0
0
6
162
362
561
731
850
910
902
850
741
581
388
189
12
0
0
0
0
0
0
0
0
0
0
7
179
396
606
782
911
976
979
922
802
635
431
214
15
0
0
0
0
0
0
0
0
0
0
8
184
402
615
793
917
990
998
939
821
653
443
223
18
0
0
0
0
0
0
0
0
0
0
9
180
392
599
770
897
969
978
925
810
644
442
224
20
0
0
0
0
0
0
0
0
0
0
6
188
413
696
915
1039
572
595
408
391
317
154
96
4
0
0
0
0
0
0
0
0
0
0
3
18
238
217
237
606
1118
369
581
630
499
180
101
6
0
0
0
0
0
0
0
0
0
0
8
129
259
417
516
592
653
642
594
478
359
223
114
4
0
0
0
0
0
0
0
0
0
0
12
204
425
637
817
944
1014
1022
966
846
678
470
245
25
0
0
0
0
0
0
0
0
0
0
13
204
425
640
818
947
1015
1014
952
836
663
455
232
21
0
0
0
0
0
0
0
0
0
0
13
198
408
614
791
916
975
976
922
808
638
436
223
21
0
0
0
0
0
0
0
0
0
0
23
168
440
714
803
859
800
563
414
240
245
225
143
17
0
0
0
0
0
0
0
0
0
0
15
181
371
562
720
803
845
889
779
663
542
371
190
21
0
0
0
0
0
0
0
0
0
0
14
193
372
547
687
765
828
851
796
670
578
415
225
27
0
0
0
0
0
0
0
0
0
0
15
185
361
554
716
784
855
853
795
714
573
380
213
22
0
0
0
0
0
0
0
0
0
0
18
219
439
652
831
957
1021
1024
966
849
682
476
255
32
0
0
0
0
0
0
0
0
0
0
14
185
370
542
685
781
858
886
806
702
564
424
222
26
0
0
0
0
0
0
0
0
0
0
7
79
135
214
249
327
340
346
343
281
228
155
77
5
0
0
0
0
0
0
0
0
0
0
15
135
281
442
429
497
616
541
432
394
272
229
117
6
0
0
0
0
0
0
0
0
0
0
4
145
201
354
412
471
569
476
534
432
402
182
103
39
0
0
0
0
0
0
0
0
0
0
28
218
463
626
654
820
767
767
641
506
349
290
161
55
0
0
0
0
0
0
0
0
0
0
18
179
371
560
702
815
865
870
824
737
580
418
226
64
0
0
0
0
0
0
0
0
0
0
24
228
437
633
801
919
980
983
933
823
666
474
263
76
0
0
0
0
0
0
0
0
0
0
24
227
445
649
818
942
1008
1013
958
842
679
482
267
78
0
0
0
0
0
0
0
0
0
0
25
229
444
647
816
939
1005
1009
954
843
676
477
263
78
0
0
0
0
0
0
0
0
0
0
25
224
430
623
782
895
959
960
913
804
644
456
252
76
0
0
0
0
0
0
0
0
0
0
26
227
428
625
782
896
956
963
907
801
646
462
260
79
0
0
0
0
0
0
0
0
0
0
28
234
443
641
809
927
987
994
936
823
666
472
262
80
0
0
0
0
0
0
0
0
0
0
27
228
427
614
761
872
926
929
885
806
655
470
265
84
0
0
0
0
0
0
0
0
0
0
28
233
435
631
789
896
957
961
910
805
658
466
261
82
0
0
0
0
0
0
0
0
0
0
30
242
457
657
827
947
1009
1007
948
824
661
466
257
78
0
0
0
0
0
0
0
0
0
0
5
45
168
370
609
662
495
685
685
701
655
461
106
18
0
0
0
0
0
0
0
0
0
0
30
240
454
661
836
958
1024
1027
974
856
694
494
279
89
0
0
0
0
0
0
0
0
0
0
31
243
459
663
834
958
1027
1035
982
871
707
509
294
97
0
0
0
0
0
0
0
0
0
0
18
162
366
470
461
216
618
733
378
115
72
41
23
8
0
0
0
0
0
0
0
0
0
0
60
228
431
620
783
898
960
955
913
808
657
469
270
91
0
0
0
0
0
0
0
0
0
0
62
229
429
620
780
903
974
976
922
808
654
467
267
89
0
0
0
0
0
0
0
0
0
0
66
244
455
655
822
942
1007
1011
958
848
689
494
284
95
0
0
0
0
0
0
0
0
0
0
57
212
396
572
719
820
876
884
838
740
599
428
246
83
0
0
0
0
0
0
0
0
0
0
65
242
455
661
830
950
1014
1024
969
859
700
505
290
99
0
0
0
0
0
0
0
0
0
0
62
224
421
607
762
876
935
939
889
793
634
450
257
89
0
0
0
0
0
0
0
0
0
0
69
249
463
664
829
951
1016
1020
967
856
696
500
290
100
0
0
0
0
0
0
0
0
0
0
65
237
440
634
800
920
984
993
944
835
681
494
290
100
1
0
0
0
0
0
0
0
0
0
57
210
390
563
708
815
862
875
831
731
590
423
243
85
0
0
0
0
0
0
0
0
0
0
46
171
407
724
575
486
704
461
337
221
275
134
210
83
3
0
0
0
0
0
0
0
0
0
63
231
433
628
792
914
982
993
946
840
694
502
298
108
1
0
0
0
0
0
0
0
0
0
67
242
449
648
817
934
1001
1012
971
865
711
520
309
112
1
0
0
0
0
0
0
0
0
0
70
251
464
668
839
963
1032
1037
980
870
710
512
300
107
1
0
0
0
0
0
0
0
0
0
64
232
437
632
796
918
990
999
949
847
695
506
299
109
1
0
0
0
0
0
0
0
0
0
68
248
463
666
837
960
1026
1033
977
865
704
508
296
105
0
0
0
0
0
0
0
0
0
0
65
235
434
630
789
910
978
985
941
840
687
504
298
109
1
0
0
0
0
0
0
0
0
0
53
197
369
536
671
772
819
825
784
696
569
408
234
83
1
0
0
0
0
0
0
0
0
0
47
175
318
479
603
684
735
720
687
617
500
367
211
76
1
0
0
0
0
0
0
0
0
0
60
223
405
583
740
846
900
909
857
748
604
447
263
96
1
0
0
0
0
0
0
0
0
0
56
210
392
576
722
850
916
926
873
762
634
471
276
100
1
0
0
0
0
0
0
0
0
0
60
223
426
613
761
880
944
946
901
799
651
472
272
98
1
0
0
0
0
0
0
0
0
0
60
226
432
632
803
927
996
1004
954
857
698
504
296
110
1
0
0
0
0
0
0
0
0
0
60
227
432
626
792
914
980
991
947
841
686
500
293
107
1
0
0
0
0
0
0
0
0
0
57
213
402
579
731
840
903
912
864
768
628
456
268
97
1
0
0
0
0
0
0
0
0
0
28
212
408
588
741
850
919
930
895
815
673
499
304
115
2
0
0
0
0
0
0
0
0
0
28
217
416
609
772
883
957
973
935
839
690
507
302
114
2
0
0
0
0
0
0
0
0
0
30
234
446
651
823
947
1020
1034
986
880
723
526
310
115
1
0
0
0
0
0
0
0
0
0
27
214
413
599
734
856
921
933
872
784
657
473
279
102
1
0
0
0
0
0
0
0
0
0
27
219
424
627
792
911
980
991
945
839
690
502
298
111
1
0
0
0
0
0
0
0
0
0
25
207
404
595
753
890
960
978
940
844
696
510
309
116
2
0
0
0
0
0
0
0
0
0
25
210
399
579
719
825
903
875
850
764
603
426
244
92
1
0
0
0
0
0
0
0
0
0
27
229
444
662
836
960
534
550
538
485
379
274
167
59
1
0
0
0
0
0
0
0
0
0
26
224
438
647
824
951
1021
1036
996
883
726
525
311
116
2
0
0
0
0
0
0
0
0
0
25
223
437
642
810
939
999
1011
964
854
697
506
294
106
1
0
0
0
0
0
0
0
0
0
25
224
434
640
815
942
1018
1034
988
882
725
533
318
119
1
0
0
0
0
0
0
0
0
0
26
239
463
678
858
992
1064
1072
1018
907
743
543
322
118
1
0
0
0
0
0
0
0
0
0
23
220
426
620
785
912
973
981
936
842
689
503
302
112
1
0
0
0
0
0
0
0
0
0
22
210
410
611
781
895
975
981
925
818
667
482
281
101
1
0
0
0
0
0
0
0
0
0
21
205
408
605
768
890
965
975
925
824
668
482
280
101
1
0
0
0
0
0
0
0
0
0
21
211
422
629
799
927
1003
1025
976
873
718
523
310
113
1
0
0
0
0
0
0
0
0
0
20
201
403
601
770
897
968
982
934
819
674
486
284
102
1
0
0
0
0
0
0
0
0
0
19
205
408
604
772
894
960
973
927
826
675
490
286
102
1
0
0
0
0
0
0
0
0
0
16
182
376
561
720
841
908
926
892
808
663
480
285
106
1
0
0
0
0
0
0
0
0
0
18
198
398
597
766
890
957
972
922
825
675
488
287
101
1
0
0
0
0
0
0
0
0
0
16
193
395
598
773
903
986
990
939
835
676
480
277
96
0
0
0
0
0
0
0
0
0
0
16
191
395
596
769
905
977
993
954
862
704
511
300
105
1
0
0
0
0
0
0
0
0
0
14
182
382
579
743
872
954
971
928
842
692
506
297
106
1
0
0
0
0
0
0
0
0
0
14
173
364
561
736
867
942
946
911
817
674
485
284
99
1
0
0
0
0
0
0
0
0
0
14
186
389
588
762
891
963
985
946
840
685
490
282
96
0
0
0
0
0
0
0
0
0
0
15
196
407
619
794
931
1010
1029
982
875
716
515
300
104
1
0
0
0
0
0
0
0
0
0
13
188
390
587
755
879
949
963
918
818
668
481
277
94
0
0
0
0
0
0
0
0
0
0
13
185
386
586
756
881
952
967
921
820
668
479
276
93
0
0
0
0
0
0
0
0
0
0
12
184
388
589
762
888
961
973
928
825
671
481
275
92
0
0
0
0
0
0
0
0
0
0
11
176
370
564
735
863
947
972
935
833
687
493
287
99
1
0
0
0
0
0
0
0
0
0
10
171
371
564
729
868
939
965
930
835
684
492
278
92
0
0
0
0
0
0
0
0
0
0
10
175
378
584
754
889
961
965
928
813
660
472
268
86
0
0
0
0
0
0
0
0
0
0
10
173
376
582
763
893
977
998
957
848
693
496
282
90
0
0
0
0
0
0
0
0
0
0
8
161
353
544
724
848
935
952
915
819
674
483
275
89
0
0
0
0
0
0
0
0
0
0
8
167
368
567
744
877
929
932
893
770
619
435
236
70
0
0
0
0
0
0
0
0
0
0
9
174
383
594
778
915
992
1008
960
856
701
503
284
88
0
0
0
0
0
0
0
0
0
0
8
167
373
577
756
886
958
972
924
823
668
476
265
82
0
0
0
0
0
0
0
0
0
0
7
162
365
573
750
878
954
968
924
820
665
473
264
80
0
0
0
0
0
0
0
0
0
0
7
161
362
563
732
864
936
953
903
794
638
446
244
71
0
0
0
0
0
0
0
0
0
0
7
168
377
586
764
896
973
986
932
825
664
469
254
73
0
0
0
0
0
0
0
0
0
0
6
149
337
532
707
835
908
920
878
776
628
447
248
73
0
0
0
0
0
0
0
0
0
0
6
149
341
532
702
821
891
902
862
765
623
437
237
68
0
0
0
0
0
0
0
0
0
0
6
155
360
568
745
881
961
976
931
834
673
478
258
72
0
0
0
0
0
0
0
0
0
0
5
143
331
522
684
802
880
900
865
748
609
429
235
65
0
0
0
0
0
0
0
0
0
0
5
143
334
530
687
806
878
898
862
773
623
432
228
31
0
0
0
0
0
0
0
0
0
0
5
151
355
562
741
872
948
957
907
799
648
454
243
31
0
0
0
0
0
0
0
0
0
0
4
148
353
565
746
879
953
967
916
802
644
447
235
28
0
0
0
0
0
0
0
0
0
0
4
119
287
481
618
694
829
792
650
625
493
362
214
34
0
0
0
0
0
0
0
0
0
0
4
135
322
514
690
823
885
896
861
755
602
420
222
25
0
0
0
0
0
0
0
0
0
0
3
136
336
541
714
832
906
920
872
765
608
417
215
21
0
0
0
0
0
0
0
0
0
0
3
132
318
507
668
810
860
871
822
713
585
402
205
22
0
0
0
0
0
0
0
0
0
0
3
139
342
552
733
865
944
960
911
802
642
440
226
23
0
0
0
0
0
0
0
0
0
0
3
130
320
515
686
815
880
899
841
736
574
394
201
16
0
0
0
0
0
0
0
0
0
0
3
140
348
559
739
875
955
969
920
815
652
448
229
22
0
0
0
0
0
0
0
0
0
0
2
141
353
569
756
892
966
975
921
804
633
428
211
15
0
0
0
0
0
0
0
0
0
0
2
134
338
545
718
843
912
927
879
768
612
418
205
15
0
0
0
0
0
0
0
0
0
0
2
122
318
512
685
800
848
877
826
717
562
380
188
12
0
0
0
0
0
0
0
0
0
0
2
128
329
537
718
848
919
934
880
762
602
399
191
11
0
0
0
0
0
0
0
0
0
0
2
131
338
552
735
866
942
952
900
783
610
406
191
10
0
0
0
0
0
0
0
0
0
0
1
125
325
530
701
827
896
907
856
745
586
390
184
10
0
0
0
0
0
0
0
0
0
0
1
119
309
509
680
807
882
891
840
742
581
387
180
9
0
0
0
0
0
0
0
0
0
0
1
126
335
552
737
873
954
964
910
797
630
422
199
12
0
0
0
0
0
0
0
0
0
0
1
117
311
513
683
818
894
905
846
738
578
383
177
9
0
0
0
0
0
0
0
0
0
0
1
119
322
531
708
840
910
919
860
745
579
378
172
6
0
0
0
0
0
0
0
0
0
0
1
107
302
498
676
790
861
877
824
717
555
364
169
8
0
0
0
0
0
0
0
0
0
0
1
108
298
500
680
807
878
881
837
735
572
375
172
8
0
0
0
0
0
0
0
0
0
0
1
105
294
492
660
784
854
861
809
711
558
362
162
6
0
0
0
0
0
0
0
0
0
0
1
117
324
538
721
855
934
944
887
769
598
391
173
6
0
0
0
0
0
0
0
0
0
0
0
108
324
538
724
860
439
451
431
382
316
220
101
5
0
0
0
0
0
0
0
0
0
0
0
105
300
491
651
765
836
831
789
673
517
333
139
2
0
0
0
0
0
0
0
0
0
0
0
108
310
523
705
842
917
927
868
752
577
369
156
4
0
0
0
0
0
0
0
0
0
0
0
106
309
520
705
843
918
928
870
750
577
368
152
3
0
0
0
0
0
0
0
0
0
0
0
104
304
512
692
822
894
899
840
725
556
351
143
2
0
0
0
0
0
0
0
0
0
0
0
97
288
491
664
793
857
869
826
711
549
352
144
3
0
0
0
0
0
0
0
0
0
0
0
103
308
523
693
846
489
484
439
361
284
186
67
1
0
0
0
0
0
0
0
0
0
0
0
96
291
493
668
791
858
863
807
692
526
326
126
1
0
0
0
0
0
0
0
0
0
0
0
99
302
517
697
831
904
904
847
722
551
342
132
1
0
0
0
0
0
0
0
0
0
0
0
98
300
512
693
823
897
903
841
714
541
330
123
1
0
0
0
0
0
0
0
0
0
0
0
91
280
480
649
774
848
846
787
673
515
320
120
1
0
0
0
0
0
0
0
0
0
0
0
93
290
502
679
813
884
886
829
713
540
330
121
1
0
0
0
0
0
0
0
0
0
0
0
92
292
501
676
804
874
877
812
688
514
308
108
0
0
0
0
0
0
0
0
0
0
0
0
46
196
279
356
477
489
449
480
292
109
29
10
0
0
0
0
0
0
0
0
0
0
0
0
45
155
352
375
333
140
248
811
353
47
28
10
0
0
0
0
0
0
0
0
0
0
0
0
49
177
306
487
549
615
630
669
631
507
329
107
0
0
0
0
0
0
0
0
0
0
0
0
75
252
437
605
718
785
793
759
647
482
285
94
0
0
0
0
0
0
0
0
0
0
0
0
33
154
370
468
529
678
604
485
470
508
297
110
1
0
0
0
0
0
0
0
0
0
0
0
82
277
479
648
767
827
819
764
650
478
275
85
0
0
0
0
0
0
0
0
0
0
0
0
81
279
490
671
795
862
863
797
666
487
278
83
0
0
0
0
0
0
0
0
0
0
0
0
73
255
449
615
738
812
816
764
655
488
284
87
0
0
0
0
0
0
0
0
0
0
0
0
80
287
504
687
819
883
879
807
675
490
275
77
0
0
0
0
0
0
0
0
0
0
0
0
39
282
499
684
816
883
882
814
682
495
280
37
0
0
0
0
0
0
0
0
0
0
0
0
30
232
415
572
683
753
769
669
576
424
249
36
0
0
0
0
0
0
0
0
0
0
0
0
32
243
435
603
727
794
787
716
590
428
233
27
0
0
0
0
0
0
0
0
0
0
0
0
39
221
366
507
552
599
614
573
464
317
139
5
0
0
0
0
0
0
0
0
0
0
0
0
25
217
387
545
657
724
742
678
550
393
222
26
0
0
0
0
0
0
0
0
0
0
0
0
23
200
388
545
668
707
693
628
553
410
225
25
0
0
0
0
0
0
0
0
0
0
0
0
27
178
270
361
463
622
611
522
436
291
131
4
0
0
0
0
0
0
0
0
0
0
0
0
26
199
338
499
626
664
682
589
524
392
215
17
0
0
0
0
0
0
0
0
0
0
0
0
28
263
481
669
797
861
855
778
638
446
230
16
0
0
0
0
0
0
0
0
0
0
0
0
21
209
385
559
667
728
696
659
516
358
181
12
0
0
0
0
0
0
0
0
0
0
0
0
25
252
471
651
777
844
835
757
619
430
217
13
0
0
0
0
0
0
0
0
0
0
0
0
20
183
346
487
604
650
611
554
455
303
147
3
0
0
0
0
0
0
0
0
0
0
0
0
5
219
509
483
628
510
356
62
55
81
18
3
0
0
0
0
0
0
0
0
0
0
0
0
17
187
363
465
546
667
700
629
536
360
167
8
0
0
0
0
0
0
0
0
0
0
0
0
11
152
328
412
492
641
658
596
500
393
174
7
0
0
0
0
0
0
0
0
0
0
0
0
16
202
392
550
669
724
726
655
537
364
177
9
0
0
0
0
0
0
0
0
0
0
0
0
17
212
402
567
679
735
731
665
546
380
181
8
0
0
0
0
0
0
0
0
0
0
0
0
9
136
277
392
430
508
553
517
356
241
107
2
0
0
0
0
0
0
0
0
0
0
0
0
6
73
147
205
263
277
274
250
212
137
65
2
0
0
0
0
0
0
0
0
0
0
0
0
15
209
411
584
703
760
758
686
549
373
170
6
0
0
0
0
0
0
0
0
0
0
0
0
14
203
398
568
684
748
739
669
538
359
163
5
0
0
0
0
0
0
0
0
0
0
0
0
14
217
426
602
727
787
778
703
564
376
169
5
0
0
0
0
0
0
0
0
0
0
0
0
11
194
362
492
587
630
642
607
503
311
137
4
0
0
0
0
0
0
0
0
0
0
0
0
12
204
408
583
708
766
759
685
548
365
159
4
0
0
0
0
0
0
0
0
0
0
0
0
8
147
293
433
507
565
563
502
391
257
108
1
0
0
0
0
0
0
0
0
0
0
0
0
10
183
371
525
622
682
659
589
481
323
134
2
0
0
0
0
0
0
0
0
0
0
0
0
10
189
386
558
679
738
731
652
518
338
140
2
0
0
0
0
0
0
0
0
0
0
0
0
9
179
368
530
649
706
698
626
497
325
135
2
0
0
0
0
0
0
0
0
0
0
0
0
8
182
377
543
657
708
705
634
503
329
135
1
0
0
0
0
0
0
0
0
0
0
0
0
7
166
355
527
641
691
667
593
482
309
127
2
0
0
0
0
0
0
0
0
0
0
0
0
7
161
335
489
601
656
669
613
479
309
124
2
0
0
0
0
0
0
0
0
0
0
0
0
7
175
372
541
659
717
710
634
502
323
128
1
0
0
0
0
0
0
0
0
0
0
0
0
6
171
362
529
643
699
692
614
479
305
116
1
0
0
0
0
0
0
0
0
0
0
0
0
6
171
370
543
668
724
715
637
501
319
123
1
0
0
0
0
0
0
0
0
0
0
0
0
2
60
124
182
236
270
270
257
200
122
47
0
0
0
0
0
0
0
0
0
0
0
0
0
5
151
327
489
610
669
655
575
450
286
106
1
0
0
0
0
0
0
0
0
0
0
0
0
4
145
330
482
589
643
639
576
445
272
100
0
0
0
0
0
0
0
0
0
0
0
0
0
4
150
336
503
617
676
669
599
469
295
108
1
0
0
0
0
0
0
0
0
0
0
0
0
1
111
226
388
429
481
506
462
358
208
79
1
0
0
0
0
0
0
0
0
0
0
0
0
3
133
273
423
498
570
591
541
430
281
96
0
0
0
0
0
0
0
0
0
0
0
0
0
3
136
314
471
580
635
630
559
425
261
89
0
0
0
0
0
0
0
0
0
0
0
0
0
1
103
263
369
426
513
495
486
377
227
74
0
0
0
0
0
0
0
0
0
0
0
0
0
1
107
314
422
447
433
429
491
335
170
70
0
0
0
0
0
0
0
0
0
0
0
0
0
1
107
235
300
280
190
586
408
400
143
44
0
0
0
0
0
0
0
0
0
0
0
0
0
2
120
269
400
540
599
583
493
375
233
71
0
0
0
0
0
0
0
0
0
0
0
0
0
1
97
236
347
452
533
515
481
380
224
68
0
0
0
0
0
0
0
0
0
0
0
0
0
1
74
194
286
367
405
397
350
275
154
48
0
0
0
0
0
0
0
0
0
0
0
0
0
1
106
288
443
496
521
565
461
345
198
56
0
0
0
0
0
0
0
0
0
0
0
0
0
1
121
301
464
577
630
622
550
423
252
78
0
0
0
0
0
0
0
0
0
0
0
0
0
1
123
313
481
605
659
652
575
440
260
79
0
0
0
0
0
0
0
0
0
0
0
0
0
1
117
301
468
586
644
634
563
436
259
79
0
0
0
0
0
0
0
0
0
0
0
0
0
1
117
307
478
602
660
653
576
440
261
38
0
0
0
0
0
0
0
0
0
0
0
0
0
1
116
306
477
598
656
648
571
436
257
37
0
0
0
0
0
0
0
0
0
0
0
0
0
0
100
266
405
521
571
578
514
393
243
36
0
0
0
0
0
0
0
0
0
0
0
0
0
0
92
249
395
498
553
550
478
364
214
31
0
0
0
0
0
0
0
0
0
0
0
0
0
0
95
261
417
530
592
581
527
399
232
34
0
0
0
0
0
0
0
0
0
0
0
0
0
0
95
269
420
535
578
574
502
377
221
29
0
0
0
0
0
0
0
0
0
0
0
0
0
0
92
266
428
545
598
590
520
399
225
27
0
0
0
0
0
0
0
0
0
0
0
0
0
0
76
230
383
499
574
557
483
355
214
29
0
0
0
0
0
0
0
0
0
0
0
0
0
0
82
245
385
493
544
523
435
322
190
27
0
0
0
0
0
0
0
0
0
0
0
0
0
0
81
236
393
503
574
553
487
369
218
28
0
0
0
0
0
0
0
0
0
0
0
0
0
0
18
86
129
44
57
151
511
446
248
35
0
0
0
0
0
0
0
0
0
0
0
0
0
0
79
241
387
497
558
542
475
358
211
25
0
0
0
0
0
0
0
0
0
0
0
0
0
0
79
247
401
521
581
580
516
392
230
28
0
0
0
0
0
0
0
0
0
0
0
0
0
0
74
219
375
472
531
554
488
358
202
21
0
0
0
0
0
0
0
0
0
0
0
0
0
0
69
225
382
499
561
564
497
377
221
29
0
0
0
0
0
0
0
0
0
0
0
0
0
0
62
215
372
468
539
538
473
365
218
28
0
0
0
0
0
0
0
0
0
0
0
0
0
0
33
231
389
508
578
571
507
381
219
25
0
0
0
0
0
0
0
0
0
0
0
0
0
0
33
236
398
518
582
583
518
395
228
27
0
0
0
0
0
0
0
0
0
0
0
0
0
0
31
208
361
467
513
526
473
364
213
27
0
0
0
0
0
0
0
0
0
0
0
0
0
0
21
179
312
386
431
469
428
323
218
32
0
0
0
0
0
0
0
0
0
0
0
0
0
0
28
221
381
498
557
557
492
370
210
23
0
0
0
0
0
0
0
0
0
0
0
0
0
0
27
194
367
435
491
459
409
312
184
26
0
0
0
0
0
0
0
0
0
0
0
0
0
0
28
165
151
405
205
92
369
328
84
20
0
0
0
0
0
0
0
0
0
0
0
0
0
0
25
217
384
505
568
567
504
386
224
26
0
0
0
0
0
0
0
0
0
0
0
0
0
0
23
204
362
480
538
538
482
370
214
25
0
0
0
0
0
0
0
0
0
0
0
0
0
0
22
210
370
496
563
569
506
385
221
26
0
0
0
0
0
0
0
0
0
0
0
0
0
0
21
210
375
499
563
561
500
380
216
24
0
0
0
0
0
0
0
0
0
0
0
0
0
0
20
202
360
482
550
554
488
366
209
22
0
0
0
0
0
0
0
0
0
0
0
0
0
0
19
200
363
483
547
550
485
365
206
22
0
0
0
0
0
0
0
0
0
0
0
0
0
0
18
172
314
380
403
420
403
344
223
28
0
0
0
0
0
0
0
0
0
0
0
0
0
0
18
204
356
471
488
460
375
299
156
9
0
0
0
0
0
0
0
0
0
0
0
0
0
0
13
161
302
421
466
500
445
336
187
22
0
0
0
0
0
0
0
0
0
0
0
0
0
0
16
189
350
473
537
544
485
373
214
26
0
0
0
0
0
0
0
0
0
0
0
0
0
0
15
194
357
480
547
552
494
374
214
24
0
0
0
0
0
0
0
0
0
0
0
0
0
0
19
164
274
373
593
453
316
228
152
12
0
0
0
0
0
0
0
0
0
0
0
0
0
0
10
150
261
370
449
452
438
368
210
29
0
0
0
0
0
0
0
0
0
0
0
0
0
0
14
188
352
472
539
544
491
373
216
26
0
0
0
0
0
0
0
0
0
0
0
0
0
0
9
145
286
419
460
443
434
327
223
36
0
0
0
0
0
0
0
0
0
0
0
0
0
0
14
168
302
404
451
450
402
326
211
27
0
0
0
0
0
0
0
0
0
0
0
0
0
0
12
177
338
453
530
538
493
375
225
31
0
0
0
0
0
0
0
0
0
0
0
0
0
0
12
178
344
465
526
536
481
363
213
26
0
0
0
0
0
0
0
0
0
0
0
0
0
0
9
117
217
282
337
302
289
235
132
5
0
0
0
0
0
0
0
0
0
0
0
0
0
0
3
15
29
39
114
46
521
430
179
5
0
0
0
0
0
0
0
0
0
0
0
0
0
0
9
154
292
393
476
471
453
379
229
34
0
0
0
0
0
0
0
0
0
0
0
0
0
0
10
175
337
467
540
554
502
388
232
34
0
0
0
0
0
0
0
0
0
0
0
0
0
0
10
171
335
461
531
534
486
375
221
30
0
0
0
0
0
0
0
0
0
0
0
0
0
0
13
165
281
393
381
429
398
364
209
72
0
0
0
0
0
0
0
0
0
0
0
0
0
0
2
62
132
178
198
225
205
156
103
30
0
0
0
0
0
0
0