0
0
0
0
0
0
0
1
9
43
89
172
158
181
149
120
46
2
0
0
0
0
0
0
0
0
0
0
0
0
0
1
73
184
278
301
339
314
293
193
85
1
0
0
0
0
0
0
0
0
0
0
0
0
0
1
126
279
388
410
438
432
360
301
148
6
0
0
0
0
0
0
0
0
0
0
0
0
0
1
101
232
346
468
462
449
388
281
156
5
0
0
0
0
0
0
0
0
0
0
0
0
0
2
72
206
336
433
480
453
346
277
125
1
0
0
0
0
0
0
0
0
0
0
0
0
0
1
118
287
434
531
568
539
458
310
142
3
0
0
0
0
0
0
0
0
0
0
0
0
0
1
113
274
418
505
557
532
447
307
147
4
0
0
0
0
0
0
0
0
0
0
0
0
0
1
80
204
343
391
405
408
333
218
99
2
0
0
0
0
0
0
0
0
0
0
0
0
0
1
90
227
333
380
430
402
380
244
104
2
0
0
0
0
0
0
0
0
0
0
0
0
0
1
124
303
463
569
612
586
502
357
176
8
0
0
0
0
0
0
0
0
0
0
0
0
0
1
89
223
338
413
443
426
352
245
128
5
0
0
0
0
0
0
0
0
0
0
0
0
0
1
108
267
403
508
552
537
475
340
168
10
0
0
0
0
0
0
0
0
0
0
0
0
0
2
135
330
366
318
235
364
409
335
109
3
0
0
0
0
0
0
0
0
0
0
0
0
0
1
128
313
472
574
616
588
498
354
177
8
0
0
0
0
0
0
0
0
0
0
0
0
0
1
92
264
422
500
486
456
406
283
154
5
0
0
0
0
0
0
0
0
0
0
0
0
0
1
110
275
418
476
510
477
379
270
136
3
0
0
0
0
0
0
0
0
0
0
0
0
0
1
116
280
411
516
554
542
461
344
179
9
0
0
0
0
0
0
0
0
0
0
0
0
0
6
39
146
187
147
579
418
369
239
181
3
0
0
0
0
0
0
0
0
0
0
0
0
0
2
109
298
361
468
523
369
372
293
141
6
0
0
0
0
0
0
0
0
0
0
0
0
0
2
118
167
309
288
442
488
456
235
100
3
0
0
0
0
0
0
0
0
0
0
0
0
0
1
99
228
355
426
465
466
404
296
155
12
0
0
0
0
0
0
0
0
0
0
0
0
0
2
134
319
475
581
620
598
517
378
202
15
0
0
0
0
0
0
0
0
0
0
0
0
0
2
135
312
462
565
612
592
513
374
203
15
0
0
0
0
0
0
0
0
0
0
0
0
0
2
145
335
501
612
660
637
551
408
225
20
0
0
0
0
0
0
0
0
0
0
0
0
0
3
102
256
388
457
505
490
417
290
175
13
0
0
0
0
0
0
0
0
0
0
0
0
0
2
128
296
445
545
593
581
505
375
194
18
0
0
0
0
0
0
0
0
0
0
0
0
0
1
66
159
270
335
315
321
274
185
100
4
0
0
0
0
0
0
0
0
0
0
0
0
0
1
79
188
285
336
331
308
292
196
95
5
0
0
0
0
0
0
0
0
0
0
0
0
0
4
129
297
411
513
549
554
485
327
186
19
0
0
0
0
0
0
0
0
0
0
0
0
0
13
152
286
548
569
222
113
117
190
135
5
0
0
0
0
0
0
0
0
0
0
0
0
0
5
123
365
545
566
489
292
226
194
121
5
0
0
0
0
0
0
0
0
0
0
0
0
0
1
111
251
386
465
501
490
415
312
172
19
0
0
0
0
0
0
0
0
0
0
0
0
0
4
153
317
461
571
596
592
520
394
220
26
0
0
0
0
0
0
0
0
0
0
0
0
0
4
122
303
467
546
593
550
492
349
203
23
0
0
0
0
0
0
0
0
0
0
0
0
0
4
94
185
207
403
399
489
318
252
131
6
0
0
0
0
0
0
0
0
0
0
0
0
0
1
13
30
48
70
74
468
396
300
181
53
0
0
0
0
0
0
0
0
0
0
0
0
0
4
142
301
443
563
624
594
528
395
244
72
0
0
0
0
0
0
0
0
0
0
0
0
0
4
141
313
462
583
608
624
551
390
235
73
0
0
0
0
0
0
0
0
0
0
0
0
0
6
166
353
515
629
674
659
575
434
253
75
0
0
0
0
0
0
0
0
0
0
0
0
0
6
164
343
499
612
661
647
554
421
250
78
0
0
0
0
0
0
0
0
0
0
0
0
0
7
176
374
536
653
702
684
601
456
270
86
0
0
0
0
0
0
0
0
0
0
0
0
0
6
159
334
486
592
641
624
532
417
257
83
0
0
0
0
0
0
0
0
0
0
0
0
0
18
204
320
386
396
361
692
546
200
24
8
0
0
0
0
0
0
0
0
0
0
0
0
0
15
48
31
85
225
208
483
570
525
157
70
0
0
0
0
0
0
0
0
0
0
0
0
0
10
169
413
514
528
427
447
484
353
265
87
1
0
0
0
0
0
0
0
0
0
0
0
0
9
157
328
490
580
628
530
518
405
229
69
0
0
0
0
0
0
0
0
0
0
0
0
0
11
189
375
532
640
688
674
597
463
288
103
0
0
0
0
0
0
0
0
0
0
0
0
0
12
203
402
568
684
730
715
634
489
303
109
0
0
0
0
0
0
0
0
0
0
0
0
0
12
201
396
563
675
724
716
640
494
309
112
0
0
0
0
0
0
0
0
0
0
0
0
0
13
183
352
494
591
632
612
549
432
270
101
0
0
0
0
0
0
0
0
0
0
0
0
0
13
194
378
532
634
679
664
595
454
290
110
0
0
0
0
0
0
0
0
0
0
0
0
0
13
187
375
525
607
638
644
559
442
289
117
1
0
0
0
0
0
0
0
0
0
0
0
0
16
209
410
581
701
754
734
656
513
323
122
1
0
0
0
0
0
0
0
0
0
0
0
0
16
181
360
508
606
653
639
563
436
280
102
1
0
0
0
0
0
0
0
0
0
0
0
0
18
205
388
554
659
719
710
623
488
304
119
1
0
0
0
0
0
0
0
0
0
0
0
0
24
198
346
506
620
625
678
551
429
288
128
2
0
0
0
0
0
0
0
0
0
0
0
0
19
192
361
491
625
692
689
624
485
309
127
2
0
0
0
0
0
0
0
0
0
0
0
0
9
67
85
146
190
227
189
163
119
62
44
1
0
0
0
0
0
0
0
0
0
0
0
0
4
34
86
210
220
310
243
198
160
79
37
1
0
0
0
0
0
0
0
0
0
0
0
0
13
225
496
545
523
349
390
81
64
30
12
1
0
0
0
0
0
0
0
0
0
0
0
0
10
115
202
289
361
367
362
291
212
141
55
1
0
0
0
0
0
0
0
0
0
0
0
0
6
89
177
369
418
629
546
261
45
171
120
6
0
0
0
0
0
0
0
0
0
0
0
0
28
255
454
719
745
607
534
382
196
68
13
1
0
0
0
0
0
0
0
0
0
0
0
0
71
257
456
616
739
780
760
678
544
357
153
4
0
0
0
0
0
0
0
0
0
0
0
0
74
259
455
622
739
784
760
679
539
351
151
3
0
0
0
0
0
0
0
0
0
0
0
0
80
272
476
643
754
797
783
702
556
364
158
4
0
0
0
0
0
0
0
0
0
0
0
0
81
262
446
602
713
743
723
629
504
329
139
2
0
0
0
0
0
0
0
0
0
0
0
0
88
282
478
639
748
800
778
696
548
364
160
4
0
0
0
0
0
0
0
0
0
0
0
0
92
288
476
633
736
776
763
680
560
368
164
5
0
0
0
0
0
0
0
0
0
0
0
0
91
282
461
614
693
755
741
661
509
337
139
2
0
0
0
0
0
0
0
0
0
0
0
0
98
291
492
636
743
787
763
690
546
365
166
4
0
0
0
0
0
0
0
0
0
0
0
0
101
280
457
614
714
768
755
678
549
373
169
7
0
0
0
0
0
0
0
0
0
0
0
0
94
284
476
613
712
760
726
664
542
359
157
7
0
0
0
0
0
0
0
0
0
0
0
0
106
308
511
680
797
851
834
741
587
389
179
7
0
0
0
0
0
0
0
0
0
0
0
1
106
298
487
649
759
802
793
715
569
381
178
9
0
0
0
0
0
0
0
0
0
0
0
1
112
311
502
646
748
796
783
700
557
379
178
8
0
0
0
0
0
0
0
0
0
0
0
1
78
208
379
471
561
576
549
471
381
260
123
4
0
0
0
0
0
0
0
0
0
0
0
1
98
264
406
523
601
627
616
561
445
298
141
7
0
0
0
0
0
0
0
0
0
0
0
1
98
280
472
595
685
649
649
543
416
281
129
3
0
0
0
0
0
0
0
0
0
0
0
2
125
318
504
647
752
799
787
704
570
391
191
10
0
0
0
0
0
0
0
0
0
0
0
2
120
309
461
560
677
760
733
649
538
384
195
12
0
0
0
0
0
0
0
0
0
0
0
2
152
373
585
752
868
916
892
800
645
439
216
12
0
0
0
0
0
0
0
0
0
0
0
3
127
320
526
641
737
739
747
672
567
401
203
14
0
0
0
0
0
0
0
0
0
0
0
3
145
345
535
691
793
832
818
723
573
385
195
12
0
0
0
0
0
0
0
0
0
0
0
1
68
160
297
351
367
392
375
389
303
213
103
7
0
0
0
0
0
0
0
0
0
0
0
4
74
141
203
231
234
190
204
162
114
95
61
9
0
0
0
0
0
0
0
0
0
0
0
3
146
340
541
689
793
834
817
738
587
407
202
13
0
0
0
0
0
0
0
0
0
0
0
5
153
351
555
709
802
820
799
711
590
390
199
15
0
0
0
0
0
0
0
0
0
0
0
2
123
313
483
569
723
725
647
542
452
318
148
11
0
0
0
0
0
0
0
0
0
0
0
8
162
337
506
648
752
786
716
630
562
385
177
14
0
0
0
0
0
0
0
0
0
0
0
6
154
339
526
692
795
820
784
707
580
389
191
10
0
0
0
0
0
0
0
0
0
0
0
11
209
433
672
807
507
527
493
505
406
297
143
15
0
0
0
0
0
0
0
0
0
0
0
5
201
417
626
750
514
552
686
692
481
317
186
20
0
0
0
0
0
0
0
0
0
0
0
5
66
375
477
501
415
253
362
487
284
191
158
38
0
0
0
0
0
0
0
0
0
0
0
15
150
334
735
714
641
87
126
76
370
225
173
5
0
0
0
0
0
0
0
0
0
0
0
12
210
433
645
811
920
960
934
839
681
474
247
23
0
0
0
0
0
0
0
0
0
0
0
13
200
410
606
761
858
907
880
791
646
450
238
24
0
0
0
0
0
0
0
0
0
0
0
13
197
397
552
701
803
819
783
711
582
394
213
22
0
0
0
0
0
0
0
0
0
0
0
15
213
425
618
765
865
904
878
784
638
452
239
25
0
0
0
0
0
0
0
0
0
0
0
17
215
428
625
777
880
915
891
802
650
455
244
26
0
0
0
0
0
0
0
0
0
0
0
20
256
517
710
870
519
548
510
510
399
283
149
16
0
0
0
0
0
0
0
0
0
0
0
20
224
407
549
705
799
813
785
720
587
404
207
18
0
0
0
0
0
0
0
0
0
0
0
14
131
268
366
427
517
524
544
512
426
289
132
5
0
0
0
0
0
0
0
0
0
0
0
14
259
489
701
922
444
540
434
469
321
237
106
14
0
0
0
0
0
0
0
0
0
0
0
25
252
500
752
916
562
571
543
468
338
259
142
19
0
0
0
0
0
0
0
0
0
0
0
39
205
485
692
819
770
569
206
168
191
220
136
23
0
0
0
0
0
0
0
0
0
0
0
29
243
459
653
806
896
932
900
803
652
467
258
35
0
0
0
0
0
0
0
0
0
0
0
31
246
460
648
791
883
913
879
779
632
439
236
29
0
0
0
0
0
0
0
0
0
0
0
28
210
441
470
522
556
688
547
684
484
461
201
25
0
0
0
0
0
0
0
0
0
0
0
73
265
481
678
828
918
940
901
802
652
459
248
67
0
0
0
0
0
0
0
0
0
0
0
67
243
436
623
754
846
891
865
772
634
452
248
71
0
0
0
0
0
0
0
0
0
0
0
66
240
424
599
726
812
816
824
725
569
418
213
62
0
0
0
0
0
0
0
0
0
0
0
81
277
502
697
847
946
977
946
846
689
485
264
75
0
0
0
0
0
0
0
0
0
0
0
80
268
477
670
819
905
934
907
812
672
483
269
79
0
0
0
0
0
0
0
0
0
0
0
87
285
505
703
853
956
993
963
870
715
517
296
90
0
0
0
0
0
0
0
0
0
0
0
88
288
507
703
850
939
965
927
831
670
476
264
77
0
0
0
0
0
0
0
0
0
0
0
87
277
490
681
831
926
961
934
846
697
502
284
89
0
0
0
0
0
0
0
0
0
0
0
87
278
490
681
821
913
942
907
815
657
470
262
80
0
0
0
0
0
0
0
0
0
0
0
87
270
469
655
796
872
912
889
814
679
490
284
90
0
0
0
0
0
0
0
0
0
0
0
88
265
455
622
779
876
908
872
786
636
463
266
87
0
0
0
0
0
0
0
0
0
0
0
94
281
480
660
784
882
899
871
770
641
444
253
79
0
0
0
0
0
0
0
0
0
0
0
89
274
475
666
805
879
891
854
777
653
473
266
87
0
0
0
0
0
0
0
0
0
0
1
106
304
516
704
848
938
966
933
839
692
502
289
95
0
0
0
0
0
0
0
0
0
0
1
102
290
496
680
822
911
940
919
834
693
510
301
103
1
0
0
0
0
0
0
0
0
0
1
106
302
501
682
828
916
939
895
809
670
488
285
96
0
0
0
0
0
0
0
0
0
0
0
68
206
336
497
577
632
608
611
541
436
329
206
72
0
0
0
0
0
0
0
0
0
0
1
122
208
392
657
473
740
868
515
409
350
302
225
60
0
0
0
0
0
0
0
0
0
0
2
100
267
411
552
615
749
848
808
745
609
450
281
109
1
0
0
0
0
0
0
0
0
0
1
112
306
508
690
833
917
944
919
836
694
512
301
108
1
0
0
0
0
0
0
0
0
0
1
102
275
459
613
741
834
851
810
739
613
455
262
90
0
0
0
0
0
0
0
0
0
0
1
102
268
440
597
717
790
811
783
706
579
421
248
87
0
0
0
0
0
0
0
0
0
0
2
129
338
559
751
904
1002
1032
1000
906
753
550
327
118
1
0
0
0
0
0
0
0
0
0
2
123
318
524
710
850
944
984
958
873
729
540
325
121
2
0
0
0
0
0
0
0
0
0
2
130
333
546
739
885
973
998
966
873
729
538
321
118
1
0
0
0
0
0
0
0
0
0
2
121
310
503
683
807
886
906
874
784
650
467
277
101
1
0
0
0
0
0
0
0
0
0
2
103
261
429
561
676
761
752
715
644
520
371
210
72
1
0
0
0
0
0
0
0
0
0
1
59
183
252
373
441
501
618
673
563
490
307
182
54
2
0
0
0
0
0
0
0
0
0
3
133
327
523
698
839
935
966
933
834
685
506
304
116
1
0
0
0
0
0
0
0
0
0
3
131
320
521
701
851
931
963
931
848
709
524
319
123
2
0
0
0
0
0
0
0
0
0
3
112
259
420
553
649
743
721
709
640
565
421
252
99
1
0
0
0
0
0
0
0
0
0
2
27
104
195
63
127
83
470
996
649
818
425
368
143
5
0
0
0
0
0
0
0
0
0
2
139
355
618
796
865
552
489
454
465
347
233
68
10
1
0
0
0
0
0
0
0
0
0
4
147
356
575
767
915
1008
1037
1004
911
761
564
346
137
3
0
0
0
0
0
0
0
0
0
4
159
376
599
794
944
1035
1059
1020
925
770
572
349
137
2
0
0
0
0
0
0
0
0
0
4
146
346
555
738
871
954
985
955
859
718
534
328
131
2
0
0
0
0
0
0
0
0
0
2
100
230
395
523
614
629
640
646
603
477
390
228
85
1
0
0
0
0
0
0
0
0
0
9
86
148
386
624
1020
640
991
217
74
62
49
29
12
1
0
0
0
0
0
0
0
0
0
4
119
272
446
608
728
773
792
780
702
559
422
249
91
1
0
0
0
0
0
0
0
0
0
5
153
360
574
763
908
1001
1025
996
901
748
559
345
141
3
0
0
0
0
0
0
0
0
0
5
144
340
541
717
859
945
972
931
838
697
509
315
129
3
0
0
0
0
0
0
0
0
0
5
151
355
565
744
892
974
997
964
874
731
549
343
143
4
0
0
0
0
0
0
0
0
0
5
142
337
545
724
876
967
1001
971
876
730
543
338
141
5
0
0
0
0
0
0
0
0
0
4
120
270
423
599
762
840
862
851
768
651
498
291
123
5
0
0
0
0
0
0
0
0
0
6
116
282
478
605
731
793
885
801
794
672
478
277
128
3
0
0
0
0
0
0
0
0
0
5
138
330
518
695
797
887
901
869
798
666
484
301
128
3
0
0
0
0
0
0
0
0
0
5
121
297
474
625
787
846
866
863
772
644
503
312
145
6
0
0
0
0
0
0
0
0
0
5
135
311
494
660
789
878
906
886
823
693
524
342
151
7
0
0
0
0
0
0
0
0
0
6
148
340
539
725
862
951
988
952
853
717
540
338
147
5
0
0
0
0
0
0
0
0
0
6
151
345
545
719
857
940
972
937
853
722
548
348
152
6
0
0
0
0
0
0
0
0
0
6
145
335
529
707
839
924
950
924
835
706
536
338
150
7
0
0
0
0
0
0
0
0
0
2
54
130
202
230
258
278
270
259
212
159
80
57
30
2
0
0
0
0
0
0
0
0
0
5
141
320
499
681
807
909
922
898
829
697
541
339
146
6
0
0
0
0
0
0
0
0
0
5
132
312
501
668
810
889
919
878
784
663
514
319
145
6
0
0
0
0
0
0
0
0
0
5
146
336
530
706
816
864
902
860
783
629
464
292
121
2
0
0
0
0
0
0
0
0
0
4
84
225
343
471
723
741
840
746
640
673
580
367
177
14
0
0
0
0
0
0
0
0
0
4
105
258
360
521
565
615
678
712
610
463
407
251
98
2
0
0
0
0
0
0
0
0
0
2
114
275
495
611
775
893
896
821
701
563
438
267
131
6
0
0
0
0
0
0
0
0
0
4
98
220
342
462
557
630
669
643
570
449
368
240
97
2
0
0
0
0
0
0
0
0
0
6
146
342
546
725
867
957
991
959
875
735
554
347
155
7
0
0
0
0
0
0
0
0
0
5
131
316
510
670
803
906
921
903
819
666
498
320
143
6
0
0
0
0
0
0
0
0
0
5
156
382
557
812
903
553
583
591
485
432
334
239
102
5
0
0
0
0
0
0
0
0
0
5
140
329
526
706
843
938
975
942
860
730
560
364
163
10
0
0
0
0
0
0
0
0
0
5
130
307
494
670
817
913
949
930
850
723
537
348
157
8
0
0
0
0
0
0
0
0
0
4
128
300
482
630
764
848
900
903
780
639
495
301
130
4
0
0
0
0
0
0
0
0
0
5
133
319
511
682
831
926
953
933
861
718
545
352
166
11
0
0
0
0
0
0
0
0
0
5
145
342
547
731
878
971
1011
990
901
756
584
380
172
11
0
0
0
0
0
0
0
0
0
4
132
306
469
676
783
840
835
840
780
677
536
331
141
6
0
0
0
0
0
0
0
0
0
3
128
291
428
568
723
806
899
864
789
658
484
289
120
2
0
0
0
0
0
0
0
0
0
5
136
323
515
698
833
930
937
906
833
701
530
341
154
8
0
0
0
0
0
0
0
0
0
5
141
326
513
691
818
887
927
870
752
644
488
304
137
5
0
0
0
0
0
0
0
0
0
2
94
232
450
623
744
870
899
816
752
646
480
312
152
9
0
0
0
0
0
0
0
0
0
4
119
300
449
565
705
804
918
810
711
568
461
299
152
18
0
0
0
0
0
0
0
0
0
1
23
119
396
417
365
131
274
653
751
535
506
330
181
19
0
0
0
0
0
0
0
0
0
3
133
345
547
706
886
538
579
571
520
407
280
186
105
2
0
0
0
0
0
0
0
0
0
4
120
296
487
678
807
899
946
911
814
691
508
326
148
7
0
0
0
0
0
0
0
0
0
3
125
300
484
646
767
847
878
875
807
685
529
343
156
9
0
0
0
0
0
0
0
0
0
1
26
99
108
244
233
323
542
576
461
458
456
313
149
28
0
0
0
0
0
0
0
0
0
3
94
249
436
563
709
804
778
700
619
516
376
246
106
2
0
0
0
0
0
0
0
0
0
3
141
344
555
740
881
971
997
967
881
741
561
358
159
5
0
0
0
0
0
0
0
0
0
2
100
249
429
609
750
832
827
808
762
665
545
372
177
14
0
0
0
0
0
0
0
0
0
3
115
291
495
669
799
890
931
895
813
708
539
356
168
12
0
0
0
0
0
0
0
0
0
2
113
286
474
652
773
880
915
890
824
703
518
325
149
7
0
0
0
0
0
0
0
0
0
2
122
308
505
679
820
910
945
925
849
720
543
343
150
6
0
0
0
0
0
0
0
0
0
2
121
308
508
684
827
912
954
941
858
720
547
346
154
6
0
0
0
0
0
0
0
0
0
2
116
302
487
654
770
853
892
879
785
682
513
329
141
4
0
0
0
0
0
0
0
0
0
1
118
255
361
496
668
754
757
803
832
720
550
335
148
6
0
0
0
0
0
0
0
0
0
2
117
308
513
694
840
926
957
927
850
712
536
336
147
5
0
0
0
0
0
0
0
0
0
2
110
290
490
682
824
918
955
931
858
730
554
354
160
9
0
0
0
0
0
0
0
0
0
4
111
324
502
601
725
768
820
817
671
452
390
250
132
5
0
0
0
0
0
0
0
0
0
1
101
263
444
615
703
773
814
822
781
700
530
326
133
7
0
0
0
0
0
0
0
0
0
1
101
272
467
645
782
878
895
867
785
688
531
339
147
7
0
0
0
0
0
0
0
0
0
1
101
286
486
663
795
884
906
856
791
671
506
314
129
2
0
0
0
0
0
0
0
0
0
1
96
268
449
638
766
837
884
785
726
621
456
291
122
3
0
0
0
0
0
0
0
0
0
1
100
244
412
597
697
725
854
770
576
551
408
282
146
11
0
0
0
0
0
0
0
0
0
1
95
260
442
625
774
846
876
874
789
660
506
322
132
4
0
0
0
0
0
0
0
0
0
1
108
302
514
701
853
954
993
969
884
746
563
353
153
5
0
0
0
0
0
0
0
0
0
1
87
256
450
626
732
843
901
853
783
645
476
304
131
5
0
0
0
0
0
0
0
0
0
1
96
279
475
657
800
887
935
911
825
694
522
317
132
4
0
0
0
0
0
0
0
0
0
1
93
271
471
653
797
895
925
902
824
689
514
317
132
4
0
0
0
0
0
0
0
0
0
1
93
276
466
642
757
858
904
862
766
647
491
309
126
3
0
0
0
0
0
0
0
0
0
1
95
277
489
678
825
914
952
923
838
700
523
325
133
3
0
0
0
0
0
0
0
0
0
0
70
220
377
571
727
820
819
820
761
662
501
336
139
5
0
0
0
0
0
0
0
0
0
0
85
241
424
597
725
809
828
810
765
624
457
283
113
2
0
0
0
0
0
0
0
0
0
0
78
233
404
596
748
824
854
813
773
641
479
302
126
4
0
0
0
0
0
0
0
0
0
1
85
239
402
538
684
728
774
801
742
626
503
307
119
2
0
0
0
0
0
0
0
0
0
0
80
246
434
604
736
823
858
838
762
636
475
290
115
2
0
0
0
0
0
0
0
0
0
0
70
206
390
547
655
710
707
717
685
531
412
236
95
1
0
0
0
0
0
0
0
0
0
0
76
239
414
581
699
787
817
793
718
594
440
263
99
1
0
0
0
0
0
0
0
0
0
0
82
263
467
644
795
880
905
878
801
662
485
291
109
1
0
0
0
0
0
0
0
0
0
0
78
248
442
632
787
882
890
867
794
649
501
303
120
2
0
0
0
0
0
0
0
0
0
0
80
263
471
658
810
908
950
922
837
697
509
304
113
1
0
0
0
0
0
0
0
0
0
0
76
248
443
623
767
855
888
866
785
647
474
281
102
1
0
0
0
0
0
0
0
0
0
0
62
209
384
521
656
744
750
750
680
574
412
240
82
1
0
0
0
0
0
0
0
0
0
0
69
244
463
673
821
552
560
527
501
413
302
187
67
1
0
0
0
0
0
0
0
0
0
0
76
260
469
658
812
922
966
938
852
699
511
302
107
1
0
0
0
0
0
0
0
0
0
0
68
242
444
623
755
859
898
872
788
640
465
275
96
1
0
0
0
0
0
0
0
0
0
0
73
256
468
661
815
911
950
922
834
687
502
291
99
0
0
0
0
0
0
0
0
0
0
0
70
249
458
648
803
904
947
922
842
704
520
306
104
1
0
0
0
0
0
0
0
0
0
0
71
254
467
666
817
918
954
931
839
694
502
290
98
0
0
0
0
0
0
0
0
0
0
0
72
261
475
669
826
928
964
935
845
704
512
294
98
0
0
0
0
0
0
0
0
0
0
0
59
201
377
544
641
759
775
826
734
623
487
297
100
1
0
0
0
0
0
0
0
0
0
0
34
223
406
592
717
755
855
777
736
591
429
237
80
0
0
0
0
0
0
0
0
0
0
0
30
237
443
631
786
875
906
884
798
655
473
269
84
0
0
0
0
0
0
0
0
0
0
0
29
234
430
612
756
860
866
817
747
624
435
241
70
0
0
0
0
0
0
0
0
0
0
0
29
239
450
643
797
895
933
904
816
671
479
266
79
0
0
0
0
0
0
0
0
0
0
0
29
233
433
607
763
868
889
844
738
598
423
234
66
0
0
0
0
0
0
0
0
0
0
0
27
232
439
631
784
886
926
909
822
676
487
268
78
0
0
0
0
0
0
0
0
0
0
0
23
208
411
573
718
815
862
818
758
606
427
239
67
0
0
0
0
0
0
0
0
0
0
0
16
214
434
512
544
622
617
685
750
643
434
220
25
0
0
0
0
0
0
0
0
0
0
0
20
195
367
539
648
777
833
767
641
497
338
153
6
0
0
0
0
0
0
0
0
0
0
0
4
138
152
303
297
387
722
988
850
488
260
103
47
0
0
0
0
0
0
0
0
0
0
0
4
56
122
182
221
264
307
325
279
225
164
91
14
0
0
0
0
0
0
0
0
0
0
0
12
175
346
518
710
784
840
782
681
570
420
236
32
0
0
0
0
0
0
0
0
0
0
0
21
198
429
611
735
784
829
760
660
493
320
182
9
0
0
0
0
0
0
0
0
0
0
0
22
234
455
653
809
912
948
918
830
675
474
248
27
0
0
0
0
0
0
0
0
0
0
0
21
227
442
643
800
900
934
900
801
644
447
230
22
0
0
0
0
0
0
0
0
0
0
0
12
149
328
497
545
680
548
462
525
322
268
138
4
0
0
0
0
0
0
0
0
0
0
0
15
144
258
431
553
756
898
717
650
536
368
182
19
0
0
0
0
0
0
0
0
0
0
0
7
89
190
297
361
400
368
318
311
258
155
77
3
0
0
0
0
0
0
0
0
0
0
0
12
92
252
292
374
523
607
658
699
555
425
239
42
0
0
0
0
0
0
0
0
0
0
0
18
193
372
541
669
762
826
746
609
499
366
189
12
0
0
0
0
0
0
0
0
0
0
0
16
218
435
639
795
895
928
892
786
625
421
204
11
0
0
0
0
0
0
0
0
0
0
0
15
211
422
610
755
837
867
830
740
584
398
192
11
0
0
0
0
0
0
0
0
0
0
0
15
204
405
597
727
791
817
787
688
547
365
177
9
0
0
0
0
0
0
0
0
0
0
0
14
203
405
591
737
824
857
839
737
589
400
189
10
0
0
0
0
0
0
0
0
0
0
0
10
181
357
528
595
726
669
625
537
439
261
116
2
0
0
0
0
0
0
0
0
0
0
0
11
186
379
553
698
792
829
789
696
557
373
177
10
0
0
0
0
0
0
0
0
0
0
0
9
152
302
459
572
620
643
578
500
369
237
106
2
0
0
0
0
0
0
0
0
0
0
0
12
209
428
629
784
884
917
884
779
616
408
186
7
0
0
0
0
0
0
0
0
0
0
0
9
155
325
478
599
665
694
641
560
428
279
121
2
0
0
0
0
0
0
0
0
0
0
0
8
157
323
506
627
741
779
750
686
584
384
176
9
0
0
0
0
0
0
0
0
0
0
0
8
184
379
522
676
700
717
690
640
525
347
144
2
0
0
0
0
0
0
0
0
0
0
0
10
203
421
618
770
866
895
847
743
575
371
156
2
0
0
0
0
0
0
0
0
0
0
0
10
199
419
623
782
878
904
864
757
588
381
161
4
0
0
0
0
0
0
0
0
0
0
0
6
144
295
461
536
586
598
578
498
403
245
90
1
0
0
0
0
0
0
0
0
0
0
0
8
169
353
515
669
765
771
740
637
488
299
124
2
0
0
0
0
0
0
0
0
0
0
0
8
183
396
590
735
825
853
818
709
547
348
141
2
0
0
0
0
0
0
0
0
0
0
0
7
183
395
591
744
839
868
831
725
557
351
138
2
0
0
0
0
0
0
0
0
0
0
0
7
176
377
565
712
802
832
796
691
531
337
132
2
0
0
0
0
0
0
0
0
0
0
0
2
131
305
502
652
681
708
577
584
389
259
119
3
0
0
0
0
0
0
0
0
0
0
0
5
121
264
388
513
606
615
584
461
365
206
71
0
0
0
0
0
0
0
0
0
0
0
0
5
128
288
426
521
588
607
575
499
380
232
82
0
0
0
0
0
0
0
0
0
0
0
0
6
156
341
529
682
768
798
735
642
468
287
101
0
0
0
0
0
0
0
0
0
0
0
0
5
142
318
482
606
676
701
666
570
425
257
91
0
0
0
0
0
0
0
0
0
0
0
0
5
155
350
530
668
751
772
729
628
473
284
98
0
0
0
0
0
0
0
0
0
0
0
0
1
57
159
244
332
371
407
368
327
224
137
53
0
0
0
0
0
0
0
0
0
0
0
0
4
139
323
484
610
691
715
695
620
452
266
86
0
0
0
0
0
0
0
0
0
0
0
0
3
138
338
524
618
695
700
655
573
424
241
66
0
0
0
0
0
0
0
0
0
0
0
0
1
55
135
213
269
295
309
288
258
188
110
35
0
0
0
0
0
0
0
0
0
0
0
0
1
42
125
317
230
300
464
462
552
274
317
98
0
0
0
0
0
0
0
0
0
0
0
0
3
123
306
471
596
670
697
682
583
389
214
59
0
0
0
0
0
0
0
0
0
0
0
0
3
144
337
514
659
746
770
736
633
462
267
78
0
0
0
0
0
0
0
0
0
0
0
0
3
128
298
458
586
638
671
642
573
413
225
65
0
0
0
0
0
0
0
0
0
0
0
0
1
69
163
264
373
423
405
391
307
243
146
22
0
0
0
0
0
0
0
0
0
0
0
0
1
86
187
320
413
461
476
359
288
218
107
6
0
0
0
0
0
0
0
0
0
0
0
0
2
127
308
488
618
722
740
690
587
425
242
29
0
0
0
0
0
0
0
0
0
0
0
0
1
121
271
410
575
631
659
579
473
314
157
5
0
0
0
0
0
0
0
0
0
0
0
0
1
121
305
504
645
681
699
611
509
352
199
17
0
0
0
0
0
0
0
0
0
0
0
0
1
118
303
481
623
713
731
688
581
415
225
24
0
0
0
0
0
0
0
0
0
0
0
0
1
131
334
522
670
755
763
715
598
428
229
21
0
0
0
0
0
0
0
0
0
0
0
0
1
92
256
404
512
547
562
504
438
310
159
4
0
0
0
0
0
0
0
0
0
0
0
0
1
88
264
288
300
434
592
613
581
362
147
14
0
0
0
0
0
0
0
0
0
0
0
0
1
84
215
358
482
539
525
487
419
291
150
12
0
0
0
0
0
0
0
0
0
0
0
0
1
118
315
504
651
742
759
709
596
422
221
19
0
0
0
0
0
0
0
0
0
0
0
0
1
109
289
455
600
670
694
659
553
393
209
19
0
0
0
0
0
0
0
0
0
0
0
0
1
105
289
466
603
687
707
659
558
401
210
17
0
0
0
0
0
0
0
0
0
0
0
0
0
100
276
450
590
662
665
627
500
320
154
4
0
0
0
0
0
0
0
0
0
0
0
0
1
62
168
315
395
445
484
412
325
207
113
3
0
0
0
0
0
0
0
0
0
0
0
0
0
106
298
489
626
692
703
651
529
369
182
9
0
0
0
0
0
0
0
0
0
0
0
0
0
95
257
391
635
676
732
605
494
401
205
11
0
0
0
0
0
0
0
0
0
0
0
0
0
75
200
383
507
597
636
542
451
323
159
5
0
0
0
0
0
0
0
0
0
0
0
0
0
51
131
207
298
312
312
280
217
147
68
2
0
0
0
0
0
0
0
0
0
0
0
0
0
68
203
345
453
546
528
457
366
244
117
2
0
0
0
0
0
0
0
0
0
0
0
0
0
90
274
456
589
668
676
633
521
364
176
8
0
0
0
0
0
0
0
0
0
0
0
0
0
42
168
292
358
380
520
494
466
364
191
15
0
0
0
0
0
0
0
0
0
0
0
0
0
55
166
306
387
464
499
361
341
268
84
2
0
0
0
0
0
0
0
0
0
0
0
0
0
77
250
362
499
578
581
563
461
283
134
6
0
0
0
0
0
0
0
0
0
0
0
0
0
84
262
407
490
544
508
457
444
275
120
6
0
0
0
0
0
0
0
0
0
0
0
0
0
40
124
218
242
286
321
324
267
176
83
2
0
0
0
0
0
0
0
0
0
0
0
0
0
66
229
386
514
569
596
585
459
319
148
4
0
0
0
0
0
0
0
0
0
0
0
0
0
32
117
96
49
117
237
385
454
228
68
3
0
0
0
0
0
0
0
0
0
0
0
0
0
67
239
393
526
570
595
566
453
322
146
5
0
0
0
0
0
0
0
0
0
0
0
0
0
20
163
272
342
471
436
472
397
295
124
1
0
0
0
0
0
0
0
0
0
0
0
0
0
34
242
417
558
644
661
613
498
337
148
3
0
0
0
0
0
0
0
0
0
0
0
0
0
31
235
411
558
647
655
594
479
320
137
2
0
0
0
0
0
0
0
0
0
0
0
0
0
29
232
403
536
623
622
567
458
305
133
2
0
0
0
0
0
0
0
0
0
0
0
0
0
24
192
350
483
553
573
528
432
299
145
5
0
0
0
0
0
0
0
0
0
0
0
0
0
20
162
303
403
460
462
421
336
210
89
1
0
0
0
0
0
0
0
0
0
0
0
0
0
10
47
99
116
122
76
489
393
234
98
1
0
0
0
0
0
0
0
0
0
0
0
0
0
21
208
368
489
560
582
554
428
286
127
2
0
0
0
0
0
0
0
0
0
0
0
0
0
23
223
405
549
633
655
609
495
330
141
2
0
0
0
0
0
0
0
0
0
0
0
0
0
18
174
319
433
530
531
494
403
261
105
1
0
0
0
0
0
0
0
0
0
0
0
0
0
14
181
316
451
515
590
532
427
287
117
1
0
0
0
0
0
0
0
0
0
0
0
0
0
8
92
179
265
355
381
313
225
136
49
1
0
0
0
0
0
0
0
0
0
0
0
0
0
3
97
209
330
356
362
334
274
175
74
1
0
0
0
0
0
0
0
0
0
0
0
0
0
8
115
206
284
362
355
358
295
176
62
1
0
0
0
0
0
0
0
0
0
0
0
0
0
14
185
344
483
563
583
528
423
271
110
1
0
0
0
0
0
0
0
0
0
0
0
0
0
5
39
70
112
129
122
487
386
242
96
1
0
0
0
0
0
0
0
0
0
0
0
0
0
13
196
366
501
580
596
552
452
300
124
1
0
0
0
0
0
0
0
0
0
0
0
0
0
11
165
300
429
492
513
465
370
237
93
1
0
0
0
0
0
0
0
0
0
0
0
0
0
11
169
332
471
526
535
514
419
276
118
1
0
0
0
0
0
0
0
0
0
0
0
0
0
10
171
337
478
562
589
546
449
296
121
2
0
0
0
0
0
0
0
0
0
0
0
0
0
2
99
250
298
359
400
459
303
256
125
2
0
0
0
0
0
0
0
0
0
0
0
0
0
11
129
284
414
507
490
416
338
217
92
1
0
0
0
0
0
0
0
0
0
0
0
0
0
5
90
155
188
316
213
121
143
147
83
6
0
0
0
0
0
0
0
0
0
0
0
0
0
7
144
292
411
475
481
446
366
239
95
1
0
0
0
0
0
0
0
0
0
0
0
0
0
5
96
203
293
360
328
267
178
104
10
1
0
0
0
0
0
0
0
0
0
0
0
0
0
5
131
270
393
458
483
434
353
232
90
1
0
0
0
0
0
0
0
0
0
0
0
0
0
7
166
341
483
574
600
556
456
300
122
1
0
0
0
0
0
0
0
0
0
0
0
0
0
6
159
327
464
544
564
520
420
278
113
1
0
0
0
0
0
0
0
0
0
0
0
0
0
6
154
317
452
519
547
492
401
263
110
1
0
0
0
0
0
0
0
0
0
0
0
0
0
2
43
112
186
214
203
179
165
114
40
1
0
0
0
0
0
0
0
0
0
0
0
0
0
4
94
251
164
50
77
337
401
324
131
5
0
0
0
0
0
0
0
0
0
0
0
0
0
1
36
108
188
265
261
350
388
310
122
4
0
0
0
0
0
0
0
0
0
0
0
0
0
1
80
183
268
319
336
303
258
153
60
1
0
0
0
0
0
0
0
0
0
0
0
0
0
4
126
268
391
465
490
452
361
232
95
1
0
0
0
0
0
0
0
0
0
0
0
0
0
3
112
248
359
419
441
409
330
212
86
1
0
0
0
0
0
0
0
0
0
0
0
0
0
3
142
313
454
550
578
540
439
291
120
1
0
0
0
0
0
0
0
0
0
0
0
0
0
1
79
136
203
272
314
296
243
170
74
2
0
0
0
0
0
0
0
0
0
0
0
0
0
1
60
137
208
278
280
258
217
147
48
1
0
0
0
0
0
0
0
0
0
0
0
0
0
3
130
293
431
524
552
519
427
285
122
2
0
0
0
0
0
0
0
0
0
0
0
0
0
3
133
299
442
534
562
529
430
284
117
1
0
0
0
0
0
0
0
0
0
0
0
0
0
2
121
270
408
496
529
499
400
262
107
1
0
0
0
0
0
0
0
0
0
0
0
0
0
2
116
273
405
505
522
499
408
286
124
2
0
0
0
0
0
0
0
0
0
0
0
0
0
1
104
236
361
423
462
414
337
240
107
1
0
0
0
0
0
0
0
0
0
0
0
0
0
1
31
55
62
99
109
379
357
276
133
4
0
0
0
0
0
0
0
0
0
0
0
0
0
2
123
289
428
524
557
534
439
300
131
3
0
0
0
0
0
0
0
0
0
0
0
0
0
2
121
283
423
516
552
522
428
290
126
2
0
0
0
0
0
0
0
0
0
0
0
0
0
1
101
244
359
494
511
458
391
259
108
1
0
0
0
0
0
0
0
0
0
0
0
0
0
1
95
217
327
403
418
402
340
230
95
1
0
0
0
0
0
0
0
0
0
0
0
0
0
1
99
237
355
434
484
443
384
269
119
4
0
0
0
0
0
0
0
0
0
0
0
0
0
2
100
250
386
477
493
483
419
287
123
3
0
0
0
0
0
0
0
0
0
0
0
0
0
1
61
138
192
234
260
248
237
167
76
3
0
0
0
0
0
0
0
0
0
0
0
0
0
1
45
113
174
229
249
217
168
119
55
1
0
0
0
0
0
0
0
0
0
0
0
0
0
1
57
134
200
221
239
233
195
121
53
1
0
0
0
0
0
0