0
0
0
0
0
0
0
1
115
263
390
498
514
501
416
294
129
3
0
0
0
0
0
0
0
0
0
0
0
0
0
2
118
266
387
408
455
417
390
255
110
1
0
0
0
0
0
0
0
0
0
0
0
0
0
2
114
209
288
464
388
387
352
273
179
6
0
0
0
0
0
0
0
0
0
0
0
0
0
4
126
284
418
507
541
511
416
300
137
3
0
0
0
0
0
0
0
0
0
0
0
0
0
4
156
342
498
598
632
596
499
341
156
3
0
0
0
0
0
0
0
0
0
0
0
0
0
3
135
293
433
505
562
532
444
298
141
3
0
0
0
0
0
0
0
0
0
0
0
0
0
2
120
273
437
490
502
500
406
265
119
2
0
0
0
0
0
0
0
0
0
0
0
0
0
2
130
296
418
468
522
484
453
290
122
2
0
0
0
0
0
0
0
0
0
0
0
0
0
3
116
266
408
493
510
501
406
253
121
5
0
0
0
0
0
0
0
0
0
0
0
0
0
3
127
277
428
511
504
481
394
259
118
2
0
0
0
0
0
0
0
0
0
0
0
0
0
4
147
325
473
574
618
593
497
354
176
8
0
0
0
0
0
0
0
0
0
0
0
0
0
4
150
330
476
568
600
577
491
349
170
7
0
0
0
0
0
0
0
0
0
0
0
0
0
4
156
346
503
599
634
600
504
355
174
6
0
0
0
0
0
0
0
0
0
0
0
0
0
4
134
290
432
509
546
539
432
334
175
11
0
0
0
0
0
0
0
0
0
0
0
0
0
3
91
250
391
448
412
378
342
235
130
3
0
0
0
0
0
0
0
0
0
0
0
0
0
3
134
249
403
520
579
473
389
271
115
3
0
0
0
0
0
0
0
0
0
0
0
0
0
4
145
325
474
541
574
538
435
310
156
4
0
0
0
0
0
0
0
0
0
0
0
0
0
4
142
307
430
532
565
551
466
350
182
8
0
0
0
0
0
0
0
0
0
0
0
0
0
4
145
315
455
544
601
570
487
351
186
11
0
0
0
0
0
0
0
0
0
0
0
0
0
4
163
353
510
613
653
628
538
390
203
12
0
0
0
0
0
0
0
0
0
0
0
0
0
4
160
347
505
611
657
632
542
392
207
14
0
0
0
0
0
0
0
0
0
0
0
0
0
4
144
326
467
572
584
524
465
341
176
12
0
0
0
0
0
0
0
0
0
0
0
0
0
2
24
51
68
80
105
100
83
63
35
4
0
0
0
0
0
0
0
0
0
0
0
0
0
7
137
357
358
471
535
278
336
288
134
4
0
0
0
0
0
0
0
0
0
0
0
0
0
5
171
363
523
631
674
647
555
412
225
19
0
0
0
0
0
0
0
0
0
0
0
0
0
6
173
368
532
640
680
657
566
418
229
20
0
0
0
0
0
0
0
0
0
0
0
0
0
6
179
379
548
662
708
681
582
426
231
19
0
0
0
0
0
0
0
0
0
0
0
0
0
5
148
332
482
593
614
568
475
349
195
21
0
0
0
0
0
0
0
0
0
0
0
0
0
6
179
376
541
650
696
672
576
423
233
22
0
0
0
0
0
0
0
0
0
0
0
0
0
6
173
363
523
629
675
656
560
412
229
24
0
0
0
0
0
0
0
0
0
0
0
0
0
7
182
380
550
662
703
676
582
432
241
25
0
0
0
0
0
0
0
0
0
0
0
0
0
2
61
136
198
228
233
235
185
118
57
5
0
0
0
0
0
0
0
0
0
0
0
0
0
4
120
250
363
449
480
462
398
270
136
6
0
0
0
0
0
0
0
0
0
0
0
0
0
3
59
121
178
206
208
196
172
114
68
5
0
0
0
0
0
0
0
0
0
0
0
0
0
5
128
261
366
435
486
463
404
273
144
6
0
0
0
0
0
0
0
0
0
0
0
0
0
10
194
393
561
670
715
688
598
450
260
34
0
0
0
0
0
0
0
0
0
0
0
0
0
9
181
374
528
640
681
661
575
427
241
31
0
0
0
0
0
0
0
0
0
0
0
0
0
10
193
390
554
667
715
696
606
454
265
39
0
0
0
0
0
0
0
0
0
0
0
0
0
3
93
198
383
467
346
383
324
190
106
7
0
0
0
0
0
0
0
0
0
0
0
0
0
13
219
428
602
714
760
732
637
480
280
83
0
0
0
0
0
0
0
0
0
0
0
0
0
4
131
242
467
634
594
551
454
322
200
55
0
0
0
0
0
0
0
0
0
0
0
0
0
3
130
258
387
487
557
528
445
334
207
57
0
0
0
0
0
0
0
0
0
0
0
0
0
37
214
416
308
427
407
556
518
134
113
36
0
0
0
0
0
0
0
0
0
0
0
0
0
14
200
384
539
644
689
665
585
451
269
85
0
0
0
0
0
0
0
0
0
0
0
0
0
15
217
414
568
674
719
693
604
462
285
92
0
0
0
0
0
0
0
0
0
0
0
0
0
16
202
382
528
641
683
648
578
452
263
86
0
0
0
0
0
0
0
0
0
0
0
0
0
4
21
38
53
62
66
529
509
411
182
64
0
0
0
0
0
0
0
0
0
0
0
0
0
20
221
417
569
673
727
697
614
475
297
103
0
0
0
0
0
0
0
0
0
0
0
0
0
19
176
348
416
469
577
549
616
484
260
69
0
0
0
0
0
0
0
0
0
0
0
0
0
24
261
478
655
772
821
797
702
544
338
120
0
0
0
0
0
0
0
0
0
0
0
0
0
23
166
373
548
588
628
547
511
351
228
68
0
0
0
0
0
0
0
0
0
0
0
0
0
5
225
513
683
834
525
234
89
45
28
10
0
0
0
0
0
0
0
0
0
0
0
0
0
5
82
199
334
531
560
193
305
300
261
64
0
0
0
0
0
0
0
0
0
0
0
0
0
25
228
432
592
686
731
714
614
472
300
113
1
0
0
0
0
0
0
0
0
0
0
0
0
28
236
415
557
657
672
655
566
451
286
106
0
0
0
0
0
0
0
0
0
0
0
0
0
6
76
286
520
426
274
330
625
419
386
122
1
0
0
0
0
0
0
0
0
0
0
0
0
36
277
492
666
785
833
810
711
554
348
132
1
0
0
0
0
0
0
0
0
0
0
0
0
36
262
458
631
745
799
779
696
540
343
132
1
0
0
0
0
0
0
0
0
0
0
0
0
57
205
358
484
576
592
565
499
408
254
96
1
0
0
0
0
0
0
0
0
0
0
0
0
78
273
473
646
756
799
779
693
545
348
139
2
0
0
0
0
0
0
0
0
0
0
0
0
85
291
502
679
798
851
831
734
573
368
147
2
0
0
0
0
0
0
0
0
0
0
0
0
89
294
500
667
781
823
798
709
558
359
144
2
0
0
0
0
0
0
0
0
0
0
0
0
74
248
416
541
622
656
632
552
438
278
111
1
0
0
0
0
0
0
0
0
0
0
0
0
94
296
501
661
763
806
778
683
534
336
135
1
0
0
0
0
0
0
0
0
0
0
0
0
100
312
524
696
807
853
824
729
572
368
151
2
0
0
0
0
0
0
0
0
0
0
0
0
90
279
465
626
688
729
708
620
501
327
141
3
0
0
0
0
0
0
0
0
0
0
0
0
105
312
515
677
787
831
815
724
576
381
166
4
0
0
0
0
0
0
0
0
0
0
0
0
120
346
566
740
850
892
861
760
597
389
164
2
0
0
0
0
0
0
0
0
0
0
0
0
119
335
546
714
826
869
843
751
599
396
172
4
0
0
0
0
0
0
0
0
0
0
0
0
89
242
406
521
582
631
591
525
405
268
115
1
0
0
0
0
0
0
0
0
0
0
0
0
81
196
338
426
503
555
512
459
331
202
91
1
0
0
0
0
0
0
0
0
0
0
0
0
54
163
386
481
760
712
396
125
348
347
169
10
0
0
0
0
0
0
0
0
0
0
0
1
129
345
555
722
838
874
854
758
604
400
177
5
0
0
0
0
0
0
0
0
0
0
0
1
136
356
567
735
842
881
850
751
593
390
171
4
0
0
0
0
0
0
0
0
0
0
0
1
138
353
560
726
838
881
855
760
601
399
178
5
0
0
0
0
0
0
0
0
0
0
0
3
147
285
444
570
818
652
447
592
320
150
73
3
0
0
0
0
0
0
0
0
0
0
0
2
132
332
496
650
719
763
779
701
561
356
160
5
0
0
0
0
0
0
0
0
0
0
0
2
135
324
509
663
733
740
693
657
531
346
158
4
0
0
0
0
0
0
0
0
0
0
0
2
129
327
499
646
746
789
789
679
503
327
142
2
0
0
0
0
0
0
0
0
0
0
0
3
166
394
609
779
887
929
903
804
645
436
203
8
0
0
0
0
0
0
0
0
0
0
0
3
140
338
532
669
724
779
741
665
556
378
183
10
0
0
0
0
0
0
0
0
0
0
0
1
65
152
221
272
309
339
303
269
206
134
67
2
0
0
0
0
0
0
0
0
0
0
0
1
150
155
46
59
253
365
779
826
425
371
206
17
0
0
0
0
0
0
0
0
0
0
0
2
162
290
347
284
74
1065
688
478
83
81
103
33
0
0
0
0
0
0
0
0
0
0
0
7
204
437
664
813
530
539
537
507
413
286
127
2
0
0
0
0
0
0
0
0
0
0
0
8
182
390
563
699
771
798
747
650
494
328
150
3
0
0
0
0
0
0
0
0
0
0
0
7
184
399
597
756
851
896
863
765
624
428
208
12
0
0
0
0
0
0
0
0
0
0
0
8
188
406
613
774
881
912
873
778
620
424
202
10
0
0
0
0
0
0
0
0
0
0
0
9
204
435
644
810
915
954
921
821
660
450
219
12
0
0
0
0
0
0
0
0
0
0
0
10
196
410
606
762
862
899
879
786
630
431
210
12
0
0
0
0
0
0
0
0
0
0
0
11
206
423
620
776
878
919
880
785
635
441
218
13
0
0
0
0
0
0
0
0
0
0
0
8
149
284
447
508
579
636
614
548
420
269
134
3
0
0
0
0
0
0
0
0
0
0
0
15
232
465
677
843
946
981
943
840
677
469
235
15
0
0
0
0
0
0
0
0
0
0
0
17
247
486
701
866
971
1007
972
869
697
483
245
16
0
0
0
0
0
0
0
0
0
0
0
17
244
478
689
852
952
984
949
845
684
474
240
16
0
0
0
0
0
0
0
0
0
0
0
33
149
110
56
490
390
397
670
619
373
351
149
23
0
0
0
0
0
0
0
0
0
0
0
14
149
285
530
635
579
652
698
676
591
436
263
27
0
0
0
0
0
0
0
0
0
0
0
21
198
382
542
709
779
815
824
740
577
415
200
16
0
0
0
0
0
0
0
0
0
0
0
4
61
136
308
474
654
631
536
605
631
417
266
47
0
0
0
0
0
0
0
0
0
0
0
24
251
474
680
832
924
955
918
816
658
457
231
17
0
0
0
0
0
0
0
0
0
0
0
27
263
490
694
851
951
983
947
849
691
484
251
22
0
0
0
0
0
0
0
0
0
0
0
30
271
502
707
866
966
998
964
859
697
488
255
22
0
0
0
0
0
0
0
0
0
0
0
33
285
523
735
896
996
1028
992
889
721
504
262
23
0
0
0
0
0
0
0
0
0
0
0
33
272
501
699
851
949
977
935
829
664
461
236
18
0
0
0
0
0
0
0
0
0
0
0
15
219
460
458
368
755
718
553
514
57
192
138
13
0
0
0
0
0
0
0
0
0
0
0
26
236
414
627
744
833
792
788
687
522
345
170
5
0
0
0
0
0
0
0
0
0
0
0
49
179
326
447
591
670
707
689
719
579
425
267
35
0
0
0
0
0
0
0
0
0
0
0
26
148
356
488
515
590
454
402
405
264
169
118
5
0
0
0
0
0
0
0
0
0
0
0
83
206
387
538
706
716
657
852
734
430
352
195
8
0
0
0
0
0
0
0
0
0
0
0
78
242
437
602
734
803
838
781
742
607
457
251
35
0
0
0
0
0
0
0
0
0
0
0
8
53
106
234
437
604
576
557
590
445
344
188
16
0
0
0
0
0
0
0
0
0
0
0
77
252
436
573
663
771
839
830
785
624
441
244
31
0
0
0
0
0
0
0
0
0
0
0
78
270
459
618
775
867
856
805
712
603
417
233
36
0
0
0
0
0
0
0
0
0
0
0
90
274
475
652
781
860
889
849
750
610
420
221
25
0
0
0
0
0
0
0
0
0
0
0
102
318
578
781
987
510
517
464
369
240
167
94
12
0
0
0
0
0
0
0
0
0
0
0
102
310
534
735
889
984
1009
972
869
706
499
274
38
0
0
0
0
0
0
0
0
0
0
0
98
292
506
688
825
909
932
891
786
635
439
234
29
0
0
0
0
0
0
0
0
0
0
0
105
314
538
734
883
967
988
944
844
682
477
257
32
0
0
0
0
0
0
0
0
0
0
0
100
291
487
653
808
889
920
870
786
653
451
257
69
0
0
0
0
0
0
0
0
0
0
1
115
329
552
749
899
991
1021
979
873
710
502
276
76
0
0
0
0
0
0
0
0
0
0
1
117
329
551
751
905
995
1024
982
886
726
519
291
83
0
0
0
0
0
0
0
0
0
0
1
110
308
522
713
855
945
973
929
839
689
497
277
81
0
0
0
0
0
0
0
0
0
0
1
117
315
520
696
830
916
939
899
804
664
474
262
76
0
0
0
0
0
0
0
0
0
0
1
135
368
613
823
976
551
566
528
485
397
268
158
49
0
0
0
0
0
0
0
0
0
0
1
68
214
299
62
125
340
674
459
428
202
339
253
97
0
0
0
0
0
0
0
0
0
0
2
145
224
228
120
73
532
527
564
713
551
574
325
63
1
0
0
0
0
0
0
0
0
0
2
130
342
560
751
896
983
1005
959
858
702
502
282
86
0
0
0
0
0
0
0
0
0
0
2
124
327
535
716
858
936
956
920
816
671
484
271
84
0
0
0
0
0
0
0
0
0
0
2
123
317
514
673
817
904
922
888
804
654
476
278
89
0
0
0
0
0
0
0
0
0
0
2
78
205
410
638
728
823
787
748
611
548
429
218
73
0
0
0
0
0
0
0
0
0
0
3
148
235
292
103
288
525
563
705
429
281
166
147
35
0
0
0
0
0
0
0
0
0
0
2
136
334
541
723
859
936
960
923
822
677
488
284
94
0
0
0
0
0
0
0
0
0
0
3
144
358
576
764
906
993
1018
981
880
722
526
303
100
0
0
0
0
0
0
0
0
0
0
3
121
304
503
661
766
853
857
844
776
640
473
303
105
1
0
0
0
0
0
0
0
0
0
3
125
307
493
658
780
851
869
836
749
617
446
256
85
0
0
0
0
0
0
0
0
0
0
3
123
301
484
643
764
831
850
821
736
601
433
250
84
0
0
0
0
0
0
0
0
0
0
3
136
330
530
704
837
912
928
889
796
652
473
275
93
0
0
0
0
0
0
0
0
0
0
4
144
346
553
729
860
936
955
922
828
687
505
297
104
0
0
0
0
0
0
0
0
0
0
4
150
354
565
747
889
969
990
957
860
715
523
310
109
1
0
0
0
0
0
0
0
0
0
2
146
293
498
798
813
975
691
720
485
62
45
27
10
0
0
0
0
0
0
0
0
0
0
6
157
415
638
847
1035
527
548
512
419
286
160
71
26
0
0
0
0
0
0
0
0
0
0
3
127
282
468
613
704
824
849
850
751
655
473
304
108
1
0
0
0
0
0
0
0
0
0
5
150
352
557
733
862
951
984
948
859
708
524
317
116
1
0
0
0
0
0
0
0
0
0
5
143
331
523
679
804
894
913
891
796
658
500
312
114
1
0
0
0
0
0
0
0
0
0
5
144
327
502
668
785
864
874
839
757
626
464
272
101
1
0
0
0
0
0
0
0
0
0
6
180
408
633
826
972
1058
1080
1037
931
771
567
340
125
1
0
0
0
0
0
0
0
0
0
6
169
384
600
784
923
1004
1030
993
890
743
546
328
123
1
0
0
0
0
0
0
0
0
0
6
163
373
584
769
906
990
1013
979
884
734
546
329
124
1
0
0
0
0
0
0
0
0
0
6
153
349
542
712
840
920
942
902
803
649
489
290
110
1
0
0
0
0
0
0
0
0
0
5
131
286
451
605
703
754
776
737
678
561
408
245
92
1
0
0
0
0
0
0
0
0
0
4
103
219
376
453
556
594
607
604
519
452
327
208
70
1
0
0
0
0
0
0
0
0
0
6
153
347
549
721
853
925
956
930
827
692
513
316
121
2
0
0
0
0
0
0
0
0
0
6
152
344
545
725
859
913
931
907
822
676
498
301
121
2
0
0
0
0
0
0
0
0
0
5
139
322
477
641
764
853
889
862
765
632
467
280
108
1
0
0
0
0
0
0
0
0
0
8
186
420
638
841
981
547
564
558
499
418
308
183
72
1
0
0
0
0
0
0
0
0
0
6
161
362
570
748
882
953
978
939
846
711
524
320
124
2
0
0
0
0
0
0
0
0
0
7
157
352
552
724
857
939
968
930
847
704
525
325
131
3
0
0
0
0
0
0
0
0
0
6
155
348
540
706
842
919
944
921
829
679
497
305
126
3
0
0
0
0
0
0
0
0
0
7
165
365
564
738
864
942
973
941
852
710
531
330
132
3
0
0
0
0
0
0
0
0
0
7
163
363
567
747
874
960
987
964
868
730
549
339
137
3
0
0
0
0
0
0
0
0
0
6
146
322
519
674
773
859
880
882
807
669
494
300
129
3
0
0
0
0
0
0
0
0
0
6
126
302
446
594
670
807
882
871
756
625
436
268
111
4
0
0
0
0
0
0
0
0
0
8
167
376
583
762
900
982
999
965
876
730
547
337
137
3
0
0
0
0
0
0
0
0
0
8
167
372
580
770
909
995
1017
985
890
741
555
343
142
3
0
0
0
0
0
0
0
0
0
5
138
309
491
653
803
860
861
854
816
669
498
311
121
3
0
0
0
0
0
0
0
0
0
5
127
267
457
537
682
793
832
845
793
624
494
340
144
6
0
0
0
0
0
0
0
0
0
7
137
320
523
652
739
773
788
779
720
625
524
335
138
4
0
0
0
0
0
0
0
0
0
7
156
345
548
721
849
923
942
907
824
692
522
329
137
4
0
0
0
0
0
0
0
0
0
2
91
146
201
234
355
330
570
571
633
494
467
319
158
15
0
0
0
0
0
0
0
0
0
7
156
354
558
732
876
954
990
957
866
735
555
345
146
5
0
0
0
0
0
0
0
0
0
7
163
370
585
769
911
999
1027
993
899
755
566
354
149
4
0
0
0
0
0
0
0
0
0
6
160
368
580
769
911
1003
1031
994
910
761
570
354
150
5
0
0
0
0
0
0
0
0
0
7
162
369
580
768
912
1000
1032
1001
910
762
572
359
150
5
0
0
0
0
0
0
0
0
0
6
149
339
530
703
833
914
934
905
800
654
483
295
114
1
0
0
0
0
0
0
0
0
0
6
155
357
560
738
874
963
996
957
869
730
547
337
142
4
0
0
0
0
0
0
0
0
0
7
161
369
584
773
916
1010
1039
1007
910
764
577
360
153
5
0
0
0
0
0
0
0
0
0
6
157
362
570
757
898
989
1018
987
898
754
563
353
149
5
0
0
0
0
0
0
0
0
0
6
154
357
568
754
895
982
1017
984
891
743
560
348
146
4
0
0
0
0
0
0
0
0
0
5
120
275
425
545
662
750
760
721
658
545
401
253
102
1
0
0
0
0
0
0
0
0
0
5
134
305
492
653
782
878
892
873
810
677
505
325
140
7
0
0
0
0
0
0
0
0
0
5
132
303
479
673
778
834
856
884
815
684
530
334
137
6
0
0
0
0
0
0
0
0
0
5
151
354
568
754
895
988
1014
980
888
741
551
340
140
3
0
0
0
0
0
0
0
0
0
5
141
332
527
702
836
923
957
922
832
700
527
334
139
4
0
0
0
0
0
0
0
0
0
5
137
325
530
715
854
935
956
934
850
715
534
332
142
5
0
0
0
0
0
0
0
0
0
5
149
355
570
762
910
1000
1027
997
901
753
564
348
146
4
0
0
0
0
0
0
0
0
0
4
129
297
478
649
787
871
884
864
788
650
481
305
126
2
0
0
0
0
0
0
0
0
0
5
151
359
569
758
909
1001
1035
1007
921
779
591
376
164
6
0
0
0
0
0
0
0
0
0
4
147
348
554
733
874
961
994
966
883
742
563
358
154
5
0
0
0
0
0
0
0
0
0
4
149
351
560
744
880
964
991
964
878
737
555
351
149
4
0
0
0
0
0
0
0
0
0
4
136
327
531
709
841
927
962
945
859
720
538
340
147
6
0
0
0
0
0
0
0
0
0
4
143
347
562
751
895
987
1019
990
900
755
566
353
148
4
0
0
0
0
0
0
0
0
0
3
112
276
448
592
698
779
793
753
665
541
409
251
102
1
0
0
0
0
0
0
0
0
0
3
133
328
533
718
861
963
998
969
879
737
554
345
142
4
0
0
0
0
0
0
0
0
0
3
129
318
520
706
839
924
962
934
837
705
527
324
135
4
0
0
0
0
0
0
0
0
0
3
129
322
525
708
840
922
944
917
829
701
525
325
133
3
0
0
0
0
0
0
0
0
0
3
131
333
546
737
885
979
1012
979
890
748
557
344
141
4
0
0
0
0
0
0
0
0
0
2
123
314
514
670
817
896
930
906
824
693
503
300
116
1
0
0
0
0
0
0
0
0
0
2
108
283
474
644
775
881
911
865
759
654
494
306
131
4
0
0
0
0
0
0
0
0
0
2
125
323
535
723
867
961
997
973
885
742
557
346
142
4
0
0
0
0
0
0
0
0
0
2
101
272
444
626
761
861
930
884
803
637
476
288
119
3
0
0
0
0
0
0
0
0
0
2
124
307
503
683
801
857
886
861
785
664
497
312
124
2
0
0
0
0
0
0
0
0
0
2
107
284
470
636
761
837
856
825
741
614
454
272
107
1
0
0
0
0
0
0
0
0
0
2
122
321
531
717
856
940
971
940
854
716
532
326
128
2
0
0
0
0
0
0
0
0
0
1
117
304
506
683
811
892
918
898
825
694
516
310
122
2
0
0
0
0
0
0
0
0
0
1
111
289
493
652
787
881
927
893
815
684
515
316
126
3
0
0
0
0
0
0
0
0
0
1
111
301
506
683
826
916
955
933
851
711
530
327
130
3
0
0
0
0
0
0
0
0
0
1
103
287
489
673
811
911
946
921
844
699
526
321
126
3
0
0
0
0
0
0
0
0
0
1
111
305
519
703
849
939
965
929
834
691
507
302
113
1
0
0
0
0
0
0
0
0
0
1
101
281
475
654
804
898
934
914
833
700
524
327
128
3
0
0
0
0
0
0
0
0
0
1
106
297
501
689
829
918
940
909
815
678
493
296
112
1
0
0
0
0
0
0
0
0
0
1
103
290
496
678
819
917
956
913
820
671
491
294
110
1
0
0
0
0
0
0
0
0
0
1
91
260
438
589
706
771
796
767
692
577
424
247
90
1
0
0
0
0
0
0
0
0
0
1
108
309
526
722
873
975
1003
967
875
731
539
322
120
1
0
0
0
0
0
0
0
0
0
1
104
301
518
710
860
956
990
958
863
715
522
308
111
1
0
0
0
0
0
0
0
0
0
0
96
280
485
669
818
908
940
920
847
704
520
312
115
1
0
0
0
0
0
0
0
0
0
1
75
211
340
496
597
639
655
654
600
498
374
209
73
0
0
0
0
0
0
0
0
0
0
0
90
266
456
626
753
824
845
825
744
622
455
268
95
0
0
0
0
0
0
0
0
0
0
0
97
290
503
695
842
935
967
935
843
696
508
297
103
0
0
0
0
0
0
0
0
0
0
0
85
249
432
587
705
808
864
818
751
614
444
257
92
1
0
0
0
0
0
0
0
0
0
0
93
281
487
671
814
915
953
923
844
694
513
297
105
1
0
0
0
0
0
0
0
0
0
0
86
261
449
623
765
844
876
877
796
669
491
292
105
1
0
0
0
0
0
0
0
0
0
0
68
227
405
563
674
718
781
852
810
669
486
278
89
0
0
0
0
0
0
0
0
0
0
0
64
227
396
557
688
696
741
770
684
609
475
270
97
1
0
0
0
0
0
0
0
0
0
0
85
274
486
677
826
921
953
923
831
684
494
282
91
0
0
0
0
0
0
0
0
0
0
0
82
265
451
606
744
860
906
862
740
612
442
249
77
0
0
0
0
0
0
0
0
0
0
0
78
250
376
620
685
778
855
727
697
475
296
153
34
0
0
0
0
0
0
0
0
0
0
0
86
284
502
701
851
941
971
937
838
685
487
272
83
0
0
0
0
0
0
0
0
0
0
0
84
281
502
702
858
955
985
948
854
702
505
286
88
0
0
0
0
0
0
0
0
0
0
0
80
267
471
653
794
889
924
901
806
663
482
269
81
0
0
0
0
0
0
0
0
0
0
0
79
257
459
626
756
810
843
805
748
627
453
249
75
0
0
0
0
0
0
0
0
0
0
0
80
277
497
694
848
944
978
949
852
699
498
278
81
0
0
0
0
0
0
0
0
0
0
0
80
275
494
691
851
946
982
943
847
695
495
274
77
0
0
0
0
0
0
0
0
0
0
0
72
260
465
647
794
885
924
905
813
665
470
261
74
0
0
0
0
0
0
0
0
0
0
0
74
264
485
683
839
935
971
940
842
686
486
264
36
0
0
0
0
0
0
0
0
0
0
0
67
244
441
620
752
852
878
848
766
629
446
248
36
0
0
0
0
0
0
0
0
0
0
0
70
255
466
658
802
894
928
895
799
653
458
244
28
0
0
0
0
0
0
0
0
0
0
0
66
248
453
640
792
889
917
879
791
642
458
245
33
0
0
0
0
0
0
0
0
0
0
0
35
265
488
689
844
944
979
946
849
690
487
260
30
0
0
0
0
0
0
0
0
0
0
0
33
260
480
674
829
920
949
916
814
656
457
239
24
0
0
0
0
0
0
0
0
0
0
0
31
242
454
643
791
872
909
860
767
624
440
232
25
0
0
0
0
0
0
0
0
0
0
0
28
224
403
573
709
798
815
773
710
584
414
214
18
0
0
0
0
0
0
0
0
0
0
0
28
231
434
622
767
861
880
854
779
628
441
233
25
0
0
0
0
0
0
0
0
0
0
0
31
265
492
693
850
944
969
930
823
654
448
224
15
0
0
0
0
0
0
0
0
0
0
0
29
249
468
651
794
876
907
863
762
602
416
208
13
0
0
0
0
0
0
0
0
0
0
0
29
259
486
691
846
944
974
934
834
671
462
233
18
0
0
0
0
0
0
0
0
0
0
0
28
253
472
674
824
921
949
905
803
636
434
215
15
0
0
0
0
0
0
0
0
0
0
0
26
248
469
669
822
919
952
915
817
653
448
222
16
0
0
0
0
0
0
0
0
0
0
0
26
209
388
553
716
833
859
748
660
540
341
191
14
0
0
0
0
0
0
0
0
0
0
0
24
237
426
562
578
648
662
682
536
391
281
117
3
0
0
0
0
0
0
0
0
0
0
0
4
113
235
276
432
446
643
580
555
542
415
219
23
0
0
0
0
0
0
0
0
0
0
0
23
227
434
625
765
838
882
829
740
582
390
182
9
0
0
0
0
0
0
0
0
0
0
0
22
235
451
644
791
885
906
863
763
604
403
188
8
0
0
0
0
0
0
0
0
0
0
0
18
222
417
606
680
731
746
750
575
399
291
150
4
0
0
0
0
0
0
0
0
0
0
0
17
210
406
580
723
814
824
767
646
522
353
154
3
0
0
0
0
0
0
0
0
0
0
0
4
89
178
278
336
429
441
420
359
293
208
104
7
0
0
0
0
0
0
0
0
0
0
0
21
246
476
682
835
928
953
909
803
631
418
189
6
0
0
0
0
0
0
0
0
0
0
0
19
194
439
538
563
430
536
1009
599
219
34
15
2
0
0
0
0
0
0
0
0
0
0
0
18
228
448
643
791
880
906
861
756
591
384
167
4
0
0
0
0
0
0
0
0
0
0
0
15
194
382
546
671
746
762
707
605
474
303
125
1
0
0
0
0
0
0
0
0
0
0
0
16
213
418
603
746
831
845
813
706
555
359
154
4
0
0
0
0
0
0
0
0
0
0
0
16
228
450
649
800
896
916
870
757
588
375
154
3
0
0
0
0
0
0
0
0
0
0
0
15
224
443
639
785
876
900
856
743
576
368
152
2
0
0
0
0
0
0
0
0
0
0
0
16
227
450
649
800
890
908
859
751
584
374
153
2
0
0
0
0
0
0
0
0
0
0
0
14
210
417
605
749
839
843
803
699
544
353
142
2
0
0
0
0
0
0
0
0
0
0
0
13
214
429
623
772
858
881
827
716
553
347
137
1
0
0
0
0
0
0
0
0
0
0
0
13
218
435
627
776
858
879
829
721
560
352
137
1
0
0
0
0
0
0
0
0
0
0
0
11
192
386
559
688
763
777
736
638
488
305
114
1
0
0
0
0
0
0
0
0
0
0
0
11
197
405
586
730
804
826
774
686
525
324
119
1
0
0
0
0
0
0
0
0
0
0
0
3
63
204
101
70
476
678
592
622
384
135
48
0
0
0
0
0
0
0
0
0
0
0
0
3
125
297
422
477
512
533
551
509
341
211
61
0
0
0
0
0
0
0
0
0
0
0
0
11
116
195
212
363
465
396
342
219
167
249
122
2
0
0
0
0
0
0
0
0
0
0
0
10
228
447
531
663
516
563
535
529
409
204
72
0
0
0
0
0
0
0
0
0
0
0
0
9
205
429
623
765
852
869
813
690
518
307
100
0
0
0
0
0
0
0
0
0
0
0
0
9
194
405
597
743
822
838
789
674
507
301
98
0
0
0
0
0
0
0
0
0
0
0
0
9
196
413
607
752
837
857
806
689
517
307
100
0
0
0
0
0
0
0
0
0
0
0
0
7
187
397
581
723
804
814
761
649
481
283
88
0
0
0
0
0
0
0
0
0
0
0
0
6
163
356
546
681
744
758
731
610
457
261
79
0
0
0
0
0
0
0
0
0
0
0
0
6
163
344
512
647
721
749
709
619
473
269
80
0
0
0
0
0
0
0
0
0
0
0
0
6
166
364
529
638
710
705
672
585
436
258
74
0
0
0
0
0
0
0
0
0
0
0
0
6
164
350
499
627
676
708
678
579
440
266
43
0
0
0
0
0
0
0
0
0
0
0
0
6
170
365
533
672
743
729
671
582
415
230
24
0
0
0
0
0
0
0
0
0
0
0
0
6
179
391
584
729
814
829
776
658
482
273
35
0
0
0
0
0
0
0
0
0
0
0
0
5
168
369
540
669
737
751
708
597
433
246
27
0
0
0
0
0
0
0
0
0
0
0
0
5
165
367
550
662
732
748
689
578
426
232
23
0
0
0
0
0
0
0
0
0
0
0
0
2
74
158
244
324
392
411
364
263
223
122
12
0
0
0
0
0
0
0
0
0
0
0
0
1
78
167
251
392
453
489
453
304
213
109
5
0
0
0
0
0
0
0
0
0
0
0
0
1
39
91
134
166
182
178
165
143
106
57
5
0
0
0
0
0
0
0
0
0
0
0
0
4
164
378
571
716
797
815
759
639
464
251
24
0
0
0
0
0
0
0
0
0
0
0
0
1
90
269
366
403
516
406
473
493
382
251
26
0
0
0
0
0
0
0
0
0
0
0
0
3
151
360
533
660
659
638
572
472
327
170
13
0
0
0
0
0
0
0
0
0
0
0
0
3
148
348
533
669
748
759
703
579
412
214
15
0
0
0
0
0
0
0
0
0
0
0
0
2
113
278
449
584
635
632
623
532
384
201
19
0
0
0
0
0
0
0
0
0
0
0
0
1
103
266
438
566
651
639
563
473
340
182
16
0
0
0
0
0
0
0
0
0
0
0
0
2
89
198
302
401
418
438
397
307
239
119
4
0
0
0
0
0
0
0
0
0
0
0
0
2
117
320
470
544
604
658
603
453
304
151
9
0
0
0
0
0
0
0
0
0
0
0
0
2
127
308
479
594
672
676
622
535
363
181
11
0
0
0
0
0
0
0
0
0
0
0
0
1
131
324
504
644
721
738
677
565
397
197
11
0
0
0
0
0
0
0
0
0
0
0
0
1
128
325
508
642
713
723
678
562
396
197
11
0
0
0
0
0
0
0
0
0
0
0
0
1
129
313
490
702
804
816
743
584
379
214
8
0
0
0
0
0
0
0
0
0
0
0
0
1
131
333
519
660
739
750
692
572
399
196
9
0
0
0
0
0
0
0
0
0
0
0
0
1
125
326
513
654
731
745
688
569
395
192
9
0
0
0
0
0
0
0
0
0
0
0
0
1
120
317
501
639
716
726
664
546
377
179
7
0
0
0
0
0
0
0
0
0
0
0
0
1
112
301
479
609
684
701
650
532
369
175
7
0
0
0
0
0
0
0
0
0
0
0
0
0
95
250
400
502
567
574
543
444
305
140
5
0
0
0
0
0
0
0
0
0
0
0
0
1
117
321
511
651
734
748
694
568
390
182
6
0
0
0
0
0
0
0
0
0
0
0
0
0
91
246
390
501
564
581
540
435
299
136
4
0
0
0
0
0
0
0
0
0
0
0
0
0
112
313
500
639
719
729
670
547
372
171
4
0
0
0
0
0
0
0
0
0
0
0
0
1
98
256
406
476
554
590
564
501
326
142
2
0
0
0
0
0
0
0
0
0
0
0
0
0
26
86
408
158
142
150
434
302
335
101
3
0
0
0
0
0
0
0
0
0
0
0
0
0
23
25
40
52
244
465
577
610
365
160
16
0
0
0
0
0
0
0
0
0
0
0
0
0
90
263
443
552
623
620
571
466
318
148
4
0
0
0
0
0
0
0
0
0
0
0
0
0
92
278
455
588
670
676
618
503
336
146
3
0
0
0
0
0
0
0
0
0
0
0
0
0
76
241
410
532
592
605
541
464
320
139
3
0
0
0
0
0
0
0
0
0
0
0
0
0
85
264
430
561
645
653
597
489
329
145
3
0
0
0
0
0
0
0
0
0
0
0
0
0
62
206
362
506
610
587
512
419
296
136
2
0
0
0
0
0
0
0
0
0
0
0
0
0
46
154
242
303
334
349
336
258
167
68
1
0
0
0
0
0
0
0
0
0
0
0
0
0
78
252
416
546
625
646
597
480
329
145
3
0
0
0
0
0
0
0
0
0
0
0
0
0
81
267
452
584
657
668
615
498
333
141
2
0
0
0
0
0
0
0
0
0
0
0
0
0
66
224
376
488
552
564
519
420
270
111
1
0
0
0
0
0
0
0
0
0
0
0
0
0
69
241
391
511
586
591
544
434
291
125
1
0
0
0
0
0
0
0
0
0
0
0
0
0
36
253
431
565
643
654
601
483
319
133
2
0
0
0
0
0
0
0
0
0
0
0
0
0
32
241
416
546
616
629
568
458
296
122
1
0
0
0
0
0
0
0
0
0
0
0
0
0
32
235
404
536
607
621
571
454
288
117
1
0
0
0
0
0
0
0
0
0
0
0
0
0
27
216
381
513
599
605
547
451
293
125
2
0
0
0
0
0
0
0
0
0
0
0
0
0
47
127
199
98
211
571
469
396
157
139
9
0
0
0
0
0
0
0
0
0
0
0
0
0
25
221
395
531
606
626
571
453
294
119
1
0
0
0
0
0
0
0
0
0
0
0
0
0
21
203
361
479
560
582
522
412
271
105
1
0
0
0
0
0
0
0
0
0
0
0
0
0
24
220
382
471
546
544
524
436
278
117
1
0
0
0
0
0
0
0
0
0
0
0
0
0
24
208
368
486
568
583
539
444
293
122
1
0
0
0
0
0
0
0
0
0
0
0
0
0
20
202
362
486
548
572
515
425
287
117
1
0
0
0
0
0
0
0
0
0
0
0
0
0
19
206
375
493
568
578
526
427
284
115
1
0
0
0
0
0
0
0
0
0
0
0
0
0
19
208
359
474
547
567
496
403
270
113
1
0
0
0
0
0
0
0
0
0
0
0
0
0
16
180
330
445
514
522
484
392
254
99
1
0
0
0
0
0
0
0
0
0
0
0
0
0
18
220
404
546
629
647
594
479
310
122
1
0
0
0
0
0
0
0
0
0
0
0
0
0
13
155
293
378
423
448
402
326
208
85
1
0
0
0
0
0
0
0
0
0
0
0
0
0
16
211
391
529
612
629
579
463
302
118
1
0
0
0
0
0
0
0
0
0
0
0
0
0
12
155
290
386
451
469
426
347
225
87
1
0
0
0
0
0
0
0
0
0
0
0
0
0
10
141
272
374
432
435
418
331
212
87
0
0
0
0
0
0
0
0
0
0
0
0
0
0
10
164
338
454
515
527
473
380
247
93
0
0
0
0
0
0
0
0
0
0
0
0
0
0
13
213
400
546
635
651
600
484
316
124
1
0
0
0
0
0
0
0
0
0
0
0
0
0
10
148
282
390
443
447
406
321
213
84
1
0
0
0
0
0
0
0
0
0
0
0
0
0
11
190
366
506
583
603
556
451
295
118
1
0
0
0
0
0
0
0
0
0
0
0
0
0
10
181
352
481
552
567
529
427
277
112
1
0
0
0
0
0
0
0
0
0
0
0
0
0
10
185
361
496
577
599
554
453
298
121
1
0
0
0
0
0
0
0
0
0
0
0
0
0
8
152
298
412
480
500
460
370
237
94
1
0
0
0
0
0
0
0
0
0
0
0
0
0
8
160
317
437
514
532
494
406
264
103
1
0
0
0
0
0
0
0
0
0
0
0
0
0
8
165
327
446
526
526
497
405
276
110
1
0
0
0
0
0
0
0
0
0
0
0
0
0
8
172
339
481
566
595
554
453
299
121
1
0
0
0
0
0
0
0
0
0
0
0
0
0
7
166
339
472
556
578
534
427
278
109
1
0
0
0
0
0
0
0
0
0
0
0
0
0
9
143
275
374
465
519
490
411
242
105
2
0
0
0
0
0
0
0
0
0
0
0
0
0
6
150
320
454
532
570
519
426
278
111
1
0
0
0
0
0
0
0
0
0
0
0
0
0
6
142
298
417
491
508
469
377
245
101
1
0
0
0
0
0
0
0
0
0
0
0
0
0
6
169
351
496
586
610
570
463
305
125
1
0
0
0
0
0
0
0
0
0
0
0
0
0
6
165
343
485
574
597
552
453
300
124
1
0
0
0
0
0
0
0
0
0
0
0
0
0
2
112
243
404
458
505
467
403
276
125
3
0
0
0
0
0
0
0
0
0
0
0
0
0
5
142
296
419
496
527
488
395
260
108
1
0
0
0
0
0
0
0
0
0
0
0
0
0
4
140
303
434
510
515
485
394
250
111
1
0
0
0
0
0
0
0
0
0
0
0
0
0
5
139
304
427
494
514
457
384
260
117
1
0
0
0
0
0
0
0
0
0
0
0
0
0
5
144
310
446
532
564
527
435
297
128
2
0
0
0
0
0
0
0
0
0
0
0
0
0
3
139
283
427
495
490
474
373
260
120
2
0
0
0
0
0
0
0
0
0
0
0
0
0
2
115
224
342
407
408
434
305
228
105
3
0
0
0
0
0
0
0
0
0
0
0
0
0
3
128
280
396
478
499
467
384
258
107
1
0
0
0
0
0
0
0
0
0
0
0
0
0
3
100
219
294
375
404
358
293
201
88
1
0
0
0
0
0
0
0
0
0
0
0
0
0
3
121
270
392
465
493
453
366
244
105
1
0
0
0
0
0
0
0
0
0
0
0
0
0
3
122
284
421
499
510
460
382
265
110
1
0
0
0
0
0
0