0
0
0
0
0
0
0
0
3
143
311
431
289
384
306
387
200
52
0
0
0
0
0
0
0
0
0
0
0
0
0
0
11
188
355
490
567
579
533
426
270
93
0
0
0
0
0
0
0
0
0
0
0
0
0
0
11
190
357
489
566
580
531
425
269
93
0
0
0
0
0
0
0
0
0
0
0
0
0
0
12
203
387
528
610
624
569
454
286
100
0
0
0
0
0
0
0
0
0
0
0
0
0
0
10
183
349
476
546
560
514
409
262
92
0
0
0
0
0
0
0
0
0
0
0
0
0
0
10
170
322
439
518
524
482
387
248
92
0
0
0
0
0
0
0
0
0
0
0
0
0
0
13
82
213
335
426
468
421
277
237
80
0
0
0
0
0
0
0
0
0
0
0
0
0
0
12
203
386
528
610
626
574
461
293
107
0
0
0
0
0
0
0
0
0
0
0
0
0
0
11
189
360
492
568
587
540
434
279
104
0
0
0
0
0
0
0
0
0
0
0
0
0
0
7
151
297
451
485
482
468
364
219
78
0
0
0
0
0
0
0
0
0
0
0
0
0
0
10
186
356
487
574
594
553
445
287
109
0
0
0
0
0
0
0
0
0
0
0
0
0
0
7
158
315
418
444
487
436
403
235
77
0
0
0
0
0
0
0
0
0
0
0
0
0
0
9
160
304
417
483
497
460
374
243
94
0
0
0
0
0
0
0
0
0
0
0
0
0
0
11
185
352
485
559
572
527
427
281
111
1
0
0
0
0
0
0
0
0
0
0
0
0
0
9
151
284
379
451
468
438
355
234
94
1
0
0
0
0
0
0
0
0
0
0
0
0
0
13
213
430
334
162
51
206
320
276
46
1
0
0
0
0
0
0
0
0
0
0
0
0
0
11
181
345
469
535
550
505
411
273
113
1
0
0
0
0
0
0
0
0
0
0
0
0
0
12
188
353
485
560
581
544
439
301
129
2
0
0
0
0
0
0
0
0
0
0
0
0
0
11
177
343
475
548
555
512
423
283
122
1
0
0
0
0
0
0
0
0
0
0
0
0
0
10
149
286
394
465
484
443
347
236
100
1
0
0
0
0
0
0
0
0
0
0
0
0
0
14
214
403
551
640
660
614
500
336
144
2
0
0
0
0
0
0
0
0
0
0
0
0
0
15
226
421
573
665
688
641
525
354
154
2
0
0
0
0
0
0
0
0
0
0
0
0
0
10
147
253
359
428
453
394
322
218
92
1
0
0
0
0
0
0
0
0
0
0
0
0
0
13
182
342
465
521
538
496
398
273
123
1
0
0
0
0
0
0
0
0
0
0
0
0
0
9
126
232
290
359
369
360
293
221
102
1
0
0
0
0
0
0
0
0
0
0
0
0
0
19
151
295
390
428
562
487
406
273
137
2
0
0
0
0
0
0
0
0
0
0
0
0
0
11
136
260
347
407
403
370
311
221
96
1
0
0
0
0
0
0
0
0
0
0
0
0
0
15
161
332
379
458
490
356
336
248
108
2
0
0
0
0
0
0
0
0
0
0
0
0
0
14
178
346
471
557
575
519
412
311
148
4
0
0
0
0
0
0
0
0
0
0
0
0
0
18
211
390
531
614
631
594
495
347
165
5
0
0
0
0
0
0
0
0
0
0
0
0
0
10
154
300
414
468
474
458
357
224
94
2
0
0
0
0
0
0
0
0
0
0
0
0
0
21
237
429
577
666
691
651
545
383
186
7
0
0
0
0
0
0
0
0
0
0
0
0
0
20
213
370
505
575
609
578
487
334
162
6
0
0
0
0
0
0
0
0
0
0
0
0
0
20
214
388
522
602
631
595
494
344
167
6
0
0
0
0
0
0
0
0
0
0
0
0
0
22
229
416
565
663
690
653
552
394
198
10
0
0
0
0
0
0
0
0
0
0
0
0
0
26
258
459
615
710
736
692
579
409
205
9
0
0
0
0
0
0
0
0
0
0
0
0
0
24
220
389
535
610
641
605
510
364
188
10
0
0
0
0
0
0
0
0
0
0
0
0
0
70
229
300
392
443
313
283
93
49
46
3
0
0
0
0
0
0
0
0
0
0
0
0
0
13
126
222
287
326
362
333
282
172
77
3
0
0
0
0
0
0
0
0
0
0
0
0
0
19
107
218
300
317
346
326
265
166
106
3
0
0
0
0
0
0
0
0
0
0
0
0
0
12
125
222
334
388
349
346
288
190
97
3
0
0
0
0
0
0
0
0
0
0
0
0
0
11
90
154
205
236
241
240
192
145
72
4
0
0
0
0
0
0
0
0
0
0
0
0
0
31
244
406
548
627
656
608
515
374
203
16
0
0
0
0
0
0
0
0
0
0
0
0
0
34
246
420
565
656
676
636
537
388
208
15
0
0
0
0
0
0
0
0
0
0
0
0
0
41
283
478
630
723
747
708
601
437
236
18
0
0
0
0
0
0
0
0
0
0
0
0
0
83
280
470
620
712
743
700
599
436
239
20
0
0
0
0
0
0
0
0
0
0
0
0
0
93
249
419
388
478
468
531
470
211
132
7
0
0
0
0
0
0
0
0
0
0
0
0
0
29
82
119
149
180
193
193
154
122
75
7
0
0
0
0
0
0
0
0
0
0
0
0
0
91
280
460
602
678
702
665
563
412
229
21
0
0
0
0
0
0
0
0
0
0
0
0
0
80
247
406
535
632
675
638
540
397
232
29
0
0
0
0
0
0
0
0
0
0
0
0
0
99
300
490
636
725
753
713
607
451
255
26
0
0
0
0
0
0
0
0
0
0
0
0
0
77
242
395
508
577
571
498
421
281
147
6
0
0
0
0
0
0
0
0
0
0
0
0
0
104
311
510
665
758
784
742
634
468
262
29
0
0
0
0
0
0
0
0
0
0
0
0
0
97
283
463
597
674
702
671
581
439
247
29
0
0
0
0
0
0
0
0
0
0
0
0
0
109
310
502
649
739
765
724
619
459
262
32
0
0
0
0
0
0
0
0
0
0
0
0
0
118
328
524
669
760
783
739
633
465
266
31
0
0
0
0
0
0
0
0
0
0
0
0
2
122
314
482
638
535
557
436
466
201
127
20
0
0
0
0
0
0
0
0
0
0
0
0
0
62
152
258
305
320
334
289
237
180
99
7
0
0
0
0
0
0
0
0
0
0
0
0
1
121
319
502
653
738
769
721
620
462
267
37
0
0
0
0
0
0
0
0
0
0
0
0
1
127
330
517
660
747
772
732
628
468
271
78
0
0
0
0
0
0
0
0
0
0
0
0
1
133
343
539
694
782
809
770
662
499
295
90
0
0
0
0
0
0
0
0
0
0
0
0
1
117
292
465
605
697
721
659
564
439
256
79
0
0
0
0
0
0
0
0
0
0
0
0
4
51
30
140
305
307
636
776
775
319
230
30
0
0
0
0
0
0
0
0
0
0
0
0
2
132
307
473
598
691
686
649
573
438
260
85
0
0
0
0
0
0
0
0
0
0
0
0
1
80
188
296
386
466
480
443
363
266
170
53
0
0
0
0
0
0
0
0
0
0
0
0
3
160
377
571
721
812
833
786
679
515
309
101
0
0
0
0
0
0
0
0
0
0
0
0
3
179
411
618
778
871
896
848
733
560
339
113
0
0
0
0
0
0
0
0
0
0
0
0
4
179
404
605
757
849
871
825
713
543
332
113
0
0
0
0
0
0
0
0
0
0
0
0
4
178
397
592
740
830
857
811
701
536
330
114
0
0
0
0
0
0
0
0
0
0
0
0
2
132
304
414
599
595
610
619
607
449
273
93
0
0
0
0
0
0
0
0
0
0
0
0
2
74
203
345
417
466
453
338
236
153
57
10
0
0
0
0
0
0
0
0
0
0
0
0
2
87
115
282
254
211
370
547
610
659
410
148
3
0
0
0
0
0
0
0
0
0
0
0
7
200
427
630
783
874
896
848
734
561
345
123
0
0
0
0
0
0
0
0
0
0
0
0
8
201
424
622
771
860
883
835
722
553
342
124
0
0
0
0
0
0
0
0
0
0
0
0
8
194
403
592
734
822
844
803
697
541
339
126
1
0
0
0
0
0
0
0
0
0
0
0
8
163
335
471
604
678
720
711
612
476
303
112
1
0
0
0
0
0
0
0
0
0
0
0
3
104
244
342
427
441
436
400
374
252
170
60
0
0
0
0
0
0
0
0
0
0
0
0
12
217
435
623
763
848
866
818
705
540
340
128
1
0
0
0
0
0
0
0
0
0
0
0
14
234
463
664
816
902
926
876
759
585
369
141
1
0
0
0
0
0
0
0
0
0
0
0
13
207
400
579
715
792
810
771
670
517
327
127
1
0
0
0
0
0
0
0
0
0
0
0
14
216
419
600
737
817
841
798
700
540
340
134
1
0
0
0
0
0
0
0
0
0
0
0
17
227
431
609
740
819
836
785
691
530
336
134
1
0
0
0
0
0
0
0
0
0
0
0
19
241
459
647
788
868
888
843
731
565
361
144
1
0
0
0
0
0
0
0
0
0
0
0
22
253
475
666
811
894
912
861
752
587
377
153
2
0
0
0
0
0
0
0
0
0
0
0
23
257
478
669
809
892
907
859
748
579
370
150
2
0
0
0
0
0
0
0
0
0
0
0
15
162
330
469
554
611
600
584
511
396
243
98
1
0
0
0
0
0
0
0
0
0
0
0
21
190
348
476
568
640
653
631
541
415
259
107
1
0
0
0
0
0
0
0
0
0
0
0
25
232
425
603
725
780
794
756
665
515
328
137
2
0
0
0
0
0
0
0
0
0
0
0
33
278
500
691
837
917
934
882
766
595
385
162
2
0
0
0
0
0
0
0
0
0
0
0
32
255
463
643
766
837
850
800
698
548
354
150
2
0
0
0
0
0
0
0
0
0
0
0
39
299
530
726
871
950
962
908
788
611
397
169
2
0
0
0
0
0
0
0
0
0
0
0
41
297
518
708
848
926
941
890
777
607
397
172
3
0
0
0
0
0
0
0
0
0
0
0
83
286
494
674
800
862
878
826
714
554
359
156
2
0
0
0
0
0
0
0
0
0
0
0
99
329
562
758
902
983
997
937
813
633
415
182
3
0
0
0
0
0
0
0
0
0
0
0
92
296
500
674
804
876
887
835
728
563
370
163
2
0
0
0
0
0
0
0
0
0
0
0
84
274
468
640
755
825
828
778
682
531
347
158
5
0
0
0
0
0
0
0
0
0
0
0
105
329
557
752
896
975
986
930
810
633
414
182
4
0
0
0
0
0
0
0
0
0
0
0
105
319
541
731
870
952
966
910
799
632
421
191
6
0
0
0
0
0
0
0
0
0
0
1
127
375
624
835
813
388
1092
1032
902
710
472
216
25
0
0
0
0
0
0
0
0
0
0
0
83
187
271
414
622
625
713
707
762
581
381
225
19
0
0
0
0
0
0
0
0
0
0
0
66
171
285
348
427
446
474
490
440
357
215
78
2
0
0
0
0
0
0
0
0
0
0
0
66
190
307
392
496
515
528
416
373
291
197
90
2
0
0
0
0
0
0
0
0
0
0
0
130
350
554
772
262
390
385
549
593
562
423
243
31
0
0
0
0
0
0
0
0
0
0
1
115
313
506
665
791
856
867
812
703
560
379
179
8
0
0
0
0
0
0
0
0
0
0
1
142
376
610
804
945
1026
1034
973
848
666
443
206
7
0
0
0
0
0
0
0
0
0
0
1
109
298
483
623
760
812
798
738
652
517
340
164
7
0
0
0
0
0
0
0
0
0
0
1
144
371
591
772
904
976
981
924
801
628
419
197
6
0
0
0
0
0
0
0
0
0
0
1
89
201
305
454
562
589
539
489
409
365
203
105
3
0
0
0
0
0
0
0
0
0
0
1
97
288
319
419
459
578
544
506
636
641
474
214
5
0
0
0
0
0
0
0
0
0
0
1
91
237
354
450
549
606
568
577
527
361
267
138
7
0
0
0
0
0
0
0
0
0
0
2
132
327
521
670
784
865
855
832
719
568
389
193
12
0
0
0
0
0
0
0
0
0
0
3
152
368
580
756
882
958
967
913
800
631
429
211
13
0
0
0
0
0
0
0
0
0
0
2
101
259
371
436
543
597
580
546
496
393
254
114
3
0
0
0
0
0
0
0
0
0
0
2
75
189
281
346
436
459
497
491
438
332
193
78
3
0
0
0
0
0
0
0
0
0
0
4
163
377
583
758
885
957
967
920
806
645
447
225
16
0
0
0
0
0
0
0
0
0
0
5
183
419
647
836
974
1047
1053
991
869
687
466
232
14
0
0
0
0
0
0
0
0
0
0
5
172
391
605
782
912
983
991
942
825
658
452
228
17
0
0
0
0
0
0
0
0
0
0
6
181
410
633
816
948
1020
1025
966
843
668
455
225
15
0
0
0
0
0
0
0
0
0
0
6
173
387
599
771
902
969
977
922
807
644
443
224
18
0
0
0
0
0
0
0
0
0
0
7
185
404
613
784
908
974
970
917
801
636
430
215
13
0
0
0
0
0
0
0
0
0
0
7
182
394
601
772
893
950
955
895
791
629
429
214
14
0
0
0
0
0
0
0
0
0
0
7
179
389
592
763
891
962
972
921
817
654
458
241
25
0
0
0
0
0
0
0
0
0
0
10
212
450
674
857
988
1055
1057
989
860
681
464
235
15
0
0
0
0
0
0
0
0
0
0
8
44
35
185
67
173
317
769
655
952
763
527
210
4
0
0
0
0
0
0
0
0
0
0
3
85
205
341
447
521
534
580
523
439
349
238
117
5
0
0
0
0
0
0
0
0
0
0
6
133
295
471
589
777
777
800
779
624
465
356
186
19
0
0
0
0
0
0
0
0
0
0
11
195
401
594
749
861
915
925
873
767
615
421
218
18
0
0
0
0
0
0
0
0
0
0
12
195
408
609
782
900
965
972
915
801
642
445
233
23
0
0
0
0
0
0
0
0
0
0
14
216
441
655
830
956
1023
1029
975
854
682
475
251
25
0
0
0
0
0
0
0
0
0
0
14
208
426
630
801
927
994
997
944
829
666
466
248
28
0
0
0
0
0
0
0
0
0
0
15
222
450
668
848
980
1048
1054
995
876
702
491
262
29
0
0
0
0
0
0
0
0
0
0
15
201
407
599
753
860
927
909
848
753
605
429
230
25
0
0
0
0
0
0
0
0
0
0
11
95
213
317
514
330
337
454
600
510
459
202
114
6
0
0
0
0
0
0
0
0
0
0
6
20
75
209
439
390
431
304
503
532
480
321
150
26
0
0
0
0
0
0
0
0
0
0
4
124
248
375
473
508
542
559
517
436
301
217
117
10
0
0
0
0
0
0
0
0
0
0
18
213
425
624
789
910
969
971
920
806
647
454
243
31
0
0
0
0
0
0
0
0
0
0
19
205
408
605
770
873
933
936
872
782
638
450
248
37
0
0
0
0
0
0
0
0
0
0
19
216
424
621
787
905
970
975
926
824
671
480
269
77
0
0
0
0
0
0
0
0
0
0
23
250
479
694
869
994
1057
1058
989
868
696
487
265
73
0
0
0
0
0
0
0
0
0
0
20
208
401
593
744
862
917
920
873
776
626
450
261
79
0
0
0
0
0
0
0
0
0
0
20
205
387
560
715
826
885
894
860
770
617
443
251
73
0
0
0
0
0
0
0
0
0
0
25
244
469
682
855
980
1048
1051
991
872
701
496
273
79
0
0
0
0
0
0
0
0
0
0
25
241
461
669
839
963
1030
1033
977
862
699
498
279
84
0
0
0
0
0
0
0
0
0
0
23
217
407
597
754
859
930
939
883
787
637
453
258
80
0
0
0
0
0
0
0
0
0
0
24
223
420
606
752
861
926
918
864
765
616
437
244
74
0
0
0
0
0
0
0
0
0
0
27
243
452
650
812
928
995
1002
949
842
687
495
285
90
0
0
0
0
0
0
0
0
0
0
21
199
370
561
666
778
808
865
802
728
609
437
254
81
0
0
0
0
0
0
0
0
0
0
24
211
397
570
742
830
880
886
858
770
628
437
254
78
0
0
0
0
0
0
0
0
0
0
30
206
405
588
641
605
709
651
612
602
600
406
245
90
0
0
0
0
0
0
0
0
0
0
8
52
224
142
294
314
386
723
929
683
628
292
163
20
1
0
0
0
0
0
0
0
0
0
31
256
479
688
861
986
1054
1061
1006
893
728
525
303
100
0
0
0
0
0
0
0
0
0
0
27
222
418
608
770
896
954
965
916
819
671
482
278
92
0
0
0
0
0
0
0
0
0
0
30
240
452
652
819
939
1007
1018
970
865
710
515
301
102
0
0
0
0
0
0
0
0
0
0
33
261
486
698
874
1001
1069
1076
1020
906
740
535
310
104
0
0
0
0
0
0
0
0
0
0
33
258
478
686
858
981
1048
1056
1002
889
726
526
307
104
0
0
0
0
0
0
0
0
0
0
32
247
460
661
827
946
1014
1015
964
856
703
508
295
101
0
0
0
0
0
0
0
0
0
0
33
254
474
681
854
979
1046
1053
998
885
723
522
303
104
0
0
0
0
0
0
0
0
0
0
27
223
413
595
745
856
928
940
895
800
668
488
284
100
1
0
0
0
0
0
0
0
0
0
25
186
352
504
639
728
774
786
733
652
537
387
224
76
0
0
0
0
0
0
0
0
0
0
26
200
367
534
685
775
845
854
806
715
591
439
255
89
0
0
0
0
0
0
0
0
0
0
31
238
440
636
790
902
964
978
929
828
686
506
297
107
1
0
0
0
0
0
0
0
0
0
6
265
415
363
802
961
497
88
171
74
61
44
113
35
0
0
0
0
0
0
0
0
0
0
32
244
454
652
817
932
991
999
950
839
685
496
292
103
0
0
0
0
0
0
0
0
0
0
41
293
543
779
975
512
526
513
486
443
368
273
157
52
0
0
0
0
0
0
0
0
0
0
32
244
450
643
807
927
988
996
948
853
702
513
307
112
1
0
0
0
0
0
0
0
0
0
34
260
482
694
869
995
1062
1069
1015
904
740
539
318
114
0
0
0
0
0
0
0
0
0
0
33
252
469
672
841
961
1028
1035
982
875
714
518
307
110
1
0
0
0
0
0
0
0
0
0
35
263
488
700
875
1001
1070
1076
1022
910
746
544
323
117
1
0
0
0
0
0
0
0
0
0
33
255
478
691
869
994
1065
1072
1017
903
737
535
314
113
1
0
0
0
0
0
0
0
0
0
25
186
363
529
701
793
851
875
846
709
600
419
267
97
1
0
0
0
0
0
0
0
0
0
31
242
454
655
821
939
1002
1007
959
858
706
518
309
115
1
0
0
0
0
0
0
0
0
0
28
216
406
593
750
872
921
941
875
777
632
467
273
101
1
0
0
0
0
0
0
0
0
0
30
241
459
664
839
961
1033
1048
996
895
739
542
325
121
1
0
0
0
0
0
0
0
0
0
28
225
426
623
782
898
976
999
944
840
691
510
306
115
2
0
0
0
0
0
0
0
0
0
29
238
449
652
824
949
1016
1027
980
876
718
526
313
115
1
0
0
0
0
0
0
0
0
0
28
234
440
637
804
923
994
999
957
854
699
514
308
115
1
0
0
0
0
0
0
0
0
0
30
244
462
669
842
970
1040
1050
997
889
730
530
316
117
1
0
0
0
0
0
0
0
0
0
29
241
460
671
844
977
1044
1052
1001
894
735
538
321
119
1
0
0
0
0
0
0
0
0
0
26
223
426
624
784
914
984
1000
956
853
703
515
312
118
1
0
0
0
0
0
0
0
0
0
26
229
439
643
815
942
1022
1039
994
889
737
545
329
125
2
0
0
0
0
0
0
0
0
0
24
211
406
589
736
827
911
910
879
789
655
481
293
109
1
0
0
0
0
0
0
0
0
0
25
223
428
625
794
920
990
1002
958
856
707
520
310
116
1
0
0
0
0
0
0
0
0
0
25
225
434
633
803
925
993
1004
957
853
702
513
307
113
1
0
0
0
0
0
0
0
0
0
26
242
468
684
866
999
1072
1083
1030
919
755
549
325
118
1
0
0
0
0
0
0
0
0
0
25
232
450
656
832
959
1030
1038
986
879
717
523
310
113
1
0
0
0
0
0
0
0
0
0
25
237
460
675
855
983
1054
1063
1012
903
742
540
321
117
1
0
0
0
0
0
0
0
0
0
25
239
461
672
850
975
1049
1059
1009
902
743
543
325
121
1
0
0
0
0
0
0
0
0
0
24
233
450
656
829
958
1027
1039
992
886
731
538
324
122
1
0
0
0
0
0
0
0
0
0
20
195
371
535
706
808
875
912
848
718
598
444
265
104
1
0
0
0
0
0
0
0
0
0
21
224
440
649
824
954
1028
1043
995
892
738
543
326
122
1
0
0
0
0
0
0
0
0
0
22
233
458
675
858
990
1065
1077
1029
917
753
549
326
118
1
0
0
0
0
0
0
0
0
0
20
227
449
661
844
974
1051
1060
1010
902
740
542
319
115
1
0
0
0
0
0
0
0
0
0
18
212
424
630
804
934
1007
1021
973
868
715
525
311
114
1
0
0
0
0
0
0
0
0
0
16
191
382
565
722
829
885
900
857
767
625
455
271
97
1
0
0
0
0
0
0
0
0
0
9
31
136
172
254
647
583
750
572
430
621
587
344
126
4
0
0
0
0
0
0
0
0
0
3
82
188
274
360
412
445
422
441
376
318
218
139
57
1
0
0
0
0
0
0
0
0
0
16
209
425
634
813
943
1018
1033
985
878
717
522
307
108
0
0
0
0
0
0
0
0
0
0
14
181
376
564
712
832
901
923
873
787
644
467
265
96
0
0
0
0
0
0
0
0
0
0
15
202
417
631
808
942
1019
1036
993
891
739
543
322
116
1
0
0
0
0
0
0
0
0
0
12
176
367
556
716
829
895
908
865
771
632
456
264
91
0
0
0
0
0
0
0
0
0
0
13
186
391
592
758
884
962
972
932
832
677
490
287
100
0
0
0
0
0
0
0
0
0
0
13
191
397
597
770
893
964
981
939
837
686
496
291
100
0
0
0
0
0
0
0
0
0
0
11
176
360
538
701
828
876
896
855
764
634
462
272
96
1
0
0
0
0
0
0
0
0
0
13
224
476
687
922
456
470
485
479
395
339
251
161
54
0
0
0
0
0
0
0
0
0
0
12
199
418
632
815
951
1030
1047
1001
894
735
531
310
105
0
0
0
0
0
0
0
0
0
0
11
185
392
594
765
892
965
980
937
837
686
498
289
97
0
0
0
0
0
0
0
0
0
0
8
156
335
512
643
763
831
871
864
722
571
424
230
72
0
0
0
0
0
0
0
0
0
0
9
169
372
570
744
869
951
971
936
841
696
507
296
100
0
0
0
0
0
0
0
0
0
0
9
174
383
586
760
897
978
991
951
854
695
502
290
97
0
0
0
0
0
0
0
0
0
0
9
182
397
609
790
926
1005
1025
984
877
715
521
301
98
0
0
0
0
0
0
0
0
0
0
8
178
391
598
781
910
982
993
949
846
692
498
282
88
0
0
0
0
0
0
0
0
0
0
8
191
418
643
829
964
1040
1052
993
878
711
503
280
84
0
0
0
0
0
0
0
0
0
0
6
154
349
522
683
812
882
873
849
751
624
453
258
83
0
0
0
0
0
0
0
0
0
0
7
181
405
626
811
948
1028
1039
991
878
709
502
279
83
0
0
0
0
0
0
0
0
0
0
7
173
387
599
782
918
992
1015
974
870
712
515
293
90
0
0
0
0
0
0
0
0
0
0
6
156
360
552
713
820
903
906
861
752
610
423
233
67
0
0
0
0
0
0
0
0
0
0
6
175
395
612
800
936
1013
1028
979
869
705
499
276
80
0
0
0
0
0
0
0
0
0
0
5
168
383
593
773
908
985
1004
956
849
688
487
267
76
0
0
0
0
0
0
0
0
0
0
5
160
370
578
753
885
959
974
920
819
661
463
252
68
0
0
0
0
0
0
0
0
0
0
5
167
387
605
790
927
1003
1013
963
852
690
487
267
73
0
0
0
0
0
0
0
0
0
0
5
165
386
605
792
933
1012
1029
979
869
703
495
269
35
0
0
0
0
0
0
0
0
0
0
4
156
366
574
748
882
963
976
928
824
667
469
256
33
0
0
0
0
0
0
0
0
0
0
4
150
358
564
742
872
947
964
914
810
655
459
245
29
0
0
0
0
0
0
0
0
0
0
4
153
367
583
766
901
986
999
948
840
684
481
258
32
0
0
0
0
0
0
0
0
0
0
3
146
354
561
737
867
944
956
905
802
642
446
235
24
0
0
0
0
0
0
0
0
0
0
3
143
352
556
731
858
936
951
910
815
659
464
250
30
0
0
0
0
0
0
0
0
0
0
3
150
366
583
768
903
976
994
947
841
678
473
251
27
0
0
0
0
0
0
0
0
0
0
2
130
321
514
672
786
860
866
817
733
598
416
219
22
0
0
0
0
0
0
0
0
0
0
3
128
288
470
614
690
772
795
691
664
507
320
151
5
0
0
0
0
0
0
0
0
0
0
2
143
352
559
730
857
932
943
890
785
632
436
224
18
0
0
0
0
0
0
0
0
0
0
2
126
315
504
646
766
848
841
798
700
559
388
198
16
0
0
0
0
0
0
0
0
0
0
2
133
338
541
715
843
916
930
871
756
594
404
201
12
0
0
0
0
0
0
0
0
0
0
2
133
341
551
734
867
938
946
903
798
638
441
223
18
0
0
0
0
0
0
0
0
0
0
1
118
307
496
651
776
853
878
835
737
595
415
207
17
0
0
0
0
0
0
0
0
0
0
1
129
337
549
733
866
940
956
909
798
640
435
214
15
0
0
0
0
0
0
0
0
0
0
1
116
302
495
650
780
849
869
842
731
580
382
187
11
0
0
0
0
0
0
0
0
0
0
1
132
349
571
755
891
969
979
923
810
643
435
212
13
0
0
0
0
0
0
0
0
0
0
1
127
337
553
734
867
947
969
914
803
639
432
211
13
0
0
0
0
0
0
0
0
0
0
1
132
353
578
765
902
977
985
931
813
636
422
196
7
0
0
0
0
0
0
0
0
0
0
1
124
336
549
730
863
931
945
895
783
617
412
194
9
0
0
0
0
0
0
0
0
0
0
1
140
379
633
845
601
624
620
581
496
393
257
117
4
0
0
0
0
0
0
0
0
0
0
0
31
83
128
280
495
619
627
435
385
378
305
214
29
0
0
0
0
0
0
0
0
0
0
1
118
330
543
728
870
948
958
906
793
620
410
189
8
0
0
0
0
0
0
0
0
0
0
0
108
304
492
655
778
852
856
809
705
555
366
166
5
0
0
0
0
0
0
0
0
0
0
0
103
293
488
643
763
829
846
803
703
548
360
163
6
0
0
0
0
0
0
0
0
0
0
0
104
295
489
659
784
856
864
822
718
563
372
164
6
0
0
0
0
0
0
0
0
0
0
0
100
289
483
634
743
810
799
747
643
492
312
130
1
0
0
0
0
0
0
0
0
0
0
0
93
274
464
630
743
805
806
765
679
533
349
153
5
0
0
0
0
0
0
0
0
0
0
0
107
316
528
711
843
913
921
864
750
581
374
157
3
0
0
0
0
0
0
0
0
0
0
0
106
313
524
705
835
904
912
856
740
572
366
152
3
0
0
0
0
0
0
0
0
0
0
0
94
279
470
633
753
811
824
771
667
509
317
126
1
0
0
0
0
0
0
0
0
0
0
0
111
335
564
757
893
966
969
904
775
591
368
144
1
0
0
0
0
0
0
0
0
0
0
0
112
292
496
732
499
514
587
659
587
455
272
108
1
0
0
0
0
0
0
0
0
0
0
0
72
209
329
472
555
578
576
556
485
371
238
87
1
0
0
0
0
0
0
0
0
0
0
1
43
157
232
452
621
443
445
562
400
185
266
62
1
0
0
0
0
0
0
0
0
0
0
0
101
317
536
718
846
916
922
862
736
556
344
128
0
0
0
0
0
0
0
0
0
0
0
0
95
300
510
684
817
884
890
829
713
544
337
124
1
0
0
0
0
0
0
0
0
0
0
0
74
245
388
497
638
722
710
655
546
470
256
90
0
0
0
0
0
0
0
0
0
0
0
0
77
238
378
527
663
584
612
657
600
455
310
119
1
0
0
0
0
0
0
0
0
0
0
0
83
267
456
617
725
780
774
721
619
470
281
98
0
0
0
0
0
0
0
0
0
0
0
0
56
94
197
692
455
228
363
325
506
621
372
124
1
0
0
0
0
0
0
0
0
0
0
0
79
269
460
623
744
806
814
759
652
493
298
100
0
0
0
0
0
0
0
0
0
0
0
0
105
356
599
784
510
583
544
521
483
371
224
83
0
0
0
0
0
0
0
0
0
0
0
0
81
280
487
664
788
855
861
803
680
506
300
94
0
0
0
0
0
0
0
0
0
0
0
0
89
307
546
744
532
605
598
605
520
398
220
72
0
0
0
0
0
0
0
0
0
0
0
0
40
286
498
677
804
869
869
804
680
506
295
88
0
0
0
0
0
0
0
0
0
0
0
0
38
276
409
607
654
758
737
576
491
272
150
8
0
0
0
0
0
0
0
0
0
0
0
0
37
278
491
671
800
867
872
811
685
509
293
43
0
0
0
0
0
0
0
0
0
0
0
0
38
296
521
708
841
908
904
831
694
505
283
32
0
0
0
0
0
0
0
0
0
0
0
0
26
207
431
604
688
639
670
551
400
276
161
6
0
0
0
0
0
0
0
0
0
0
0
0
28
240
429
594
721
770
766
707
600
442
246
27
0
0
0
0
0
0
0
0
0
0
0
0
30
256
459
637
761
830
831
763
640
467
258
29
0
0
0
0
0
0
0
0
0
0
0
0
23
192
367
476
568
615
559
524
459
324
152
5
0
0
0
0
0
0
0
0
0
0
0
0
5
115
330
554
403
466
522
292
430
257
294
43
0
0
0
0
0
0
0
0
0
0
0
0
24
233
427
591
703
774
767
703
591
424
225
23
0
0
0
0
0
0
0
0
0
0
0
0
19
199
379
528
632
700
719
663
583
418
228
20
0
0
0
0
0
0
0
0
0
0
0
0
25
251
463
638
759
824
822
751
620
439
229
16
0
0
0
0
0
0
0
0
0
0
0
0
21
218
403
565
677
740
736
682
568
403
207
15
0
0
0
0
0
0
0
0
0
0
0
0
24
255
469
650
776
840
835
764
627
440
225
13
0
0
0
0
0
0
0
0
0
0
0
0
13
116
236
303
352
400
389
343
301
186
76
3
0
0
0
0
0
0
0
0
0
0
0
0
7
84
157
215
262
277
292
275
216
142
69
3
0
0
0
0
0
0
0
0
0
0
0
0
19
207
375
533
621
690
639
610
517
358
187
12
0
0
0
0
0
0
0
0
0
0
0
0
19
237
447
623
744
805
802
731
598
417
205
9
0
0
0
0
0
0
0
0
0
0
0
0
12
204
397
548
607
674
673
602
441
310
141
3
0
0
0
0
0
0
0
0
0
0
0
0
16
234
434
632
774
878
868
763
565
405
213
14
0
0
0
0
0
0
0
0
0
0
0
0
16
238
459
643
770
833
827
748
605
411
192
6
0
0
0
0
0
0
0
0
0
0
0
0
14
212
406
568
692
747
738
670
543
370
173
5
0
0
0
0
0
0
0
0
0
0
0
0
14
220
426
599
717
776
768
699
566
384
178
5
0
0
0
0
0
0
0
0
0
0
0
0
10
182
350
502
600
654
671
628
505
331
148
4
0
0
0
0
0
0
0
0
0
0
0
0
27
235
462
655
791
858
802
770
456
249
110
1
0
0
0
0
0
0
0
0
0
0
0
0
14
201
385
473
506
580
579
497
423
324
167
6
0
0
0
0
0
0
0
0
0
0
0
0
4
31
43
170
224
336
655
661
623
375
150
6
0
0
0
0
0
0
0
0
0
0
0
0
10
191
384
554
672
732
724
652
521
343
149
3
0
0
0
0
0
0
0
0
0
0
0
0
8
164
329
467
561
606
592
532
427
283
118
1
0
0
0
0
0
0
0
0
0
0
0
0
7
165
338
494
603
642
646
560
439
299
120
1
0
0
0
0
0
0
0
0
0
0
0
0
8
183
374
541
656
700
698
623
491
322
134
1
0
0
0
0
0
0
0
0
0
0
0
0
7
188
384
549
664
718
707
631
501
327
134
1
0
0
0
0
0
0
0
0
0
0
0
0
7
176
369
524
641
699
699
628
505
333
137
2
0
0
0
0
0
0
0
0
0
0
0
0
5
163
344
498
603
659
651
577
458
304
120
1
0
0
0
0
0
0
0
0
0
0
0
0
3
147
313
451
522
611
622
554
411
256
103
1
0
0
0
0
0
0
0
0
0
0
0
0
4
145
309
448
550
600
589
528
417
266
102
1
0
0
0
0
0
0
0
0
0
0
0
0
5
167
362
530
648
706
695
620
487
310
119
1
0
0
0
0
0
0
0
0
0
0
0
0
4
145
325
480
592
639
631
564
439
279
104
0
0
0
0
0
0
0
0
0
0
0
0
0
3
136
299
441
539
586
575
513
405
258
97
0
0
0
0
0
0
0
0
0
0
0
0
0
3
143
318
470
577
628
620
554
435
274
101
0
0
0
0
0
0
0
0
0
0
0
0
0
1
38
92
128
139
149
168
149
105
69
31
0
0
0
0
0
0
0
0
0
0
0
0
0
2
45
93
118
146
150
142
172
126
75
34
0
0
0
0
0
0
0
0
0
0
0
0
0
3
155
354
525
649
709
702
626
491
306
110
0
0
0
0
0
0
0
0
0
0
0
0
0
2
122
302
416
535
530
558
494
401
231
75
0
0
0
0
0
0
0
0
0
0
0
0
0
2
154
356
530
654
712
703
625
487
301
103
0
0
0
0
0
0
0
0
0
0
0
0
0
2
143
337
505
625
679
669
588
458
282
95
0
0
0
0
0
0
0
0
0
0
0
0
0
7
137
309
547
678
742
688
620
483
248
42
0
0
0
0
0
0
0
0
0
0
0
0
0
1
110
282
410
536
587
552
494
346
206
59
0
0
0
0
0
0
0
0
0
0
0
0
0
1
47
150
93
244
360
619
428
167
111
11
0
0
0
0
0
0
0
0
0
0
0
0
0
1
110
256
403
523
568
543
477
372
237
81
0
0
0
0
0
0
0
0
0
0
0
0
0
1
98
250
316
462
439
412
259
40
24
23
0
0
0
0
0
0
0
0
0
0
0
0
0
1
99
242
374
462
507
494
440
336
206
65
0
0
0
0
0
0
0
0
0
0
0
0
0
1
120
307
469
588
650
643
576
446
271
86
0
0
0
0
0
0
0
0
0
0
0
0
0
1
110
283
440
545
596
594
531
415
256
81
0
0
0
0
0
0
0
0
0
0
0
0
0
0
123
323
499
622
682
674
598
461
276
84
0
0
0
0
0
0
0
0
0
0
0
0
0
0
114
305
478
600
661
659
587
455
274
43
0
0
0
0
0
0
0
0
0
0
0
0
0
0
111
303
478
603
663
656
582
449
269
41
0
0
0
0
0
0
0
0
0
0
0
0
0
0
101
274
434
539
595
587
519
396
241
32
0
0
0
0
0
0
0
0
0
0
0
0
0
0
100
286
458
577
637
633
565
435
259
38
0
0
0
0
0
0
0
0
0
0
0
0
0
0
96
277
444
570
630
632
562
431
254
36
0
0
0
0
0
0
0
0
0
0
0
0
0
0
92
271
436
554
619
615
548
422
249
35
0
0
0
0
0
0
0
0
0
0
0
0
0
0
89
265
425
549
606
600
534
410
245
35
0
0
0
0
0
0
0
0
0
0
0
0
0
0
93
274
441
557
613
609
541
414
245
30
0
0
0
0
0
0
0
0
0
0
0
0
0
0
77
234
373
480
531
518
465
361
210
26
0
0
0
0
0
0
0
0
0
0
0
0
0
0
8
25
40
50
56
407
381
296
173
22
0
0
0
0
0
0
0
0
0
0
0
0
0
0
86
270
436
554
609
601
532
406
239
28
0
0
0
0
0
0
0
0
0
0
0
0
0
0
88
289
470
561
676
665
578
408
244
26
0
0
0
0
0
0
0
0
0
0
0
0
0
0
80
264
436
560
626
624
552
423
248
30
0
0
0
0
0
0
0
0
0
0
0
0
0
0
77
257
425
548
612
610
544
417
245
31
0
0
0
0
0
0
0
0
0
0
0
0
0
0
33
234
391
499
566
570
507
391
232
31
0
0
0
0
0
0
0
0
0
0
0
0
0
0
35
254
425
550
615
615
546
419
245
30
0
0
0
0
0
0
0
0
0
0
0
0
0
0
6
20
34
44
114
672
398
400
122
44
0
0
0
0
0
0
0
0
0
0
0
0
0
0
40
240
362
411
441
374
314
325
157
11
0
0
0
0
0
0
0
0
0
0
0
0
0
0
31
244
415
541
604
604
540
416
244
30
0
0
0
0
0
0
0
0
0
0
0
0
0
0
25
197
354
470
518
511
440
356
220
27
0
0
0
0
0
0
0
0
0
0
0
0
0
0
27
231
394
512
577
578
518
398
236
30
0
0
0
0
0
0
0
0
0
0
0
0
0
0
27
244
419
547
616
615
547
422
249
29
0
0
0
0
0
0
0
0
0
0
0
0
0
0
22
227
403
514
623
644
575
442
259
53
0
0
0
0
0
0
0
0
0
0
0
0
0
0
23
220
386
509
576
577
514
397
234
29
0
0
0
0
0
0
0
0
0
0
0
0
0
0
15
147
275
397
411
401
372
250
123
5
0
0
0
0
0
0
0
0
0
0
0
0
0
0
14
141
254
359
450
415
451
345
201
27
0
0
0
0
0
0
0
0
0
0
0
0
0
0
21
219
387
513
578
574
508
387
224
24
0
0
0
0
0
0
0
0
0
0
0
0
0
0
20
219
390
519
589
593
533
412
245
32
0
0
0
0
0
0
0
0
0
0
0
0
0
0
18
208
376
500
568
571
512
395
231
29
0
0
0
0
0
0
0
0
0
0
0
0
0
0
16
193
353
477
537
547
496
389
232
31
0
0
0
0
0
0
0
0
0
0
0
0
0
0
11
98
158
209
174
249
213
188
103
6
0
0
0
0
0
0
0
0
0
0
0
0
0
0
14
151
269
300
340
362
365
159
20
6
0
0
0
0
0
0
0
0
0
0
0
0
0
0
16
203
370
498
566
576
520
404
242
33
0
0
0
0
0
0
0
0
0
0
0
0
0
0
4
87
243
540
661
484
274
141
41
6
0
0
0
0
0
0
0
0
0
0
0
0
0
0
9
160
331
399
466
449
372
298
192
28
0
0
0
0
0
0
0
0
0
0
0
0
0
0
15
205
377
507
578
584
526
409
246
34
0
0
0
0
0
0
0
0
0
0
0
0
0
0
14
206
380
512
586
595
538
421
255
38
0
0
0
0
0
0
0
0
0
0
0
0
0
0
16
123
316
336
321
315
419
294
175
31
0
0
0
0
0
0
0
0
0
0
0
0
0
0
11
169
327
443
519
523
473
385
231
40
0
0
0
0
0
0
0
0
0
0
0
0
0
0
5
127
341
429
448
441
350
267
158
36
0
0
0
0
0
0
0
0
0
0
0
0
0
0
13
201
376
510
585
594
540
423
258
80
0
0
0
0
0
0
0
0
0
0
0
0
0
0
3
113
247
278
295
357
330
253
174
57
0
0
0
0
0
0
0
0
0
0
0
0
0
0
3
81
170
224
258
252
234
170
106
33
0
0
0
0
0
0
0
0
0
0
0
0
0
0
9
78
294
303
372
525
339
214
133
50
0
0
0
0
0
0
0
0
0
0
0
0
0
0
10
169
319
432
506
527
481
385
233
76
0
0
0
0
0
0