0
0
0
0
0
0
0
0
71
230
382
481
517
504
439
323
174
12
0
0
0
0
0
0
0
0
0
0
0
0
0
0
55
155
257
353
419
394
289
204
102
4
0
0
0
0
0
0
0
0
0
0
0
0
0
0
20
22
208
263
287
198
205
134
77
4
0
0
0
0
0
0
0
0
0
0
0
0
0
0
74
242
401
510
566
560
491
372
205
16
0
0
0
0
0
0
0
0
0
0
0
0
0
0
76
250
410
521
576
574
502
375
205
16
0
0
0
0
0
0
0
0
0
0
0
0
0
0
80
263
433
556
615
608
533
399
222
18
0
0
0
0
0
0
0
0
0
0
0
0
0
0
78
257
424
544
601
598
530
402
229
22
0
0
0
0
0
0
0
0
0
0
0
0
0
0
83
275
451
577
641
634
560
424
240
23
0
0
0
0
0
0
0
0
0
0
0
0
0
0
76
249
409
525
585
583
516
389
222
21
0
0
0
0
0
0
0
0
0
0
0
0
0
0
52
246
346
386
361
428
381
239
225
38
0
0
0
0
0
0
0
0
0
0
0
0
0
0
52
173
275
392
415
410
226
119
21
5
0
0
0
0
0
0
0
0
0
0
0
0
0
0
62
211
352
425
507
503
448
350
201
31
0
0
0
0
0
0
0
0
0
0
0
0
0
0
68
222
366
482
526
525
469
362
220
26
0
0
0
0
0
0
0
0
0
0
0
0
0
0
78
254
420
541
602
602
536
413
244
31
0
0
0
0
0
0
0
0
0
0
0
0
0
0
86
277
453
580
643
640
569
437
259
32
0
0
0
0
0
0
0
0
0
0
0
0
0
0
86
276
449
575
638
634
563
434
257
33
0
0
0
0
0
0
0
0
0
0
0
0
0
0
75
240
385
498
551
552
495
392
227
27
0
0
0
0
0
0
0
0
0
0
0
0
0
0
79
254
415
532
596
596
531
411
251
37
0
0
0
0
0
0
0
0
0
0
0
0
0
0
82
258
425
544
606
607
542
422
255
39
0
0
0
0
0
0
0
0
0
0
0
0
0
0
59
298
487
625
540
696
574
484
293
43
0
0
0
0
0
0
0
0
0
0
0
0
0
0
78
243
402
517
589
590
528
409
256
81
0
0
0
0
0
0
0
0
0
0
0
0
0
0
88
273
444
568
634
633
566
442
271
87
0
0
0
0
0
0
0
0
0
0
0
0
0
0
86
263
429
542
604
601
542
425
265
89
0
0
0
0
0
0
0
0
0
0
0
0
0
0
91
273
440
556
617
620
555
433
270
90
0
0
0
0
0
0
0
0
0
0
0
0
0
0
19
89
124
177
190
185
94
113
96
30
0
0
0
0
0
0
0
0
0
0
0
0
0
0
12
104
182
272
269
232
167
61
26
9
0
0
0
0
0
0
0
0
0
0
0
0
0
0
104
260
529
533
583
404
54
74
26
9
0
0
0
0
0
0
0
0
0
0
0
0
0
0
80
248
410
517
545
553
521
409
268
99
0
0
0
0
0
0
0
0
0
0
0
0
0
0
92
272
443
572
633
633
571
447
284
102
0
0
0
0
0
0
0
0
0
0
0
0
0
0
88
253
398
529
548
544
457
351
201
66
0
0
0
0
0
0
0
0
0
0
0
0
0
0
99
286
458
587
656
660
600
478
307
116
1
0
0
0
0
0
0
0
0
0
0
0
0
0
84
239
379
495
550
584
526
427
260
89
0
0
0
0
0
0
0
0
0
0
0
0
0
0
114
320
508
644
715
715
645
515
331
126
0
0
0
0
0
0
0
0
0
0
0
0
0
0
80
228
360
460
505
505
459
369
234
88
0
0
0
0
0
0
0
0
0
0
0
0
0
0
92
257
410
520
575
570
513
413
267
104
0
0
0
0
0
0
0
0
0
0
0
0
0
0
103
281
442
560
623
626
568
455
296
118
1
0
0
0
0
0
0
0
0
0
0
0
0
0
109
294
470
598
669
672
609
486
319
129
1
0
0
0
0
0
0
0
0
0
0
0
0
0
97
265
421
534
589
587
534
435
286
117
1
0
0
0
0
0
0
0
0
0
0
0
0
1
117
310
487
615
686
689
629
507
334
139
2
0
0
0
0
0
0
0
0
0
0
0
0
0
75
196
300
378
422
408
359
307
210
83
1
0
0
0
0
0
0
0
0
0
0
0
0
0
103
267
414
538
587
596
543
449
303
129
2
0
0
0
0
0
0
0
0
0
0
0
0
1
118
298
453
556
623
630
562
447
302
128
1
0
0
0
0
0
0
0
0
0
0
0
0
1
46
146
232
257
305
306
265
178
157
47
3
0
0
0
0
0
0
0
0
0
0
0
0
1
125
310
475
597
664
668
611
483
326
142
2
0
0
0
0
0
0
0
0
0
0
0
0
1
133
324
490
621
688
687
631
514
347
155
3
0
0
0
0
0
0
0
0
0
0
0
0
1
117
283
427
527
587
578
516
418
277
123
1
0
0
0
0
0
0
0
0
0
0
0
0
2
119
276
426
531
569
619
536
413
261
127
2
0
0
0
0
0
0
0
0
0
0
0
0
2
108
256
386
500
554
529
493
402
267
123
2
0
0
0
0
0
0
0
0
0
0
0
0
2
135
321
487
605
664
668
619
505
360
168
6
0
0
0
0
0
0
0
0
0
0
0
0
3
176
397
591
730
801
802
731
593
405
188
4
0
0
0
0
0
0
0
0
0
0
0
0
3
165
368
545
674
738
744
682
559
386
184
6
0
0
0
0
0
0
0
0
0
0
0
0
3
155
354
523
653
715
715
654
540
368
175
6
0
0
0
0
0
0
0
0
0
0
0
0
4
135
303
454
577
644
626
577
464
345
173
7
0
0
0
0
0
0
0
0
0
0
0
0
3
109
230
318
438
434
404
380
271
186
91
2
0
0
0
0
0
0
0
0
0
0
0
0
4
101
212
280
334
387
389
304
245
184
84
3
0
0
0
0
0
0
0
0
0
0
0
0
6
196
421
615
756
829
831
760
624
434
213
9
0
0
0
0
0
0
0
0
0
0
0
0
6
183
389
568
695
766
767
700
568
393
191
7
0
0
0
0
0
0
0
0
0
0
0
0
5
122
256
412
463
527
526
477
390
258
114
3
0
0
0
0
0
0
0
0
0
0
0
0
12
171
340
541
618
554
523
488
442
322
136
3
0
0
0
0
0
0
0
0
0
0
0
0
6
137
292
384
465
479
453
428
345
261
125
3
0
0
0
0
0
0
0
0
0
0
0
0
6
145
250
376
492
630
624
673
459
328
204
14
0
0
0
0
0
0
0
0
0
0
0
0
10
193
392
562
681
745
754
700
586
419
216
15
0
0
0
0
0
0
0
0
0
0
0
0
12
214
424
606
738
804
808
744
621
441
229
15
0
0
0
0
0
0
0
0
0
0
0
0
13
225
442
628
760
829
830
758
624
442
229
14
0
0
0
0
0
0
0
0
0
0
0
0
14
226
440
624
752
819
820
752
623
441
227
15
0
0
0
0
0
0
0
0
0
0
0
0
17
252
483
679
820
891
890
818
676
479
250
16
0
0
0
0
0
0
0
0
0
0
0
0
17
224
422
589
702
768
773
708
592
429
231
18
0
0
0
0
0
0
0
0
0
0
0
0
4
99
244
330
386
464
405
396
345
236
120
5
0
0
0
0
0
0
0
0
0
0
0
0
5
22
41
57
68
74
460
938
597
382
184
66
0
0
0
0
0
0
0
0
0
0
0
0
41
302
554
767
817
496
223
67
56
40
22
5
0
0
0
0
0
0
0
0
0
0
0
0
25
261
473
654
783
850
848
781
658
476
260
24
0
0
0
0
0
0
0
0
0
0
0
0
26
254
454
625
742
801
802
743
625
459
254
25
0
0
0
0
0
0
0
0
0
0
0
0
28
260
472
649
774
835
833
763
638
461
252
25
0
0
0
0
0
0
0
0
0
0
0
0
34
291
521
712
845
911
902
827
684
490
266
23
0
0
0
0
0
0
0
0
0
0
0
0
31
253
451
601
715
774
769
716
600
441
245
27
0
0
0
0
0
0
0
0
0
0
0
0
32
254
446
604
722
782
798
732
617
456
263
35
0
0
0
0
0
0
0
0
0
0
0
0
44
318
553
748
884
948
942
862
717
517
285
28
0
0
0
0
0
0
0
0
0
0
0
0
89
307
531
717
846
914
909
835
700
509
285
32
0
0
0
0
0
0
0
0
0
0
0
0
81
274
464
622
737
797
799
738
612
445
250
30
0
0
0
0
0
0
0
0
0
0
0
0
86
279
469
635
752
809
809
744
628
464
265
34
0
0
0
0
0
0
0
0
0
0
0
0
96
306
517
695
817
880
874
808
678
498
284
38
0
0
0
0
0
0
0
0
0
0
0
0
86
273
435
597
684
759
771
716
598
432
236
30
0
0
0
0
0
0
0
0
0
0
0
0
96
290
476
630
735
801
779
727
606
449
261
36
0
0
0
0
0
0
0
0
0
0
0
0
122
358
616
823
463
627
534
475
418
372
227
43
0
0
0
0
0
0
0
0
0
0
0
0
75
186
202
420
579
595
545
529
497
278
98
7
0
0
0
0
0
0
0
0
0
0
0
0
123
351
573
757
883
943
936
858
718
526
301
87
0
0
0
0
0
0
0
0
0
0
0
0
135
376
609
797
926
984
966
878
727
525
293
82
0
0
0
0
0
0
0
0
0
0
0
1
124
341
556
731
854
913
905
832
698
511
294
88
0
0
0
0
0
0
0
0
0
0
0
1
125
335
536
701
818
871
869
804
677
498
294
91
0
0
0
0
0
0
0
0
0
0
0
1
118
312
507
674
790
832
806
723
607
451
270
85
0
0
0
0
0
0
0
0
0
0
0
1
144
369
586
762
884
942
931
860
726
536
315
99
0
0
0
0
0
0
0
0
0
0
0
2
171
430
669
878
599
634
623
556
483
369
229
76
0
0
0
0
0
0
0
0
0
0
0
1
78
50
52
86
401
309
486
520
749
525
308
130
1
0
0
0
0
0
0
0
0
0
0
8
97
307
434
418
791
627
683
74
63
47
28
10
0
0
0
0
0
0
0
0
0
0
0
3
175
414
637
819
941
1000
988
911
770
575
345
116
0
0
0
0
0
0
0
0
0
0
0
3
161
382
591
759
878
933
925
850
716
536
322
109
0
0
0
0
0
0
0
0
0
0
0
4
182
423
654
838
964
1026
1013
930
784
583
347
117
0
0
0
0
0
0
0
0
0
0
0
4
157
364
551
708
827
880
877
813
686
512
306
106
0
0
0
0
0
0
0
0
0
0
0
8
180
187
148
646
986
889
432
239
71
338
33
12
0
0
0
0
0
0
0
0
0
0
0
2
101
287
262
334
343
460
409
368
525
542
374
125
0
0
0
0
0
0
0
0
0
0
0
6
185
405
609
776
892
946
939
865
735
555
339
122
0
0
0
0
0
0
0
0
0
0
0
9
206
435
640
886
1043
1104
1092
852
749
534
302
88
0
0
0
0
0
0
0
0
0
0
0
8
218
463
690
873
996
1054
1041
958
811
611
375
138
0
0
0
0
0
0
0
0
0
0
0
8
202
430
641
811
927
981
966
890
754
564
345
126
0
0
0
0
0
0
0
0
0
0
0
8
193
408
609
766
875
930
915
850
720
543
336
126
1
0
0
0
0
0
0
0
0
0
0
10
213
444
659
833
949
1002
987
910
769
576
352
130
1
0
0
0
0
0
0
0
0
0
0
4
151
438
605
690
562
1103
1090
1005
853
645
400
152
8
0
0
0
0
0
0
0
0
0
0
15
206
411
584
745
851
1046
1093
969
786
649
403
155
5
0
0
0
0
0
0
0
0
0
0
6
176
204
518
338
726
431
499
232
349
229
109
12
1
0
0
0
0
0
0
0
0
0
0
14
222
445
650
818
931
983
971
901
768
584
368
145
2
0
0
0
0
0
0
0
0
0
0
15
234
470
690
857
601
648
655
611
606
458
299
142
3
0
0
0
0
0
0
0
0
0
0
18
240
475
694
865
981
1034
1017
936
791
598
372
144
1
0
0
0
0
0
0
0
0
0
0
19
246
483
700
871
987
1037
1017
935
791
596
367
143
1
0
0
0
0
0
0
0
0
0
0
20
247
481
696
867
980
1026
1009
924
785
592
367
143
1
0
0
0
0
0
0
0
0
0
0
15
159
314
440
513
615
657
650
581
471
360
195
80
1
0
0
0
0
0
0
0
0
0
0
17
182
355
510
627
693
724
718
650
541
409
254
104
1
0
0
0
0
0
0
0
0
0
0
22
234
447
643
803
910
960
953
881
755
580
372
155
4
0
0
0
0
0
0
0
0
0
0
23
223
424
600
759
841
885
866
781
651
505
327
137
3
0
0
0
0
0
0
0
0
0
0
10
98
209
329
418
475
480
507
448
365
277
172
67
1
0
0
0
0
0
0
0
0
0
0
26
229
430
620
776
859
892
861
777
683
520
334
138
3
0
0
0
0
0
0
0
0
0
0
29
233
447
629
782
874
908
882
813
699
543
356
152
4
0
0
0
0
0
0
0
0
0
0
33
272
505
714
881
993
1045
1031
954
817
625
400
172
4
0
0
0
0
0
0
0
0
0
0
37
291
527
739
910
1022
1069
1045
963
820
624
398
169
3
0
0
0
0
0
0
0
0
0
0
38
285
516
725
891
1004
1052
1038
959
819
630
408
179
5
0
0
0
0
0
0
0
0
0
0
67
241
444
619
773
859
898
887
808
683
527
337
145
3
0
0
0
0
0
0
0
0
0
0
63
224
426
480
582
746
788
715
728
567
452
333
154
5
0
0
0
0
0
0
0
0
0
0
52
183
314
443
541
642
650
646
585
504
367
259
110
2
0
0
0
0
0
0
0
0
0
0
78
267
481
674
825
924
971
946
868
743
571
370
163
5
0
0
0
0
0
0
0
0
0
0
87
294
523
726
886
989
1036
1017
932
792
608
391
174
4
0
0
0
0
0
0
0
0
0
0
75
242
433
586
730
811
842
812
734
618
471
306
129
2
0
0
0
0
0
0
0
0
0
0
74
245
449
621
757
855
894
888
823
712
559
373
173
9
0
0
0
0
0
0
0
0
0
0
54
102
197
213
374
189
310
258
382
637
609
390
155
10
0
0
0
0
0
0
0
0
0
0
99
316
549
757
922
1030
1076
1054
969
825
634
408
183
5
0
0
0
0
0
0
0
0
0
0
106
274
495
748
1025
481
512
425
523
501
419
269
115
8
0
0
0
0
0
0
0
0
0
0
95
296
518
715
871
971
1014
993
918
787
607
397
182
7
0
0
0
0
0
0
0
0
0
0
83
248
440
579
725
811
799
801
802
661
481
335
159
10
0
0
0
0
0
0
0
0
0
0
91
277
477
671
816
914
962
944
880
754
577
385
180
9
0
0
0
0
0
0
0
0
0
0
109
327
560
769
933
1038
1084
1065
981
838
648
426
199
8
0
0
0
0
0
0
0
0
0
0
107
315
537
734
890
995
1038
1025
953
820
642
430
209
12
0
0
0
0
0
0
0
0
0
0
110
318
538
736
892
996
1044
1027
954
826
649
438
215
14
0
0
0
0
0
0
0
0
0
0
99
293
501
692
841
943
999
985
910
775
611
411
206
15
0
0
0
0
0
0
0
0
0
0
108
314
530
727
882
980
1026
1002
923
789
612
405
194
9
0
0
0
0
0
0
0
0
0
0
108
309
525
716
869
970
1010
994
922
792
616
411
199
12
0
0
0
0
0
0
0
0
0
0
107
297
495
676
816
909
943
931
866
740
581
389
193
12
0
0
0
0
0
0
0
0
0
1
105
295
495
677
820
926
975
963
903
787
620
425
215
19
0
0
0
0
0
0
0
0
0
0
62
190
309
440
522
584
556
555
550
415
308
209
93
4
0
0
0
0
0
0
0
0
0
0
77
220
356
497
597
684
713
695
667
581
454
307
154
10
0
0
0
0
0
0
0
0
0
0
63
162
264
289
410
461
526
507
449
411
281
188
94
4
0
0
0
0
0
0
0
0
0
0
90
240
412
574
698
792
810
792
731
641
499
337
172
14
0
0
0
0
0
0
0
0
0
1
114
317
533
725
877
979
1020
1004
928
802
631
424
212
16
0
0
0
0
0
0
0
0
0
1
123
335
558
756
914
1019
1062
1043
964
827
646
434
216
14
0
0
0
0
0
0
0
0
0
1
121
334
560
761
918
1023
1066
1049
968
828
643
432
213
14
0
0
0
0
0
0
0
0
0
1
129
351
585
791
955
1064
1108
1083
995
851
660
436
212
10
0
0
0
0
0
0
0
0
0
1
127
343
571
773
930
1034
1078
1058
980
846
662
446
224
17
0
0
0
0
0
0
0
0
0
1
123
330
547
741
894
997
1041
1029
959
833
661
452
234
23
0
0
0
0
0
0
0
0
0
1
109
285
470
644
778
866
920
900
852
726
567
384
198
19
0
0
0
0
0
0
0
0
0
1
83
214
351
479
572
642
675
626
544
483
391
235
114
5
0
0
0
0
0
0
0
0
0
4
89
133
144
225
138
83
328
614
582
488
447
297
175
37
0
0
0
0
0
0
0
0
0
1
132
351
578
780
941
1046
1092
1074
994
857
673
456
234
19
0
0
0
0
0
0
0
0
0
1
111
297
489
666
800
892
929
922
856
745
590
410
217
24
0
0
0
0
0
0
0
0
0
1
124
328
545
735
889
993
1037
1023
950
826
651
449
235
24
0
0
0
0
0
0
0
0
0
1
113
301
505
687
828
916
961
945
876
753
590
402
204
19
0
0
0
0
0
0
0
0
0
1
117
312
518
699
843
942
986
971
902
783
621
429
226
25
0
0
0
0
0
0
0
0
0
1
121
321
529
719
872
974
1024
1010
944
823
656
457
245
30
0
0
0
0
0
0
0
0
0
1
106
279
465
633
773
872
929
900
832
729
575
405
220
29
0
0
0
0
0
0
0
0
0
1
80
203
345
463
560
637
650
659
608
541
408
286
159
21
0
0
0
0
0
0
0
0
0
1
125
332
552
748
907
1016
1061
1051
981
857
682
475
254
32
0
0
0
0
0
0
0
0
0
1
119
317
526
711
859
963
1011
999
933
813
653
453
243
31
0
0
0
0
0
0
0
0
0
1
95
265
449
624
768
864
897
885
825
715
568
389
204
23
0
0
0
0
0
0
0
0
0
1
109
297
500
685
833
936
984
982
924
812
647
451
244
35
0
0
0
0
0
0
0
0
0
1
114
310
518
706
854
953
1006
997
938
817
654
459
248
35
0
0
0
0
0
0
0
0
0
1
113
311
522
713
868
974
1023
1015
947
825
655
452
241
31
0
0
0
0
0
0
0
0
0
1
111
305
515
709
864
969
1019
1007
935
816
647
448
236
30
0
0
0
0
0
0
0
0
0
1
112
310
525
722
880
991
1036
1028
965
840
669
464
249
33
0
0
0
0
0
0
0
0
0
1
103
285
484
663
814
911
960
951
896
790
637
450
244
37
0
0
0
0
0
0
0
0
0
1
104
300
478
583
746
773
811
752
664
540
468
331
197
38
0
0
0
0
0
0
0
0
0
1
101
282
478
656
807
910
953
952
895
782
630
438
239
35
0
0
0
0
0
0
0
0
0
1
113
317
538
737
898
1008
1057
1046
973
843
668
459
240
28
0
0
0
0
0
0
0
0
0
1
109
304
514
703
858
962
1012
1010
943
827
660
460
250
35
0
0
0
0
0
0
0
0
0
1
96
271
461
635
779
867
918
904
844
740
593
410
217
29
0
0
0
0
0
0
0
0
0
1
98
280
482
664
812
917
964
949
880
769
621
430
229
31
0
0
0
0
0
0
0
0
0
1
100
287
489
675
829
934
983
975
911
797
632
437
234
31
0
0
0
0
0
0
0
0
0
1
98
283
482
668
818
927
972
970
911
795
632
437
234
32
0
0
0
0
0
0
0
0
0
0
95
276
473
658
806
914
966
958
894
778
625
432
231
31
0
0
0
0
0
0
0
0
0
1
103
300
517
716
874
984
1038
1030
965
842
669
462
246
31
0
0
0
0
0
0
0
0
0
0
98
292
504
700
855
965
1017
1008
945
823
659
458
245
34
0
0
0
0
0
0
0
0
0
0
111
321
549
757
924
1037
1089
1076
1004
873
694
479
254
29
0
0
0
0
0
0
0
0
0
0
89
262
448
615
745
832
890
883
809
714
566
395
214
25
0
0
0
0
0
0
0
0
0
0
112
328
562
772
940
1049
1101
1085
1005
869
684
467
242
21
0
0
0
0
0
0
0
0
0
0
82
252
448
617
679
751
705
760
724
643
563
425
225
38
0
0
0
0
0
0
0
0
0
0
91
220
426
646
814
990
1112
1030
1035
904
720
500
267
70
0
0
0
0
0
0
0
0
0
0
92
282
496
692
852
956
1009
1000
933
813
645
444
234
28
0
0
0
0
0
0
0
0
0
0
95
285
491
671
821
939
1003
1021
1021
890
708
488
258
53
0
0
0
0
0
0
0
0
0
0
87
273
481
672
826
932
984
979
917
801
638
441
233
29
0
0
0
0
0
0
0
0
0
0
88
281
502
704
870
982
1033
1026
956
831
654
447
230
24
0
0
0
0
0
0
0
0
0
0
78
251
450
633
787
903
950
950
888
775
617
425
226
29
0
0
0
0
0
0
0
0
0
0
73
242
430
607
763
868
910
907
860
743
592
406
207
23
0
0
0
0
0
0
0
0
0
0
81
269
483
681
843
954
1010
1001
934
814
645
439
226
24
0
0
0
0
0
0
0
0
0
0
78
261
472
671
831
942
1001
1001
935
818
651
448
235
29
0
0
0
0
0
0
0
0
0
0
71
248
447
632
784
899
953
945
882
768
601
403
205
20
0
0
0
0
0
0
0
0
0
0
75
256
465
657
817
925
975
967
902
780
612
416
212
19
0
0
0
0
0
0
0
0
0
0
77
263
477
678
843
952
1012
1004
938
817
648
443
229
24
0
0
0
0
0
0
0
0
0
0
81
277
499
703
864
975
1026
1022
954
828
655
446
228
21
0
0
0
0
0
0
0
0
0
0
73
255
459
648
804
909
959
947
885
768
609
417
210
18
0
0
0
0
0
0
0
0
0
0
66
230
418
591
740
833
904
902
856
742
599
414
217
25
0
0
0
0
0
0
0
0
0
0
69
248
457
652
808
922
972
974
911
793
634
435
223
23
0
0
0
0
0
0
0
0
0
0
62
229
427
616
782
885
940
939
878
762
600
408
207
20
0
0
0
0
0
0
0
0
0
0
64
246
461
665
835
948
1002
998
933
809
639
433
218
20
0
0
0
0
0
0
0
0
0
0
58
226
427
615
772
887
940
934
876
761
601
407
205
19
0
0
0
0
0
0
0
0
0
0
32
254
477
679
845
960
1011
1002
927
795
617
411
199
11
0
0
0
0
0
0
0
0
0
0
36
258
521
722
815
366
454
461
516
435
344
225
104
4
0
0
0
0
0
0
0
0
0
0
11
132
251
356
407
389
470
549
474
367
294
183
76
3
0
0
0
0
0
0
0
0
0
0
29
248
470
677
842
958
1012
1004
936
807
630
421
204
13
0
0
0
0
0
0
0
0
0
0
27
241
461
670
836
952
1007
1004
937
813
641
430
211
16
0
0
0
0
0
0
0
0
0
0
28
250
476
687
859
977
1034
1024
956
828
649
435
211
14
0
0
0
0
0
0
0
0
0
0
23
209
401
568
716
818
850
832
785
664
472
324
156
8
0
0
0
0
0
0
0
0
0
0
24
233
452
655
822
938
997
994
929
807
637
425
205
14
0
0
0
0
0
0
0
0
0
0
22
221
427
623
782
895
952
953
889
774
610
408
195
14
0
0
0
0
0
0
0
0
0
0
18
199
381
546
660
770
843
850
750
646
523
334
146
7
0
0
0
0
0
0
0
0
0
0
21
218
426
621
776
880
936
941
867
750
578
383
180
10
0
0
0
0
0
0
0
0
0
0
20
222
440
642
804
918
967
961
894
767
594
389
178
8
0
0
0
0
0
0
0
0
0
0
16
187
368
540
702
812
866
879
829
717
552
358
169
9
0
0
0
0
0
0
0
0
0
0
18
219
433
637
801
912
961
956
883
752
577
373
166
5
0
0
0
0
0
0
0
0
0
0
18
225
450
662
837
958
1013
1005
936
801
616
400
180
7
0
0
0
0
0
0
0
0
0
0
17
220
442
647
817
933
987
981
912
778
603
390
172
6
0
0
0
0
0
0
0
0
0
0
16
212
429
633
799
908
961
955
885
755
580
374
164
5
0
0
0
0
0
0
0
0
0
0
16
217
437
641
810
923
982
975
905
774
591
378
164
4
0
0
0
0
0
0
0
0
0
0
15
208
422
624
788
898
952
946
875
749
574
368
159
4
0
0
0
0
0
0
0
0
0
0
14
198
389
584
733
841
894
888
827
694
520
324
135
2
0
0
0
0
0
0
0
0
0
0
10
133
167
502
627
629
774
410
577
593
517
310
114
2
0
0
0
0
0
0
0
0
0
0
13
202
419
621
790
906
957
944
873
746
569
362
152
3
0
0
0
0
0
0
0
0
0
0
10
167
340
508
641
735
783
774
713
595
455
282
117
1
0
0
0
0
0
0
0
0
0
0
12
200
417
623
790
906
964
957
886
752
572
360
147
3
0
0
0
0
0
0
0
0
0
0
11
188
397
600
761
877
942
938
867
742
567
354
144
3
0
0
0
0
0
0
0
0
0
0
11
195
412
622
787
903
960
954
879
748
567
353
140
2
0
0
0
0
0
0
0
0
0
0
10
185
397
601
768
878
934
927
862
736
560
349
138
2
0
0
0
0
0
0
0
0
0
0
8
164
359
538
684
795
853
851
783
678
516
323
130
2
0
0
0
0
0
0
0
0
0
0
9
161
379
495
741
978
1037
1000
946
754
587
344
126
2
0
0
0
0
0
0
0
0
0
0
8
175
378
567
722
830
882
867
804
679
510
308
112
1
0
0
0
0
0
0
0
0
0
0
8
179
388
587
749
858
904
891
818
690
516
312
113
1
0
0
0
0
0
0
0
0
0
0
7
168
358
532
681
794
843
828
770
664
497
299
106
1
0
0
0
0
0
0
0
0
0
0
7
177
391
596
761
872
924
910
834
700
520
310
108
0
0
0
0
0
0
0
0
0
0
0
8
194
433
650
810
564
595
571
520
447
336
200
71
0
0
0
0
0
0
0
0
0
0
0
7
194
428
650
829
951
1006
993
911
765
567
338
116
0
0
0
0
0
0
0
0
0
0
0
6
174
390
595
763
875
927
914
839
704
520
306
102
0
0
0
0
0
0
0
0
0
0
0
2
100
200
224
292
441
649
703
783
810
582
340
113
1
0
0
0
0
0
0
0
0
0
0
3
96
178
290
389
304
810
710
741
482
468
333
108
0
0
0
0
0
0
0
0
0
0
0
5
160
362
561
717
820
877
868
793
661
482
282
86
0
0
0
0
0
0
0
0
0
0
0
4
160
373
577
740
853
906
884
808
676
494
282
86
0
0
0
0
0
0
0
0
0
0
0
4
159
370
568
730
840
886
869
790
657
478
272
80
0
0
0
0
0
0
0
0
0
0
0
4
165
386
602
778
892
940
923
840
696
500
279
79
0
0
0
0
0
0
0
0
0
0
0
4
153
364
567
729
833
882
861
781
643
462
257
71
0
0
0
0
0
0
0
0
0
0
0
1
105
285
466
580
723
852
703
626
504
387
249
46
0
0
0
0
0
0
0
0
0
0
0
3
142
331
518
668
791
835
825
760
631
455
245
34
0
0
0
0
0
0
0
0
0
0
0
3
156
370
571
741
850
897
878
799
662
473
257
29
0
0
0
0
0
0
0
0
0
0
0
3
149
361
562
724
837
885
863
787
646
460
250
27
0
0
0
0
0
0
0
0
0
0
0
2
147
338
489
599
653
727
665
621
556
405
219
32
0
0
0
0
0
0
0
0
0
0
0
2
133
321
510
677
776
825
824
757
617
430
231
24
0
0
0
0
0
0
0
0
0
0
0
1
102
243
401
543
588
646
607
565
456
296
153
5
0
0
0
0
0
0
0
0
0
0
0
2
133
333
531
690
796
843
827
754
623
440
235
24
0
0
0
0
0
0
0
0
0
0
0
2
120
340
548
690
719
784
713
590
466
333
156
4
0
0
0
0
0
0
0
0
0
0
0
2
142
356
566
731
841
889
874
793
648
450
232
19
0
0
0
0
0
0
0
0
0
0
0
2
150
376
591
764
880
927
902
809
655
452
227
14
0
0
0
0
0
0
0
0
0
0
0
2
141
360
572
736
844
890
865
773
624
429
212
12
0
0
0
0
0
0
0
0
0
0
0
1
136
349
553
721
830
878
854
765
615
423
208
12
0
0
0
0
0
0
0
0
0
0
0
1
91
243
390
504
588
605
620
548
459
312
151
7
0
0
0
0
0
0
0
0
0
0
0
1
41
107
177
243
276
283
260
235
189
133
62
3
0
0
0
0
0
0
0
0
0
0
0
1
87
236
368
489
557
585
545
512
393
247
114
3
0
0
0
0
0
0
0
0
0
0
0
1
65
166
310
355
426
418
448
364
287
166
80
2
0
0
0
0
0
0
0
0
0
0
0
0
46
129
190
240
287
306
291
252
200
141
63
2
0
0
0
0
0
0
0
0
0
0
0
1
120
329
532
698
809
850
832
742
600
402
186
8
0
0
0
0
0
0
0
0
0
0
0
1
123
340
555
727
841
886
861
769
611
406
184
6
0
0
0
0
0
0
0
0
0
0
0
1
123
339
549
718
828
870
844
751
595
392
173
4
0
0
0
0
0
0
0
0
0
0
0
0
113
315
510
668
771
814
788
704
557
367
161
4
0
0
0
0
0
0
0
0
0
0
0
0
119
337
551
721
831
872
845
747
591
386
166
3
0
0
0
0
0
0
0
0
0
0
0
0
109
311
509
669
775
815
789
700
554
364
157
3
0
0
0
0
0
0
0
0
0
0
0
0
109
315
518
684
788
833
803
712
562
366
155
3
0
0
0
0
0
0
0
0
0
0
0
0
103
304
503
667
773
817
799
707
558
361
152
3
0
0
0
0
0
0
0
0
0
0
0
0
81
243
396
521
597
624
599
519
402
266
110
1
0
0
0
0
0
0
0
0
0
0
0
0
100
292
483
642
744
780
752
663
520
337
138
2
0
0
0
0
0
0
0
0
0
0
0
0
27
75
130
173
213
208
187
144
124
114
35
1
0
0
0
0
0
0
0
0
0
0
0
0
21
36
112
306
382
397
458
494
468
278
153
7
0
0
0
0
0
0
0
0
0
0
0
0
92
279
469
604
700
721
703
622
493
304
118
1
0
0
0
0
0
0
0
0
0
0
0
0
101
314
527
698
808
846
816
717
555
348
131
1
0
0
0
0
0
0
0
0
0
0
0
0
82
268
454
610
715
749
721
629
483
300
110
1
0
0
0
0
0
0
0
0
0
0
0
0
87
280
474
634
741
783
753
665
516
320
118
1
0
0
0
0
0
0
0
0
0
0
0
0
89
288
486
644
748
787
757
660
507
313
112
0
0
0
0
0
0
0
0
0
0
0
0
0
89
293
500
664
770
810
781
682
525
323
114
0
0
0
0
0
0
0
0
0
0
0
0
0
83
280
483
647
750
788
760
661
507
308
105
0
0
0
0
0
0
0
0
0
0
0
0
0
63
208
384
513
534
571
641
511
381
180
82
0
0
0
0
0
0
0
0
0
0
0
0
0
76
265
464
625
727
757
724
631
481
290
96
0
0
0
0
0
0
0
0
0
0
0
0
0
36
261
451
605
705
740
711
621
476
286
93
0
0
0
0
0
0
0
0
0
0
0
0
0
33
248
436
579
661
685
654
564
429
254
79
0
0
0
0
0
0
0
0
0
0
0
0
0
29
242
407
532
628
644
616
536
405
238
74
0
0
0
0
0
0
0
0
0
0
0
0
0
23
193
393
524
600
585
563
469
343
245
73
0
0
0
0
0
0
0
0
0
0
0
0
0
28
209
387
502
587
639
625
555
437
256
79
0
0
0
0
0
0
0
0
0
0
0
0
0
32
267
472
634
740
779
747
647
489
285
84
0
0
0
0
0
0
0
0
0
0
0
0
0
28
248
442
598
695
727
698
606
460
268
38
0
0
0
0
0
0
0
0
0
0
0
0
0
23
223
408
557
655
692
654
568
436
253
37
0
0
0
0
0
0
0
0
0
0
0
0
0
36
170
281
507
429
337
183
444
286
307
84
0
0
0
0
0
0
0
0
0
0
0
0
0
21
225
398
541
635
679
659
570
419
233
27
0
0
0
0
0
0
0
0
0
0
0
0
0
19
212
386
534
635
680
647
549
409
232
26
0
0
0
0
0
0
0
0
0
0
0
0
0
22
241
443
606
713
751
719
618
456
257
29
0
0
0
0
0
0
0
0
0
0
0
0
0
5
189
324
444
451
487
471
360
240
152
6
0
0
0
0
0
0
0
0
0
0
0
0
0
19
230
427
586
689
726
696
600
443
247
25
0
0
0
0
0
0
0
0
0
0
0
0
0
15
200
365
504
595
622
601
514
385
223
25
0
0
0
0
0
0
0
0
0
0
0
0
0
15
171
318
457
537
519
538
506
387
183
17
0
0
0
0
0
0
0
0
0
0
0
0
0
16
222
419
577
678
709
678
581
429
235
21
0
0
0
0
0
0
0
0
0
0
0
0
0
16
223
422
580
682
717
686
588
434
240
21
0
0
0
0
0
0
0
0
0
0
0
0
0
13
114
209
364
430
416
409
336
245
143
4
0
0
0
0
0
0
0
0
0
0
0
0
0
13
213
407
562
662
695
663
566
415
224
17
0
0
0
0
0
0
0
0
0
0
0
0
0
8
154
324
477
513
548
476
439
346
184
14
0
0
0
0
0
0
0
0
0
0
0
0
0
11
193
375
522
616
648
620
536
394
213
17
0
0
0
0
0
0
0
0
0
0
0
0
0
8
165
325
460
547
580
587
503
374
196
16
0
0
0
0
0
0
0
0
0
0
0
0
0
9
180
358
502
593
617
598
503
361
189
12
0
0
0
0
0
0
0
0
0
0
0
0
0
2
37
181
243
310
342
557
482
368
249
26
0
0
0
0
0
0
0
0
0
0
0
0
0
8
172
344
476
573
608
592
506
365
195
12
0
0
0
0
0
0
0
0
0
0
0
0
0
8
187
376
529
626
664
636
541
394
209
13
0
0
0
0
0
0
0
0
0
0
0
0
0
7
182
368
518
613
649
619
528
383
202
11
0
0
0
0
0
0
0
0
0
0
0
0
0
6
180
367
515
612
647
618
527
382
200
10
0
0
0
0
0
0
0
0
0
0
0
0
0
7
162
271
366
396
452
485
404
290
148
12
0
0
0
0
0
0
0
0
0
0
0
0
0
5
161
334
479
574
603
579
494
354
183
10
0
0
0
0
0
0
0
0
0
0
0
0
0
2
102
235
354
427
414
424
395
297
146
7
0
0
0
0
0
0
0
0
0
0
0
0
0
1
60
137
203
243
249
248
237
175
83
5
0
0
0
0
0
0
0
0
0
0
0
0
0
4
129
262
382
434
459
426
373
260
125
3
0
0
0
0
0
0
0
0
0
0
0
0
0
3
145
321
473
571
612
588
499
358
183
10
0
0
0
0
0
0
0
0
0
0
0
0
0
3
149
327
477
574
604
580
491
349
176
7
0
0
0
0
0
0
0
0
0
0
0
0
0
3
139
306
444
533
576
535
455
326
165
6
0
0
0
0
0
0
0
0
0
0
0
0
0
2
127
293
425
508
553
514
448
324
160
6
0
0
0
0
0
0
0
0
0
0
0
0
0
2
146
326
476
573
613
587
501
360
184
7
0
0
0
0
0
0
0
0
0
0
0
0
0
2
156
354
516
622
665
637
540
386
194
7
0
0
0
0
0
0
0
0
0
0
0
0
0
2
151
350
514
621
663
634
536
380
189
6
0
0
0
0
0
0
0
0
0
0
0
0
0
2
138
325
482
587
627
603
515
370
186
8
0
0
0
0
0
0
0
0
0
0
0
0
0
1
90
213
313
368
395
369
322
229
112
2
0
0
0
0
0
0
0
0
0
0
0
0
0
1
121
282
418
505
544
529
455
324
161
7
0
0
0
0
0
0
0
0
0
0
0
0
0
1
135
329
493
602
643
618
525
373
184
6
0
0
0
0
0
0
0
0
0
0
0
0
0
1
129
315
477
585
627
600
509
362
180
6
0
0
0
0
0
0
0
0
0
0
0
0
0
1
89
226
340
411
448
416
327
226
108
2
0
0
0
0
0
0
0
0
0
0
0
0
0
0
95
236
357
444
517
497
424
300
149
6
0
0
0
0
0
0
0
0
0
0
0
0
0
1
130
328
495
608
653
627
533
379
186
6
0
0
0
0
0
0
0
0
0
0
0
0
0
0
124
318
483
594
639
616
524
375
187
7
0
0
0
0
0
0
0
0
0
0
0
0
0
0
96
247
371
447
468
500
414
307
145
5
0
0
0
0
0
0
0
0
0
0
0
0
0
1
119
314
484
600
649
599
461
344
163
4
0
0
0
0
0
0
0
0
0
0
0
0
0
0
107
288
446
551
594
576
492
350
173
6
0
0
0
0
0
0
0
0
0
0
0
0
0
0
89
248
385
467
528
509
416
275
137
3
0
0
0
0
0
0
0
0
0
0
0
0
0
0
97
267
418
521
559
536
456
321
160
5
0
0
0
0
0
0
0
0
0
0
0
0
0
0
107
288
458
584
635
572
526
356
113
2
0
0
0
0
0
0
0
0
0
0
0
0
0
0
103
288
455
565
615
596
509
364
182
7
0
0
0
0
0
0
0
0
0
0
0
0
0
0
91
261
418
528
578
564
485
350
175
8
0
0
0
0
0
0
0
0
0
0
0
0
0
0
86
249
402
506
556
541
465
334
167
8
0
0
0
0
0
0
0
0
0
0
0
0
0
0
76
221
366
470
509
514
445
308
153
8
0
0
0
0
0
0
0
0
0
0
0
0
0
0
67
205
334
435
500
486
434
320
172
12
0
0
0
0
0
0
0
0
0
0
0
0
0
0
61
179
294
371
435
394
311
216
104
2
0
0
0
0
0
0
0
0
0
0
0
0
0
0
10
31
51
63
64
62
51
41
21
2
0
0
0
0
0
0
0
0
0
0
0
0
0
0
25
80
126
157
164
153
130
97
50
2
0
0
0
0
0
0
0
0
0
0
0
0
0
0
15
63
110
131
158
149
120
80
33
3
0
0
0
0
0
0
0
0
0
0
0
0
0
0
12
34
63
78
65
412
361
243
113
3
0
0
0
0
0
0
0
0
0
0
0
0
0
0
61
185
281
388
407
386
311
230
114
3
0
0
0
0
0
0
0
0
0
0
0
0
0
0
81
252
410
523
577
560
486
355
185
10
0
0
0
0
0
0
0
0
0
0
0
0
0
0
75
233
381
490
540
533
460
336
181
10
0
0
0
0
0
0
0
0
0
0
0
0
0
0
70
169
323
381
442
522
443
285
134
3
0
0
0
0
0
0
0
0
0
0
0
0
0
0
66
218
370
459
523
515
445
332
183
13
0
0
0
0
0
0
0
0
0
0
0
0
0
0
57
188
305
413
530
491
442
301
170
15
0
0
0
0
0
0
0
0
0
0
0
0
0
0
64
210
348
437
482
489
430
316
180
14
0
0
0
0
0
0
0
0
0
0
0
0
0
0
49
156
141
357
184
88
312
268
65
10
0
0
0
0
0
0