0
0
0
0
0
0
0
2
124
265
382
489
498
488
407
292
128
2
0
0
0
0
0
0
0
0
0
0
0
0
0
7
176
350
494
586
617
582
490
343
159
4
0
0
0
0
0
0
0
0
0
0
0
0
0
8
210
419
585
688
717
672
561
389
178
3
0
0
0
0
0
0
0
0
0
0
0
0
0
7
196
394
551
648
676
639
532
369
170
3
0
0
0
0
0
0
0
0
0
0
0
0
0
4
144
305
432
443
494
451
429
283
124
1
0
0
0
0
0
0
0
0
0
0
0
0
0
7
193
393
552
652
684
644
540
376
177
4
0
0
0
0
0
0
0
0
0
0
0
0
0
7
199
402
564
668
701
663
557
392
188
5
0
0
0
0
0
0
0
0
0
0
0
0
0
7
191
388
546
646
679
643
540
381
184
5
0
0
0
0
0
0
0
0
0
0
0
0
0
6
179
362
507
598
628
593
502
350
168
4
0
0
0
0
0
0
0
0
0
0
0
0
0
7
194
392
551
650
686
650
547
386
189
6
0
0
0
0
0
0
0
0
0
0
0
0
0
7
196
400
562
663
698
663
560
397
196
7
0
0
0
0
0
0
0
0
0
0
0
0
0
6
168
347
486
580
608
588
496
354
177
7
0
0
0
0
0
0
0
0
0
0
0
0
0
7
188
383
542
641
675
643
543
386
192
7
0
0
0
0
0
0
0
0
0
0
0
0
0
6
174
355
499
603
639
615
520
369
184
8
0
0
0
0
0
0
0
0
0
0
0
0
0
6
172
349
488
572
608
577
499
355
179
7
0
0
0
0
0
0
0
0
0
0
0
0
0
2
101
215
302
351
366
352
278
192
117
3
0
0
0
0
0
0
0
0
0
0
0
0
0
6
171
345
483
581
616
593
518
377
195
11
0
0
0
0
0
0
0
0
0
0
0
0
0
7
193
388
544
646
687
658
561
408
213
12
0
0
0
0
0
0
0
0
0
0
0
0
0
6
161
324
452
551
588
569
507
375
203
15
0
0
0
0
0
0
0
0
0
0
0
0
0
7
171
347
453
506
509
519
467
350
170
9
0
0
0
0
0
0
0
0
0
0
0
0
0
9
216
435
612
722
762
725
616
446
233
12
0
0
0
0
0
0
0
0
0
0
0
0
0
9
214
429
603
715
755
723
620
454
244
16
0
0
0
0
0
0
0
0
0
0
0
0
0
9
214
419
584
690
729
697
595
438
238
15
0
0
0
0
0
0
0
0
0
0
0
0
0
9
214
418
583
688
725
695
595
438
239
16
0
0
0
0
0
0
0
0
0
0
0
0
0
9
209
409
570
675
715
686
588
433
237
17
0
0
0
0
0
0
0
0
0
0
0
0
0
10
222
438
611
724
766
736
633
469
258
20
0
0
0
0
0
0
0
0
0
0
0
0
0
16
201
414
564
627
793
753
655
484
266
28
0
0
0
0
0
0
0
0
0
0
0
0
0
11
217
426
594
702
742
713
615
455
252
21
0
0
0
0
0
0
0
0
0
0
0
0
0
11
220
432
602
710
755
725
623
462
256
22
0
0
0
0
0
0
0
0
0
0
0
0
0
12
230
448
623
736
778
745
639
473
263
22
0
0
0
0
0
0
0
0
0
0
0
0
0
10
169
348
468
561
545
505
450
358
182
10
0
0
0
0
0
0
0
0
0
0
0
0
0
12
206
400
559
662
701
670
574
427
244
25
0
0
0
0
0
0
0
0
0
0
0
0
0
13
233
445
618
730
772
742
642
480
274
28
0
0
0
0
0
0
0
0
0
0
0
0
0
14
233
450
626
739
781
754
653
488
277
30
0
0
0
0
0
0
0
0
0
0
0
0
0
12
209
402
553
646
680
666
587
442
250
27
0
0
0
0
0
0
0
0
0
0
0
0
0
14
143
351
319
421
482
210
287
261
126
6
0
0
0
0
0
0
0
0
0
0
0
0
0
4
162
355
511
569
565
587
434
243
94
6
0
0
0
0
0
0
0
0
0
0
0
0
0
12
215
383
457
481
532
573
552
427
242
40
0
0
0
0
0
0
0
0
0
0
0
0
0
16
220
405
560
655
701
680
595
446
261
36
0
0
0
0
0
0
0
0
0
0
0
0
0
15
207
386
518
598
655
644
548
407
239
32
0
0
0
0
0
0
0
0
0
0
0
0
0
12
165
305
408
475
526
500
439
302
168
8
0
0
0
0
0
0
0
0
0
0
0
0
0
22
272
502
686
806
851
819
712
538
317
94
0
0
0
0
0
0
0
0
0
0
0
0
0
22
253
463
631
742
786
762
667
510
308
97
0
0
0
0
0
0
0
0
0
0
0
0
0
23
256
465
634
744
787
761
667
511
310
98
0
0
0
0
0
0
0
0
0
0
0
0
0
22
226
403
548
641
682
666
587
453
259
86
0
0
0
0
0
0
0
0
0
0
0
0
0
26
262
466
630
734
781
755
660
511
313
103
0
0
0
0
0
0
0
0
0
0
0
0
0
27
254
447
603
704
742
720
629
483
299
100
0
0
0
0
0
0
0
0
0
0
0
0
0
29
274
482
645
753
794
768
674
518
318
108
0
0
0
0
0
0
0
0
0
0
0
0
0
28
249
434
582
682
720
692
619
474
291
98
0
0
0
0
0
0
0
0
0
0
0
0
0
33
281
488
651
754
795
765
673
520
324
113
0
0
0
0
0
0
0
0
0
0
0
0
0
39
253
229
374
460
696
607
434
307
212
83
0
0
0
0
0
0
0
0
0
0
0
0
0
37
298
520
698
812
857
830
731
567
354
126
0
0
0
0
0
0
0
0
0
0
0
0
0
30
227
407
555
661
727
669
591
457
298
109
0
0
0
0
0
0
0
0
0
0
0
0
0
39
290
500
665
774
816
793
696
544
341
124
0
0
0
0
0
0
0
0
0
0
0
0
0
44
313
534
711
824
868
839
740
576
361
133
0
0
0
0
0
0
0
0
0
0
0
0
0
89
303
513
680
788
829
800
705
549
348
130
0
0
0
0
0
0
0
0
0
0
0
0
0
100
333
564
746
865
910
879
774
602
380
142
0
0
0
0
0
0
0
0
0
0
0
0
0
62
225
293
349
422
525
516
487
394
344
161
3
0
0
0
0
0
0
0
0
0
0
0
0
87
268
464
608
705
724
697
612
483
301
116
1
0
0
0
0
0
0
0
0
0
0
0
0
77
241
394
512
596
624
615
539
416
266
103
1
0
0
0
0
0
0
0
0
0
0
0
0
97
298
490
643
739
782
754
665
515
328
125
1
0
0
0
0
0
0
0
0
0
0
0
0
111
331
542
709
814
853
823
724
570
369
148
1
0
0
0
0
0
0
0
0
0
0
0
0
119
348
565
736
846
885
854
753
589
378
152
1
0
0
0
0
0
0
0
0
0
0
0
0
128
369
599
779
893
937
902
795
622
400
161
1
0
0
0
0
0
0
0
0
0
0
0
0
140
377
644
844
552
605
592
537
400
240
94
1
0
0
0
0
0
0
0
0
0
0
0
0
134
371
594
769
877
914
881
778
609
393
161
1
0
0
0
0
0
0
0
0
0
0
0
0
132
353
559
718
820
854
817
722
564
369
154
1
0
0
0
0
0
0
0
0
0
0
0
1
149
391
616
790
898
938
904
797
629
411
173
1
0
0
0
0
0
0
0
0
0
0
0
1
156
402
631
810
925
967
934
829
658
434
187
3
0
0
0
0
0
0
0
0
0
0
0
1
148
377
587
751
860
901
875
781
625
418
183
3
0
0
0
0
0
0
0
0
0
0
0
1
164
410
635
811
923
962
927
822
649
428
185
2
0
0
0
0
0
0
0
0
0
0
0
1
160
390
601
765
865
901
868
771
609
404
178
2
0
0
0
0
0
0
0
0
0
0
0
2
156
382
589
750
852
890
858
757
600
398
174
3
0
0
0
0
0
0
0
0
0
0
0
2
159
385
596
760
865
902
868
769
611
406
179
3
0
0
0
0
0
0
0
0
0
0
0
3
186
418
696
876
518
547
568
517
403
277
130
6
0
0
0
0
0
0
0
0
0
0
0
3
183
425
646
819
927
965
929
824
656
439
197
4
0
0
0
0
0
0
0
0
0
0
0
3
178
410
619
782
884
922
885
781
617
411
185
3
0
0
0
0
0
0
0
0
0
0
0
4
197
447
672
845
952
987
948
838
663
439
196
3
0
0
0
0
0
0
0
0
0
0
0
4
201
452
679
854
962
997
958
848
673
448
202
4
0
0
0
0
0
0
0
0
0
0
0
5
195
430
640
805
909
942
907
806
646
435
200
5
0
0
0
0
0
0
0
0
0
0
0
6
198
432
642
808
909
945
913
809
646
437
203
6
0
0
0
0
0
0
0
0
0
0
0
6
205
437
643
803
903
934
903
799
638
433
204
6
0
0
0
0
0
0
0
0
0
0
0
7
208
444
656
821
921
955
918
813
653
442
206
6
0
0
0
0
0
0
0
0
0
0
0
10
171
318
561
831
986
1085
1046
925
675
474
156
2
0
0
0
0
0
0
0
0
0
0
0
8
208
434
636
794
890
923
895
801
648
444
214
9
0
0
0
0
0
0
0
0
0
0
0
10
235
486
708
879
987
1023
983
873
697
470
221
7
0
0
0
0
0
0
0
0
0
0
0
10
207
427
624
776
865
893
865
775
624
424
203
9
0
0
0
0
0
0
0
0
0
0
0
12
234
476
692
855
952
983
939
828
659
443
208
6
0
0
0
0
0
0
0
0
0
0
0
8
136
260
338
442
558
563
550
457
355
234
122
3
0
0
0
0
0
0
0
0
0
0
0
15
240
474
683
840
940
969
931
830
667
457
222
10
0
0
0
0
0
0
0
0
0
0
0
17
263
512
730
895
994
1022
977
864
689
466
224
7
0
0
0
0
0
0
0
0
0
0
0
19
271
521
739
905
1005
1033
988
874
698
477
232
9
0
0
0
0
0
0
0
0
0
0
0
22
293
555
786
962
1069
1100
1050
928
740
502
243
8
0
0
0
0
0
0
0
0
0
0
0
12
167
308
435
493
544
545
618
508
430
285
138
4
0
0
0
0
0
0
0
0
0
0
0
8
97
181
264
321
344
389
398
342
276
165
87
4
0
0
0
0
0
0
0
0
0
0
0
21
235
451
614
730
803
849
777
631
530
355
166
4
0
0
0
0
0
0
0
0
0
0
0
25
266
494
694
846
938
962
921
818
659
452
225
12
0
0
0
0
0
0
0
0
0
0
0
27
271
498
696
842
931
954
914
814
656
454
228
13
0
0
0
0
0
0
0
0
0
0
0
30
284
514
712
863
957
987
947
844
681
473
241
14
0
0
0
0
0
0
0
0
0
0
0
35
307
556
775
941
1039
1069
1025
910
736
512
261
17
0
0
0
0
0
0
0
0
0
0
0
36
302
543
752
912
1009
1035
995
888
718
502
259
18
0
0
0
0
0
0
0
0
0
0
0
34
272
479
659
803
904
933
888
788
648
454
236
18
0
0
0
0
0
0
0
0
0
0
0
39
288
507
697
832
922
940
902
805
653
459
240
17
0
0
0
0
0
0
0
0
0
0
0
46
340
599
824
993
1094
1120
1071
949
760
525
266
16
0
0
0
0
0
0
0
0
0
0
0
77
270
481
662
811
894
925
894
805
656
459
241
22
0
0
0
0
0
0
0
0
0
0
0
96
330
578
791
946
1038
1060
1015
899
722
500
256
16
0
0
0
0
0
0
0
0
0
0
0
86
283
494
678
819
906
936
893
794
645
452
241
21
0
0
0
0
0
0
0
0
0
0
0
108
352
606
824
987
1082
1108
1061
945
765
534
280
22
0
0
0
0
0
0
0
0
0
0
0
94
303
520
706
849
937
960
926
839
687
488
262
27
0
0
0
0
0
0
0
0
0
0
0
98
307
520
707
847
934
958
917
824
670
474
253
24
0
0
0
0
0
0
0
0
0
0
0
108
336
572
774
926
1013
1037
991
883
717
504
267
23
0
0
0
0
0
0
0
0
0
0
0
97
297
489
666
801
884
892
841
750
597
432
226
21
0
0
0
0
0
0
0
0
0
0
0
109
326
550
747
891
982
1006
974
873
714
511
278
31
0
0
0
0
0
0
0
0
0
0
0
98
295
490
656
805
893
922
893
803
654
465
258
32
0
0
0
0
0
0
0
0
0
0
0
118
333
552
738
883
963
980
939
836
686
486
265
27
0
0
0
0
0
0
0
0
0
0
0
132
374
619
829
985
1076
1095
1044
928
752
530
284
28
0
0
0
0
0
0
0
0
0
0
1
125
352
582
779
925
1011
1029
985
876
714
505
273
29
0
0
0
0
0
0
0
0
0
0
1
137
380
628
843
1000
1089
1113
1060
937
754
527
279
25
0
0
0
0
0
0
0
0
0
0
1
121
328
540
728
852
909
926
888
784
642
448
241
25
0
0
0
0
0
0
0
0
0
0
1
139
372
604
804
951
1039
1056
1007
899
733
521
284
32
0
0
0
0
0
0
0
0
0
0
1
130
348
568
754
893
976
1000
959
859
706
507
283
38
0
0
0
0
0
0
0
0
0
0
1
154
405
654
864
1021
1108
1123
1066
937
749
519
272
21
0
0
0
0
0
0
0
0
0
0
1
154
377
639
805
953
608
518
644
622
517
304
190
29
0
0
0
0
0
0
0
0
0
0
1
70
215
278
381
446
442
616
577
565
402
304
130
8
0
0
0
0
0
0
0
0
0
0
2
137
349
556
780
944
543
583
665
633
575
426
234
41
0
0
0
0
0
0
0
0
0
0
2
126
311
501
673
786
853
874
818
741
606
460
252
73
0
0
0
0
0
0
0
0
0
0
2
156
387
616
813
954
1036
1055
1010
903
739
530
297
85
0
0
0
0
0
0
0
0
0
0
2
153
377
601
793
931
1013
1032
989
883
722
520
293
85
0
0
0
0
0
0
0
0
0
0
3
178
433
683
892
1044
1130
1144
1084
956
766
534
286
75
0
0
0
0
0
0
0
0
0
0
3
159
385
608
796
938
1018
1039
994
890
732
529
300
90
0
0
0
0
0
0
0
0
0
0
3
157
377
596
779
916
992
1012
969
871
716
519
296
90
0
0
0
0
0
0
0
0
0
0
3
135
332
519
679
804
861
883
823
748
637
457
271
87
0
0
0
0
0
0
0
0
0
0
4
181
426
661
865
1016
1104
1122
1076
964
792
573
329
102
0
0
0
0
0
0
0
0
0
0
4
172
401
625
816
956
1039
1054
1006
903
740
535
307
96
0
0
0
0
0
0
0
0
0
0
4
155
360
559
729
863
937
954
910
831
687
503
293
93
0
0
0
0
0
0
0
0
0
0
4
172
399
621
813
955
1037
1057
1014
909
747
541
312
99
0
0
0
0
0
0
0
0
0
0
4
155
354
556
723
855
935
956
914
808
657
477
277
89
0
0
0
0
0
0
0
0
0
0
5
166
375
580
755
890
963
985
955
854
703
520
310
104
0
0
0
0
0
0
0
0
0
0
6
185
414
637
825
963
1044
1059
1016
910
750
548
320
106
0
0
0
0
0
0
0
0
0
0
6
174
386
589
764
892
967
981
941
845
699
515
306
106
0
0
0
0
0
0
0
0
0
0
6
217
476
745
966
1130
604
584
619
415
350
286
147
59
0
0
0
0
0
0
0
0
0
0
6
179
400
614
796
931
1010
1028
987
887
733
538
318
109
0
0
0
0
0
0
0
0
0
0
7
187
413
633
820
959
1040
1060
1016
913
756
555
329
114
0
0
0
0
0
0
0
0
0
0
7
194
421
640
825
963
1043
1063
1020
918
761
562
337
120
0
0
0
0
0
0
0
0
0
0
7
178
390
589
762
889
964
981
944
846
708
524
318
114
1
0
0
0
0
0
0
0
0
0
8
207
445
672
870
1018
1113
1148
1119
1031
871
647
393
144
3
0
0
0
0
0
0
0
0
0
8
208
449
681
878
1027
1118
1145
1109
1010
852
641
389
142
2
0
0
0
0
0
0
0
0
0
6
154
335
508
655
761
829
843
813
730
601
448
270
98
0
0
0
0
0
0
0
0
0
0
7
178
384
585
756
883
954
972
935
843
699
515
309
112
0
0
0
0
0
0
0
0
0
0
6
149
328
490
639
745
821
823
787
691
574
422
256
95
1
0
0
0
0
0
0
0
0
0
8
177
382
579
749
874
942
950
909
816
679
504
307
113
1
0
0
0
0
0
0
0
0
0
9
202
439
669
866
1013
1098
1118
1073
966
801
589
354
129
1
0
0
0
0
0
0
0
0
0
8
170
371
565
730
860
934
957
929
840
705
529
329
125
2
0
0
0
0
0
0
0
0
0
9
199
425
643
829
967
1047
1065
1021
915
759
564
341
127
1
0
0
0
0
0
0
0
0
0
9
195
415
626
804
936
1017
1035
992
893
744
553
336
127
1
0
0
0
0
0
0
0
0
0
9
192
412
626
806
944
1030
1049
1019
921
772
576
354
137
2
0
0
0
0
0
0
0
0
0
11
147
127
107
301
466
608
596
208
327
306
359
302
153
9
0
0
0
0
0
0
0
0
0
10
204
436
659
851
994
1080
1098
1053
948
787
583
353
133
1
0
0
0
0
0
0
0
0
0
10
215
455
686
882
1029
1116
1136
1093
984
819
609
373
144
1
0
0
0
0
0
0
0
0
0
9
185
394
603
777
904
982
1004
961
867
722
538
331
131
2
0
0
0
0
0
0
0
0
0
16
195
444
565
567
690
1160
1185
1142
1033
865
648
402
160
11
0
0
0
0
0
0
0
0
0
9
189
408
622
810
949
1034
1056
1019
927
778
585
364
146
3
0
0
0
0
0
0
0
0
0
9
192
409
623
805
942
1023
1046
1009
913
766
575
356
143
2
0
0
0
0
0
0
0
0
0
10
201
428
647
835
971
1051
1073
1030
928
773
576
356
141
1
0
0
0
0
0
0
0
0
0
10
206
437
660
849
991
1076
1100
1061
960
801
602
376
152
2
0
0
0
0
0
0
0
0
0
10
195
416
630
813
950
1030
1052
1016
917
768
577
358
144
2
0
0
0
0
0
0
0
0
0
9
189
406
616
798
937
1021
1042
1006
913
764
579
365
149
3
0
0
0
0
0
0
0
0
0
9
194
412
621
802
938
1023
1049
1012
917
772
579
363
149
3
0
0
0
0
0
0
0
0
0
9
180
388
590
764
892
972
981
948
861
722
544
340
135
2
0
0
0
0
0
0
0
0
0
2
114
296
346
475
478
536
646
740
793
769
583
421
171
14
0
0
0
0
0
0
0
0
0
8
170
372
568
727
854
918
925
888
802
680
509
320
130
2
0
0
0
0
0
0
0
0
0
9
196
426
650
842
985
1068
1088
1044
939
783
581
356
141
1
0
0
0
0
0
0
0
0
0
8
179
393
603
783
918
999
1020
983
891
743
558
347
139
2
0
0
0
0
0
0
0
0
0
10
208
454
702
896
1071
588
547
502
408
290
210
138
63
1
0
0
0
0
0
0
0
0
0
8
199
436
680
877
1027
505
538
488
453
385
289
175
71
1
0
0
0
0
0
0
0
0
0
7
162
352
549
726
844
933
945
926
841
702
527
333
139
3
0
0
0
0
0
0
0
0
0
7
171
377
577
749
880
957
978
938
847
706
531
330
136
2
0
0
0
0
0
0
0
0
0
8
192
424
653
849
997
1087
1111
1074
974
816
612
381
155
3
0
0
0
0
0
0
0
0
0
7
180
394
602
782
924
1008
1037
1002
910
765
579
363
151
3
0
0
0
0
0
0
0
0
0
7
169
373
577
753
881
961
984
951
862
723
545
338
137
2
0
0
0
0
0
0
0
0
0
7
172
386
599
781
918
1003
1025
993
905
760
572
358
148
3
0
0
0
0
0
0
0
0
0
6
155
350
544
714
839
917
943
908
838
709
543
342
143
4
0
0
0
0
0
0
0
0
0
2
68
160
256
342
377
379
400
409
331
278
204
127
52
1
0
0
0
0
0
0
0
0
0
6
161
361
559
729
863
941
968
937
855
718
541
344
143
3
0
0
0
0
0
0
0
0
0
6
187
422
654
853
1005
1093
1118
1076
972
811
604
373
149
1
0
0
0
0
0
0
0
0
0
6
164
369
570
746
876
955
981
954
866
726
547
342
141
3
0
0
0
0
0
0
0
0
0
6
191
427
659
858
1005
1095
1119
1080
976
818
612
380
154
1
0
0
0
0
0
0
0
0
0
6
183
409
632
824
967
1052
1081
1046
951
798
602
378
156
2
0
0
0
0
0
0
0
0
0
6
185
415
640
833
981
1070
1096
1062
964
812
616
389
163
3
0
0
0
0
0
0
0
0
0
5
151
342
533
699
845
920
941
912
826
701
519
328
135
3
0
0
0
0
0
0
0
0
0
5
167
384
599
786
928
1011
1042
1005
910
766
576
360
147
2
0
0
0
0
0
0
0
0
0
4
156
364
570
747
883
957
974
947
859
724
541
336
135
2
0
0
0
0
0
0
0
0
0
5
173
408
641
842
995
1086
1114
1075
972
811
604
371
146
1
0
0
0
0
0
0
0
0
0
4
174
410
643
845
996
1086
1114
1076
973
813
607
373
148
1
0
0
0
0
0
0
0
0
0
3
149
395
670
820
940
472
527
528
499
447
354
213
82
3
0
0
0
0
0
0
0
0
0
3
128
299
473
632
746
796
825
784
688
591
440
278
107
1
0
0
0
0
0
0
0
0
0
3
128
314
482
658
774
815
854
830
767
618
471
282
111
1
0
0
0
0
0
0
0
0
0
2
94
224
358
474
544
591
602
623
536
475
340
215
79
1
0
0
0
0
0
0
0
0
0
3
149
364
581
769
915
1005
1034
1004
910
762
574
354
141
2
0
0
0
0
0
0
0
0
0
2
141
351
569
753
901
990
1016
981
893
744
557
342
133
2
0
0
0
0
0
0
0
0
0
3
145
361
578
765
907
988
1016
984
891
743
555
337
129
1
0
0
0
0
0
0
0
0
0
4
172
425
687
894
977
418
438
402
403
309
242
145
56
1
0
0
0
0
0
0
0
0
0
2
154
381
608
803
953
1046
1078
1045
950
799
601
375
149
2
0
0
0
0
0
0
0
0
0
2
152
380
609
807
957
1050
1082
1047
952
799
599
369
145
2
0
0
0
0
0
0
0
0
0
2
146
368
593
791
937
1026
1052
1018
918
768
572
350
134
1
0
0
0
0
0
0
0
0
0
1
86
231
327
427
476
522
573
577
501
396
265
173
63
1
0
0
0
0
0
0
0
0
0
1
102
267
437
590
701
767
790
759
687
575
427
258
95
1
0
0
0
0
0
0
0
0
0
1
115
296
487
650
776
857
874
840
762
641
477
286
105
1
0
0
0
0
0
0
0
0
0
1
89
232
372
507
596
658
653
647
614
486
354
209
77
1
0
0
0
0
0
0
0
0
0
2
119
279
502
655
788
890
1038
1109
1006
841
626
379
140
7
0
0
0
0
0
0
0
0
0
1
130
347
571
764
913
1004
1034
996
905
755
560
337
123
1
0
0
0
0
0
0
0
0
0
1
126
327
533
730
867
1066
1151
1115
991
710
471
234
60
0
0
0
0
0
0
0
0
0
0
1
133
359
589
790
942
1036
1065
1030
932
776
574
344
123
0
0
0
0
0
0
0
0
0
0
1
119
325
537
722
863
947
974
944
854
711
523
311
110
0
0
0
0
0
0
0
0
0
0
3
141
385
635
853
1019
793
740
641
564
634
156
27
10
0
0
0
0
0
0
0
0
0
0
1
117
323
535
718
857
944
973
939
851
708
522
311
108
0
0
0
0
0
0
0
0
0
0
1
126
353
586
789
945
1042
1073
1039
941
783
577
344
119
0
0
0
0
0
0
0
0
0
0
1
118
334
558
754
901
991
1022
987
892
741
546
322
110
0
0
0
0
0
0
0
0
0
0
0
100
291
491
670
808
898
931
905
822
683
509
300
104
0
0
0
0
0
0
0
0
0
0
0
113
325
543
735
884
971
1001
972
887
739
546
325
110
0
0
0
0
0
0
0
0
0
0
0
111
322
540
734
882
976
1011
977
881
733
538
315
104
0
0
0
0
0
0
0
0
0
0
0
106
310
524
712
855
946
982
952
861
718
529
312
102
0
0
0
0
0
0
0
0
0
0
0
108
321
540
736
883
977
1009
976
884
735
537
314
100
0
0
0
0
0
0
0
0
0
0
0
105
318
538
733
877
960
985
950
850
701
506
288
87
0
0
0
0
0
0
0
0
0
0
0
103
311
532
725
872
962
995
963
872
723
527
304
95
0
0
0
0
0
0
0
0
0
0
0
100
308
523
712
851
937
957
920
825
677
488
274
79
0
0
0
0
0
0
0
0
0
0
0
102
313
538
733
882
974
1003
967
871
719
522
298
88
0
0
0
0
0
0
0
0
0
0
0
93
291
493
679
816
896
924
884
796
658
474
270
78
0
0
0
0
0
0
0
0
0
0
0
107
333
570
773
925
1016
1041
996
886
719
510
279
75
0
0
0
0
0
0
0
0
0
0
0
91
288
491
671
795
873
901
866
776
639
459
256
33
0
0
0
0
0
0
0
0
0
0
0
90
283
482
660
790
864
893
848
744
614
441
243
31
0
0
0
0
0
0
0
0
0
0
0
91
295
507
693
837
924
950
920
828
683
492
275
37
0
0
0
0
0
0
0
0
0
0
0
87
283
488
667
817
906
934
908
816
665
477
264
34
0
0
0
0
0
0
0
0
0
0
0
88
292
508
700
841
926
952
912
812
658
461
248
25
0
0
0
0
0
0
0
0
0
0
0
78
280
436
593
850
1053
1116
1031
855
752
554
302
43
0
0
0
0
0
0
0
0
0
0
0
88
300
524
719
869
963
991
955
856
698
493
266
28
0
0
0
0
0
0
0
0
0
0
0
89
306
532
730
878
968
994
951
847
688
484
256
23
0
0
0
0
0
0
0
0
0
0
0
26
83
130
199
247
284
294
279
225
164
124
85
5
0
0
0
0
0
0
0
0
0
0
0
84
294
518
713
865
953
981
945
842
682
479
251
22
0
0
0
0
0
0
0
0
0
0
0
81
286
503
694
836
920
944
904
805
653
459
241
20
0
0
0
0
0
0
0
0
0
0
0
75
272
484
667
803
890
912
870
769
617
430
221
16
0
0
0
0
0
0
0
0
0
0
0
30
247
429
569
673
751
779
813
737
591
406
206
17
0
0
0
0
0
0
0
0
0
0
0
67
341
609
648
816
346
460
534
551
628
301
122
8
0
0
0
0
0
0
0
0
0
0
0
35
263
468
645
780
865
890
863
765
617
435
220
14
0
0
0
0
0
0
0
0
0
0
0
51
346
619
856
995
459
437
433
360
287
175
85
4
0
0
0
0
0
0
0
0
0
0
0
41
323
580
804
970
1066
1083
1029
900
709
472
220
4
0
0
0
0
0
0
0
0
0
0
0
35
291
524
724
875
963
979
931
818
651
441
213
8
0
0
0
0
0
0
0
0
0
0
0
31
238
478
582
610
671
753
729
624
540
417
211
14
0
0
0
0
0
0
0
0
0
0
0
35
305
551
764
924
1018
1040
988
868
687
460
216
7
0
0
0
0
0
0
0
0
0
0
0
33
290
525
727
875
967
989
946
833
665
449
213
8
0
0
0
0
0
0
0
0
0
0
0
30
273
498
694
843
932
958
909
804
640
433
204
8
0
0
0
0
0
0
0
0
0
0
0
31
286
523
726
877
967
989
944
833
660
441
203
6
0
0
0
0
0
0
0
0
0
0
0
32
299
545
758
918
1011
1034
981
860
678
453
208
6
0
0
0
0
0
0
0
0
0
0
0
27
263
476
666
811
895
914
869
764
602
398
181
5
0
0
0
0
0
0
0
0
0
0
0
27
270
489
678
814
886
896
854
746
590
391
175
3
0
0
0
0
0
0
0
0
0
0
0
27
275
503
699
845
931
948
900
788
619
408
180
3
0
0
0
0
0
0
0
0
0
0
0
26
266
491
686
833
920
943
902
791
624
413
183
4
0
0
0
0
0
0
0
0
0
0
0
23
251
466
644
780
861
876
833
727
572
377
164
3
0
0
0
0
0
0
0
0
0
0
0
24
265
494
694
839
927
945
897
784
616
403
172
3
0
0
0
0
0
0
0
0
0
0
0
16
193
348
486
650
747
749
775
627
530
312
143
3
0
0
0
0
0
0
0
0
0
0
0
11
132
282
406
489
525
510
479
439
339
220
91
1
0
0
0
0
0
0
0
0
0
0
0
19
226
414
581
712
779
784
763
655
490
323
132
1
0
0
0
0
0
0
0
0
0
0
0
26
314
593
798
973
475
471
388
348
259
191
84
1
0
0
0
0
0
0
0
0
0
0
0
23
289
544
764
925
620
629
594
517
406
258
102
1
0
0
0
0
0
0
0
0
0
0
0
18
236
445
626
756
833
860
807
696
540
343
134
1
0
0
0
0
0
0
0
0
0
0
0
28
242
403
474
432
609
795
505
563
325
255
87
1
0
0
0
0
0
0
0
0
0
0
0
17
229
436
616
752
833
849
801
694
534
337
127
1
0
0
0
0
0
0
0
0
0
0
0
4
112
220
367
534
535
561
647
712
500
365
154
1
0
0
0
0
0
0
0
0
0
0
0
16
242
465
657
799
880
895
843
728
557
346
124
0
0
0
0
0
0
0
0
0
0
0
0
14
214
425
597
723
794
809
748
643
490
296
104
0
0
0
0
0
0
0
0
0
0
0
0
15
236
463
660
804
888
904
849
730
557
341
117
0
0
0
0
0
0
0
0
0
0
0
0
14
228
446
639
779
859
876
822
708
538
327
110
0
0
0
0
0
0
0
0
0
0
0
0
4
25
454
786
726
827
107
77
66
50
30
10
0
0
0
0
0
0
0
0
0
0
0
0
16
150
380
493
629
599
676
461
519
261
161
61
0
0
0
0
0
0
0
0
0
0
0
0
11
199
389
573
707
773
793
745
644
496
297
96
0
0
0
0
0
0
0
0
0
0
0
0
12
231
462
662
808
890
900
841
715
534
313
94
0
0
0
0
0
0
0
0
0
0
0
0
10
206
412
589
722
803
816
772
669
504
296
89
0
0
0
0
0
0
0
0
0
0
0
0
19
227
493
693
872
685
976
913
777
578
334
95
0
0
0
0
0
0
0
0
0
0
0
0
8
182
368
506
626
714
732
676
599
432
257
32
0
0
0
0
0
0
0
0
0
0
0
0
11
243
486
694
845
930
940
874
739
545
310
35
0
0
0
0
0
0
0
0
0
0
0
0
8
193
389
570
694
759
770
716
606
448
255
27
0
0
0
0
0
0
0
0
0
0
0
0
21
154
220
446
252
295
78
246
570
358
264
56
0
0
0
0
0
0
0
0
0
0
0
0
5
125
253
352
469
517
452
431
449
294
161
6
0
0
0
0
0
0
0
0
0
0
0
0
7
194
404
582
723
802
813
752
633
466
261
29
0
0
0
0
0
0
0
0
0
0
0
0
7
207
435
635
778
858
867
805
676
491
269
24
0
0
0
0
0
0
0
0
0
0
0
0
6
182
380
561
692
754
763
705
585
417
226
16
0
0
0
0
0
0
0
0
0
0
0
0
6
192
407
595
733
807
815
756
636
462
252
22
0
0
0
0
0
0
0
0
0
0
0
0
5
176
378
558
677
745
753
688
579
411
217
17
0
0
0
0
0
0
0
0
0
0
0
0
2
89
190
325
428
481
462
424
295
229
107
4
0
0
0
0
0
0
0
0
0
0
0
0
5
181
394
582
719
798
812
758
639
461
246
20
0
0
0
0
0
0
0
0
0
0
0
0
5
184
405
597
736
813
820
757
629
449
234
15
0
0
0
0
0
0
0
0
0
0
0
0
4
161
350
520
633
706
713
664
547
388
204
13
0
0
0
0
0
0
0
0
0
0
0
0
4
154
347
511
641
723
738
688
577
408
212
16
0
0
0
0
0
0
0
0
0
0
0
0
4
174
390
579
718
795
799
735
611
434
222
12
0
0
0
0
0
0
0
0
0
0
0
0
3
166
374
559
692
766
774
715
591
417
211
11
0
0
0
0
0
0
0
0
0
0
0
0
3
165
376
563
694
765
758
699
575
400
198
7
0
0
0
0
0
0
0
0
0
0
0
0
3
166
379
566
702
775
782
720
598
421
213
10
0
0
0
0
0
0
0
0
0
0
0
0
1
93
231
350
441
507
509
460
383
267
142
7
0
0
0
0
0
0
0
0
0
0
0
0
2
167
389
582
722
798
804
738
608
425
207
7
0
0
0
0
0
0
0
0
0
0
0
0
2
148
347
523
650
721
729
678
555
387
188
7
0
0
0
0
0
0
0
0
0
0
0
0
2
134
320
490
616
689
692
638
530
370
181
8
0
0
0
0
0
0
0
0
0
0
0
0
1
136
325
499
625
687
694
628
514
349
165
5
0
0
0
0
0
0
0
0
0
0
0
0
1
127
319
485
605
667
682
635
533
368
175
7
0
0
0
0
0
0
0
0
0
0
0
0
1
132
321
488
613
678
684
627
514
358
168
5
0
0
0
0
0
0
0
0
0
0
0
0
1
130
322
492
612
683
686
630
512
352
159
3
0
0
0
0
0
0
0
0
0
0
0
0
1
122
309
466
593
652
661
599
481
323
150
3
0
0
0
0
0
0
0
0
0
0
0
0
1
148
370
569
713
791
798
731
597
408
189
4
0
0
0
0
0
0
0
0
0
0
0
0
0
98
239
370
469
539
558
516
414
274
127
2
0
0
0
0
0
0
0
0
0
0
0
0
1
138
355
550
693
768
776
709
579
393
178
3
0
0
0
0
0
0
0
0
0
0
0
0
0
99
263
416
520
568
574
525
420
292
132
3
0
0
0
0
0
0
0
0
0
0
0
0
0
97
257
394
510
555
552
506
413
280
123
1
0
0
0
0
0
0
0
0
0
0
0
0
0
106
291
458
569
651
654
601
493
334
150
3
0
0
0
0
0
0
0
0
0
0
0
0
0
130
354
556
703
783
785
714
576
383
164
1
0
0
0
0
0
0
0
0
0
0
0
0
0
105
287
414
515
514
525
510
400
253
114
1
0
0
0
0
0
0
0
0
0
0
0
0
0
113
317
507
648
721
729
667
542
363
158
2
0
0
0
0
0
0
0
0
0
0
0
0
0
108
306
487
617
693
699
642
525
355
154
2
0
0
0
0
0
0
0
0
0
0
0
0
0
111
317
504
642
719
727
666
542
364
157
2
0
0
0
0
0
0
0
0
0
0
0
0
0
94
273
435
561
628
633
579
468
317
134
1
0
0
0
0
0
0
0
0
0
0
0
0
0
98
289
467
596
665
674
619
504
339
145
2
0
0
0
0
0
0
0
0
0
0
0
0
0
95
286
459
585
659
670
614
499
332
141
1
0
0
0
0
0
0
0
0
0
0
0
0
0
96
296
479
614
688
695
636
513
340
141
1
0
0
0
0
0
0
0
0
0
0
0
0
0
92
288
474
610
686
692
633
511
337
138
1
0
0
0
0
0
0
0
0
0
0
0
0
0
78
250
419
542
610
620
577
462
304
121
1
0
0
0
0
0
0
0
0
0
0
0
0
0
78
256
430
558
635
643
591
475
314
130
1
0
0
0
0
0
0
0
0
0
0
0
0
0
72
239
402
518
584
595
547
449
303
121
1
0
0
0
0
0
0
0
0
0
0
0
0
0
41
282
475
620
700
710
647
520
340
136
1
0
0
0
0
0
0
0
0
0
0
0
0
0
31
268
503
656
742
753
669
425
298
75
1
0
0
0
0
0
0
0
0
0
0
0
0
0
33
238
405
517
583
598
553
447
293
120
1
0
0
0
0
0
0
0
0
0
0
0
0
0
34
250
418
543
617
625
575
465
309
127
1
0
0
0
0
0
0
0
0
0
0
0
0
0
32
245
409
538
609
611
567
454
300
122
1
0
0
0
0
0
0
0
0
0
0
0
0
0
29
239
404
534
603
615
563
452
300
122
1
0
0
0
0
0
0
0
0
0
0
0
0
0
30
252
428
561
636
645
593
478
314
126
1
0
0
0
0
0
0
0
0
0
0
0
0
0
26
231
390
503
568
575
535
441
294
114
1
0
0
0
0
0
0
0
0
0
0
0
0
0
19
184
319
422
474
495
442
365
243
96
0
0
0
0
0
0
0
0
0
0
0
0
0
0
27
254
438
578
659
672
616
496
327
130
0
0
0
0
0
0
0
0
0
0
0
0
0
0
20
204
358
471
534
545
499
403
264
106
0
0
0
0
0
0
0
0
0
0
0
0
0
0
27
271
477
632
722
719
605
434
267
80
1
0
0
0
0
0
0
0
0
0
0
0
0
0
22
242
429
571
656
669
616
497
326
128
1
0
0
0
0
0
0
0
0
0
0
0
0
0
19
208
371
507
590
598
550
445
297
121
1
0
0
0
0
0
0
0
0
0
0
0
0
0
20
227
403
537
615
629
581
473
315
127
1
0
0
0
0
0
0
0
0
0
0
0
0
0
16
190
341
453
521
535
491
396
262
104
0
0
0
0
0
0
0
0
0
0
0
0
0
0
18
225
408
547
632
646
598
484
322
130
1
0
0
0
0
0
0
0
0
0
0
0
0
0
12
175
324
456
543
526
489
373
258
109
1
0
0
0
0
0
0
0
0
0
0
0
0
0
15
208
383
518
595
610
562
456
304
123
1
0
0
0
0
0
0
0
0
0
0
0
0
0
12
170
321
437
505
518
472
387
251
99
0
0
0
0
0
0
0
0
0
0
0
0
0
0
13
148
271
419
477
499
465
448
298
123
2
0
0
0
0
0
0
0
0
0
0
0
0
0
14
219
408
555
639
660
610
498
328
132
1
0
0
0
0
0
0
0
0
0
0
0
0
0
12
199
372
508
588
602
558
455
297
119
1
0
0
0
0
0
0
0
0
0
0
0
0
0
11
185
354
487
561
574
532
431
283
114
1
0
0
0
0
0
0
0
0
0
0
0
0
0
3
90
147
257
466
496
347
320
143
86
2
0
0
0
0
0
0
0
0
0
0
0
0
0
11
194
373
509
594
612
568
462
309
127
1
0
0
0
0
0
0
0
0
0
0
0
0
0
11
206
394
540
626
648
601
489
325
133
1
0
0
0
0
0
0
0
0
0
0
0
0
0
11
202
388
530
617
637
593
486
325
135
1
0
0
0
0
0
0
0
0
0
0
0
0
0
11
208
401
553
644
666
621
507
340
142
1
0
0
0
0
0
0
0
0
0
0
0
0
0
7
130
247
340
395
404
397
291
194
79
1
0
0
0
0
0
0
0
0
0
0
0
0
0
7
137
255
368
430
443
423
335
232
98
1
0
0
0
0
0
0
0
0
0
0
0
0
0
9
183
357
490
572
594
558
459
311
133
1
0
0
0
0
0
0
0
0
0
0
0
0
0
9
208
407
562
653
677
631
518
347
147
1
0
0
0
0
0
0
0
0
0
0
0
0
0
8
194
383
533
625
647
605
499
338
146
2
0
0
0
0
0
0
0
0
0
0
0
0
0
8
196
388
538
628
652
609
502
338
145
1
0
0
0
0
0
0
0
0
0
0
0
0
0
8
194
385
535
627
656
614
509
348
153
2
0
0
0
0
0
0
0
0
0
0
0
0
0
8
200
402
561
659
689
643
532
362
158
2
0
0
0
0
0
0
0
0
0
0
0
0
0
8
193
391
549
646
675
631
521
354
154
2
0
0
0
0
0
0
0
0
0
0
0
0
0
7
176
355
505
600
627
589
482
328
146
2
0
0
0
0
0
0
0
0
0
0
0
0
0
6
163
333
466
547
565
531
436
301
134
2
0
0
0
0
0
0