0
0
0
0
0
0
0
1
105
254
384
487
510
494
411
287
126
3
0
0
0
0
0
0
0
0
0
0
0
0
0
1
103
230
345
436
465
455
365
264
116
2
0
0
0
0
0
0
0
0
0
0
0
0
0
2
131
306
455
547
584
554
466
321
147
3
0
0
0
0
0
0
0
0
0
0
0
0
0
2
116
269
415
509
536
520
443
314
146
5
0
0
0
0
0
0
0
0
0
0
0
0
0
1
80
212
309
388
417
378
335
230
106
3
0
0
0
0
0
0
0
0
0
0
0
0
0
1
123
279
402
460
490
473
395
298
142
5
0
0
0
0
0
0
0
0
0
0
0
0
0
1
81
156
220
383
310
315
293
233
171
7
0
0
0
0
0
0
0
0
0
0
0
0
0
2
78
212
337
430
475
448
344
276
126
2
0
0
0
0
0
0
0
0
0
0
0
0
0
1
101
249
413
467
482
484
394
257
116
2
0
0
0
0
0
0
0
0
0
0
0
0
0
1
110
269
389
440
496
461
437
280
118
2
0
0
0
0
0
0
0
0
0
0
0
0
0
1
104
253
394
482
507
496
408
264
127
6
0
0
0
0
0
0
0
0
0
0
0
0
0
1
108
265
396
479
510
490
398
274
146
4
0
0
0
0
0
0
0
0
0
0
0
0
0
2
129
305
457
563
605
582
499
354
174
8
0
0
0
0
0
0
0
0
0
0
0
0
0
3
145
354
296
154
50
210
332
304
63
2
0
0
0
0
0
0
0
0
0
0
0
0
0
1
57
157
248
291
281
262
233
162
87
2
0
0
0
0
0
0
0
0
0
0
0
0
0
1
120
277
421
518
540
493
434
320
172
11
0
0
0
0
0
0
0
0
0
0
0
0
0
2
121
252
405
519
575
495
412
290
131
5
0
0
0
0
0
0
0
0
0
0
0
0
0
2
112
271
406
460
491
458
365
260
131
3
0
0
0
0
0
0
0
0
0
0
0
0
0
2
111
258
328
454
480
499
414
350
184
3
0
0
0
0
0
0
0
0
0
0
0
0
0
2
123
289
430
521
581
553
474
341
180
11
0
0
0
0
0
0
0
0
0
0
0
0
0
2
106
261
370
458
446
412
365
285
132
3
0
0
0
0
0
0
0
0
0
0
0
0
0
3
143
329
491
600
645
619
527
382
202
14
0
0
0
0
0
0
0
0
0
0
0
0
0
3
149
331
487
593
633
611
525
386
209
15
0
0
0
0
0
0
0
0
0
0
0
0
0
3
147
330
486
588
629
614
531
393
213
16
0
0
0
0
0
0
0
0
0
0
0
0
0
3
125
305
399
500
548
452
421
323
168
12
0
0
0
0
0
0
0
0
0
0
0
0
0
3
139
318
471
577
620
594
507
382
209
18
0
0
0
0
0
0
0
0
0
0
0
0
0
3
130
306
460
550
569
562
484
364
202
18
0
0
0
0
0
0
0
0
0
0
0
0
0
3
139
315
461
564
604
586
516
385
214
24
0
0
0
0
0
0
0
0
0
0
0
0
0
3
144
326
484
593
635
609
522
385
214
22
0
0
0
0
0
0
0
0
0
0
0
0
0
4
159
350
515
625
674
654
562
414
230
24
0
0
0
0
0
0
0
0
0
0
0
0
0
19
164
266
379
451
346
324
135
83
70
5
0
0
0
0
0
0
0
0
0
0
0
0
0
3
135
313
482
544
534
463
427
333
167
17
0
0
0
0
0
0
0
0
0
0
0
0
0
5
115
274
406
468
519
504
428
298
190
17
0
0
0
0
0
0
0
0
0
0
0
0
0
5
156
340
499
607
655
639
556
416
230
29
0
0
0
0
0
0
0
0
0
0
0
0
0
5
157
337
488
593
626
633
549
403
234
30
0
0
0
0
0
0
0
0
0
0
0
0
0
6
166
357
517
626
676
657
571
432
249
33
0
0
0
0
0
0
0
0
0
0
0
0
0
7
178
377
548
662
711
687
598
448
258
34
0
0
0
0
0
0
0
0
0
0
0
0
0
5
158
326
485
566
622
616
515
387
226
61
0
0
0
0
0
0
0
0
0
0
0
0
0
27
180
377
219
338
305
490
466
40
59
18
0
0
0
0
0
0
0
0
0
0
0
0
0
8
169
346
496
601
649
635
553
423
254
77
0
0
0
0
0
0
0
0
0
0
0
0
0
2
84
242
378
484
511
605
527
321
218
79
0
0
0
0
0
0
0
0
0
0
0
0
0
9
183
379
542
653
706
690
600
457
271
86
0
0
0
0
0
0
0
0
0
0
0
0
0
9
177
341
488
585
644
628
552
428
262
86
0
0
0
0
0
0
0
0
0
0
0
0
0
3
94
275
385
531
528
505
461
380
233
68
0
0
0
0
0
0
0
0
0
0
0
0
0
11
188
374
533
635
675
661
586
455
282
93
0
0
0
0
0
0
0
0
0
0
0
0
0
13
216
425
599
716
763
743
652
498
301
101
0
0
0
0
0
0
0
0
0
0
0
0
0
13
213
412
576
678
726
705
620
480
292
101
0
0
0
0
0
0
0
0
0
0
0
0
0
22
206
380
516
631
517
508
380
357
134
49
0
0
0
0
0
0
0
0
0
0
0
0
0
20
233
357
599
570
477
480
298
181
122
27
0
0
0
0
0
0
0
0
0
0
0
0
0
20
140
212
202
186
334
271
242
248
106
52
0
0
0
0
0
0
0
0
0
0
0
0
0
17
204
346
439
556
632
572
518
409
273
100
0
0
0
0
0
0
0
0
0
0
0
0
0
29
233
451
631
633
549
552
248
208
64
56
0
0
0
0
0
0
0
0
0
0
0
0
0
4
45
92
140
157
192
181
152
122
81
31
0
0
0
0
0
0
0
0
0
0
0
0
0
5
103
201
347
362
526
485
428
335
228
86
1
0
0
0
0
0
0
0
0
0
0
0
0
13
78
34
228
369
361
299
293
280
97
10
0
0
0
0
0
0
0
0
0
0
0
0
0
21
170
257
398
446
494
560
507
427
306
139
4
0
0
0
0
0
0
0
0
0
0
0
0
25
218
378
502
595
672
599
528
391
234
97
1
0
0
0
0
0
0
0
0
0
0
0
0
28
236
425
575
683
728
705
628
490
314
122
1
0
0
0
0
0
0
0
0
0
0
0
0
23
205
389
528
598
662
632
563
402
253
95
2
0
0
0
0
0
0
0
0
0
0
0
0
27
182
309
533
472
326
143
389
339
324
154
3
0
0
0
0
0
0
0
0
0
0
0
0
29
212
373
522
613
645
633
573
438
279
112
1
0
0
0
0
0
0
0
0
0
0
0
0
6
153
451
669
858
585
65
57
45
29
12
1
0
0
0
0
0
0
0
0
0
0
0
0
76
267
462
619
730
781
764
680
529
340
140
2
0
0
0
0
0
0
0
0
0
0
0
0
82
278
481
646
755
800
780
692
542
348
144
2
0
0
0
0
0
0
0
0
0
0
0
0
82
269
466
629
739
779
751
666
519
341
141
2
0
0
0
0
0
0
0
0
0
0
0
0
81
262
449
611
708
759
739
673
537
354
158
5
0
0
0
0
0
0
0
0
0
0
0
0
71
224
375
503
578
615
596
523
411
264
110
1
0
0
0
0
0
0
0
0
0
0
0
0
44
144
239
307
346
349
335
326
256
162
62
1
0
0
0
0
0
0
0
0
0
0
0
0
61
189
310
396
490
498
490
370
301
196
86
1
0
0
0
0
0
0
0
0
0
0
0
0
107
316
524
692
803
849
826
736
585
388
172
4
0
0
0
0
0
0
0
0
0
0
0
0
111
321
529
697
808
852
833
743
594
397
179
6
0
0
0
0
0
0
0
0
0
0
0
0
108
306
502
652
750
804
773
689
556
371
168
5
0
0
0
0
0
0
0
0
0
0
0
0
86
241
396
527
619
664
633
565
460
306
139
5
0
0
0
0
0
0
0
0
0
0
0
1
61
168
261
358
414
418
406
323
267
169
77
2
0
0
0
0
0
0
0
0
0
0
0
1
116
312
511
659
778
827
806
707
569
381
175
7
0
0
0
0
0
0
0
0
0
0
0
1
130
344
552
719
834
879
853
762
610
412
192
7
0
0
0
0
0
0
0
0
0
0
0
1
125
309
476
577
671
713
736
687
551
385
177
9
0
0
0
0
0
0
0
0
0
0
0
2
124
309
500
660
730
783
742
669
529
355
159
5
0
0
0
0
0
0
0
0
0
0
0
1
117
306
477
621
736
778
739
677
526
358
169
8
0
0
0
0
0
0
0
0
0
0
0
2
141
350
544
703
798
835
807
714
574
389
182
7
0
0
0
0
0
0
0
0
0
0
0
3
147
354
548
702
802
849
814
730
585
394
188
9
0
0
0
0
0
0
0
0
0
0
0
3
150
359
558
712
814
863
848
758
619
427
209
12
0
0
0
0
0
0
0
0
0
0
0
5
129
413
400
425
477
428
660
547
397
224
75
3
0
0
0
0
0
0
0
0
0
0
0
1
113
259
462
533
617
538
545
508
428
334
143
5
0
0
0
0
0
0
0
0
0
0
0
2
132
302
475
599
681
757
771
701
552
342
170
9
0
0
0
0
0
0
0
0
0
0
0
5
163
372
569
726
831
866
840
752
603
411
201
12
0
0
0
0
0
0
0
0
0
0
0
4
149
341
511
675
777
797
769
715
561
365
173
9
0
0
0
0
0
0
0
0
0
0
0
7
180
394
548
654
727
753
692
607
448
329
177
9
0
0
0
0
0
0
0
0
0
0
0
7
204
418
617
768
946
993
962
855
552
388
173
3
0
0
0
0
0
0
0
0
0
0
0
8
194
416
623
784
885
920
884
788
630
431
212
12
0
0
0
0
0
0
0
0
0
0
0
9
202
427
637
800
903
943
912
822
666
462
234
18
0
0
0
0
0
0
0
0
0
0
0
9
183
374
555
676
774
831
792
725
593
424
222
20
0
0
0
0
0
0
0
0
0
0
0
9
179
374
533
654
751
787
742
648
586
414
218
21
0
0
0
0
0
0
0
0
0
0
0
14
229
461
669
835
938
975
944
847
687
482
251
20
0
0
0
0
0
0
0
0
0
0
0
14
217
432
632
786
881
917
879
790
642
448
232
18
0
0
0
0
0
0
0
0
0
0
0
15
217
440
640
796
892
933
900
790
634
437
221
15
0
0
0
0
0
0
0
0
0
0
0
13
151
360
385
457
474
547
558
768
725
406
174
29
0
0
0
0
0
0
0
0
0
0
0
5
138
132
234
221
229
721
417
332
489
395
107
37
0
0
0
0
0
0
0
0
0
0
0
17
123
44
54
67
306
447
492
539
665
526
277
57
0
0
0
0
0
0
0
0
0
0
0
8
67
231
363
534
565
618
565
563
557
430
281
27
0
0
0
0
0
0
0
0
0
0
0
21
215
415
583
707
830
856
788
721
591
405
200
16
0
0
0
0
0
0
0
0
0
0
0
22
263
427
572
754
937
1057
1021
915
745
526
281
65
0
0
0
0
0
0
0
0
0
0
0
28
201
386
542
670
734
776
715
707
582
455
255
38
0
0
0
0
0
0
0
0
0
0
0
27
246
459
649
802
895
933
905
812
664
473
255
29
0
0
0
0
0
0
0
0
0
0
0
55
298
241
509
569
1067
575
395
69
57
40
21
5
0
0
0
0
0
0
0
0
0
0
0
30
162
324
489
543
636
594
636
571
429
244
116
5
0
0
0
0
0
0
0
0
0
0
0
26
76
47
371
544
859
1111
590
505
127
41
31
17
0
0
0
0
0
0
0
0
0
0
0
58
222
437
593
704
818
858
789
688
555
416
222
32
0
0
0
0
0
0
0
0
0
0
0
71
257
468
648
790
880
907
875
788
642
454
248
32
0
0
0
0
0
0
0
0
0
0
0
23
24
178
420
565
646
556
721
546
362
248
121
6
0
0
0
0
0
0
0
0
0
0
0
7
24
72
266
271
751
527
587
620
268
58
120
10
0
0
0
0
0
0
0
0
0
0
0
76
252
460
633
786
859
883
854
751
601
428
230
28
0
0
0
0
0
0
0
0
0
0
0
90
296
524
725
878
971
999
961
863
698
490
266
72
0
0
0
0
0
0
0
0
0
0
0
85
274
485
659
799
894
922
882
795
644
459
255
72
0
0
0
0
0
0
0
0
0
0
0
98
308
532
731
883
979
1007
970
868
710
506
283
81
0
0
0
0
0
0
0
0
0
0
0
94
286
499
684
822
903
935
881
779
640
455
254
72
0
0
0
0
0
0
0
0
0
0
0
92
278
485
679
809
887
901
875
785
629
444
248
71
0
0
0
0
0
0
0
0
0
0
0
86
261
447
605
724
803
805
795
713
556
416
243
81
0
0
0
0
0
0
0
0
0
0
0
92
277
460
643
769
857
868
836
725
608
424
238
68
0
0
0
0
0
0
0
0
0
0
0
101
295
501
683
816
911
939
912
816
662
470
262
79
0
0
0
0
0
0
0
0
0
0
1
114
328
555
754
906
995
1019
977
869
708
503
281
84
0
0
0
0
0
0
0
0
0
0
1
111
314
532
724
872
963
995
960
861
706
507
288
90
0
0
0
0
0
0
0
0
0
0
1
118
327
546
737
887
983
1006
971
877
724
525
302
98
0
0
0
0
0
0
0
0
0
0
1
117
319
531
715
859
947
980
937
843
698
511
296
97
0
0
0
0
0
0
0
0
0
0
1
73
156
309
465
549
572
381
480
455
336
568
290
74
0
0
0
0
0
0
0
0
0
0
1
89
250
406
549
652
727
730
711
636
532
402
237
78
0
0
0
0
0
0
0
0
0
0
1
114
303
501
675
806
888
912
879
789
650
471
273
90
0
0
0
0
0
0
0
0
0
0
1
102
269
444
597
722
790
813
786
701
579
420
240
80
0
0
0
0
0
0
0
0
0
0
2
130
336
547
734
880
974
997
961
861
715
522
306
104
0
0
0
0
0
0
0
0
0
0
2
112
288
470
638
760
835
853
821
733
608
445
258
88
0
0
0
0
0
0
0
0
0
0
2
132
339
553
746
887
982
1010
976
882
729
532
315
111
1
0
0
0
0
0
0
0
0
0
2
134
340
551
739
877
966
992
951
857
714
520
305
108
1
0
0
0
0
0
0
0
0
0
3
142
354
571
759
911
999
1026
992
892
741
542
318
114
1
0
0
0
0
0
0
0
0
0
3
138
341
551
736
875
958
975
940
845
696
507
298
105
0
0
0
0
0
0
0
0
0
0
3
140
344
557
746
885
970
998
957
865
719
525
311
112
1
0
0
0
0
0
0
0
0
0
1
100
246
366
545
683
742
775
783
688
597
479
297
116
2
0
0
0
0
0
0
0
0
0
3
106
269
453
617
754
828
854
858
766
621
431
262
98
2
0
0
0
0
0
0
0
0
0
4
140
337
539
705
840
921
935
907
805
665
485
289
105
1
0
0
0
0
0
0
0
0
0
1
61
136
232
296
380
412
409
498
387
303
225
159
67
2
0
0
0
0
0
0
0
0
0
3
131
315
502
671
791
869
890
865
789
648
477
298
117
2
0
0
0
0
0
0
0
0
0
4
137
330
532
702
835
910
933
893
812
679
497
301
113
1
0
0
0
0
0
0
0
0
0
8
168
388
619
836
981
456
482
441
373
369
205
134
50
2
0
0
0
0
0
0
0
0
0
1
33
96
139
166
173
183
236
237
256
248
189
125
46
1
0
0
0
0
0
0
0
0
0
5
143
291
337
393
471
452
484
485
173
60
45
29
11
1
0
0
0
0
0
0
0
0
0
5
157
362
574
753
892
982
1004
970
876
729
545
336
134
2
0
0
0
0
0
0
0
0
0
4
143
319
506
679
805
899
932
886
770
632
465
287
116
2
0
0
0
0
0
0
0
0
0
6
148
329
515
677
794
865
881
864
796
649
481
297
126
2
0
0
0
0
0
0
0
0
0
14
137
334
652
718
946
661
751
502
73
61
46
28
11
1
0
0
0
0
0
0
0
0
0
6
163
372
586
774
915
1002
1029
992
894
742
551
338
136
3
0
0
0
0
0
0
0
0
0
6
136
298
488
639
773
826
844
823
740
629
448
286
113
1
0
0
0
0
0
0
0
0
0
6
151
347
527
701
813
887
904
868
792
662
494
299
120
2
0
0
0
0
0
0
0
0
0
5
146
338
529
697
814
904
935
883
822
670
490
301
122
3
0
0
0
0
0
0
0
0
0
5
132
300
480
627
749
827
883
871
798
712
542
339
139
6
0
0
0
0
0
0
0
0
0
6
153
335
504
650
772
826
838
839
794
667
499
316
132
4
0
0
0
0
0
0
0
0
0
7
158
356
558
731
860
943
965
936
847
707
530
330
137
3
0
0
0
0
0
0
0
0
0
6
52
277
223
418
412
442
584
380
503
356
362
75
38
4
0
0
0
0
0
0
0
0
0
7
152
346
541
714
838
926
962
918
839
706
538
335
144
5
0
0
0
0
0
0
0
0
0
4
127
250
419
569
710
809
843
787
705
589
434
270
108
1
0
0
0
0
0
0
0
0
0
7
84
138
230
66
86
463
593
602
492
474
464
207
72
8
0
0
0
0
0
0
0
0
0
6
138
313
499
629
758
840
910
855
801
689
514
316
132
4
0
0
0
0
0
0
0
0
0
7
146
335
519
669
801
877
926
904
817
682
510
333
143
6
0
0
0
0
0
0
0
0
0
7
152
339
534
700
842
933
964
928
842
700
527
332
145
6
0
0
0
0
0
0
0
0
0
7
162
361
562
741
875
951
980
953
866
732
551
347
148
5
0
0
0
0
0
0
0
0
0
7
157
353
563
740
876
953
984
950
856
721
539
345
150
5
0
0
0
0
0
0
0
0
0
8
179
398
615
806
952
1038
1065
1027
929
778
580
362
153
3
0
0
0
0
0
0
0
0
0
8
170
380
593
778
924
1014
1043
1009
915
770
582
369
161
6
0
0
0
0
0
0
0
0
0
7
163
365
572
753
891
973
999
972
882
735
556
350
152
5
0
0
0
0
0
0
0
0
0
8
170
380
596
784
922
1006
1023
991
894
746
560
352
152
4
0
0
0
0
0
0
0
0
0
7
155
352
556
739
878
954
981
940
860
723
545
348
154
6
0
0
0
0
0
0
0
0
0
7
151
346
550
724
867
953
987
967
879
743
563
362
163
9
0
0
0
0
0
0
0
0
0
7
156
356
556
738
879
967
999
973
882
746
569
363
161
8
0
0
0
0
0
0
0
0
0
7
153
355
573
743
882
456
482
443
408
372
265
174
76
2
0
0
0
0
0
0
0
0
0
7
158
361
570
750
886
975
1003
976
883
742
561
357
156
6
0
0
0
0
0
0
0
0
0
6
149
339
541
721
867
951
981
958
879
734
557
353
157
8
0
0
0
0
0
0
0
0
0
6
153
349
556
729
863
946
982
954
866
728
552
348
151
6
0
0
0
0
0
0
0
0
0
5
137
315
486
639
778
885
871
887
779
645
492
318
136
6
0
0
0
0
0
0
0
0
0
8
126
255
414
552
635
756
801
823
730
632
555
380
176
16
0
0
0
0
0
0
0
0
0
6
151
346
552
732
873
959
990
952
859
720
542
336
147
5
0
0
0
0
0
0
0
0
0
6
130
308
495
636
791
848
871
787
713
624
444
294
126
2
0
0
0
0
0
0
0
0
0
6
152
352
564
750
898
991
1028
1004
919
774
593
382
171
10
0
0
0
0
0
0
0
0
0
6
131
314
499
650
753
889
896
846
727
651
472
297
120
3
0
0
0
0
0
0
0
0
0
3
120
298
498
625
806
852
775
737
730
623
531
335
153
9
0
0
0
0
0
0
0
0
0
5
139
329
530
703
846
926
955
914
808
674
501
314
137
4
0
0
0
0
0
0
0
0
0
5
146
345
554
741
888
981
1013
989
901
763
574
364
163
8
0
0
0
0
0
0
0
0
0
4
135
319
505
670
815
902
939
914
841
714
539
347
154
8
0
0
0
0
0
0
0
0
0
5
142
336
535
718
865
951
978
952
865
726
551
347
151
6
0
0
0
0
0
0
0
0
0
5
147
349
556
741
887
976
1011
988
903
765
586
379
173
9
0
0
0
0
0
0
0
0
0
4
146
345
556
736
873
962
1005
982
898
766
586
377
171
8
0
0
0
0
0
0
0
0
0
4
151
358
569
755
902
991
1023
995
905
762
578
367
164
6
0
0
0
0
0
0
0
0
0
4
138
332
536
717
861
954
984
955
874
740
567
360
160
7
0
0
0
0
0
0
0
0
0
3
128
318
519
697
828
906
945
922
845
710
537
347
154
7
0
0
0
0
0
0
0
0
0
4
132
323
526
708
842
916
951
908
820
689
507
320
140
5
0
0
0
0
0
0
0
0
0
3
125
310
509
690
830
912
948
925
839
704
536
338
143
6
0
0
0
0
0
0
0
0
0
3
124
303
498
683
817
907
941
922
848
718
551
360
159
8
0
0
0
0
0
0
0
0
0
3
127
319
520
705
848
944
981
964
879
748
573
366
161
8
0
0
0
0
0
0
0
0
0
3
114
296
476
618
740
831
902
863
771
624
482
327
150
8
0
0
0
0
0
0
0
0
0
3
128
325
534
720
867
962
999
973
887
747
564
358
155
6
0
0
0
0
0
0
0
0
0
2
122
314
520
699
842
938
969
939
860
726
550
347
150
6
0
0
0
0
0
0
0
0
0
2
113
304
482
658
768
856
892
897
811
687
527
327
137
5
0
0
0
0
0
0
0
0
0
2
114
301
498
679
828
911
935
903
812
677
506
320
136
4
0
0
0
0
0
0
0
0
0
2
117
305
501
673
821
900
916
871
773
654
487
301
122
3
0
0
0
0
0
0
0
0
0
2
116
305
508
690
844
939
973
946
861
727
548
342
145
5
0
0
0
0
0
0
0
0
0
1
114
302
509
682
820
917
950
908
831
697
519
328
139
3
0
0
0
0
0
0
0
0
0
2
122
319
528
715
860
952
985
956
864
724
546
340
141
3
0
0
0
0
0
0
0
0
0
2
114
302
504
669
798
870
907
877
818
693
525
327
132
3
0
0
0
0
0
0
0
0
0
1
111
294
495
673
813
904
927
906
833
695
523
327
137
4
0
0
0
0
0
0
0
0
0
1
111
305
509
702
848
944
981
955
871
722
533
324
130
2
0
0
0
0
0
0
0
0
0
1
99
277
472
648
802
893
913
868
808
685
515
328
135
4
0
0
0
0
0
0
0
0
0
1
101
282
478
652
795
893
936
915
836
709
539
334
138
4
0
0
0
0
0
0
0
0
0
1
74
240
434
649
768
898
965
800
638
525
407
219
91
1
0
0
0
0
0
0
0
0
0
1
101
288
489
673
811
904
937
905
837
703
525
326
130
3
0
0
0
0
0
0
0
0
0
1
105
300
512
703
849
949
992
964
883
743
553
338
135
3
0
0
0
0
0
0
0
0
0
1
109
313
535
734
887
981
1013
980
885
736
541
326
126
1
0
0
0
0
0
0
0
0
0
0
100
292
502
684
822
916
946
921
839
697
514
304
117
1
0
0
0
0
0
0
0
0
0
0
94
278
476
648
783
868
910
898
822
688
504
307
121
2
0
0
0
0
0
0
0
0
0
0
92
274
465
644
784
883
923
905
820
688
517
317
129
3
0
0
0
0
0
0
0
0
0
0
93
280
487
678
826
922
958
935
860
729
545
336
131
3
0
0
0
0
0
0
0
0
0
0
93
285
491
680
826
915
944
913
826
686
505
302
112
1
0
0
0
0
0
0
0
0
0
0
77
236
420
601
740
832
874
855
785
664
513
309
121
2
0
0
0
0
0
0
0
0
0
0
81
249
440
606
738
814
844
813
740
611
455
276
101
1
0
0
0
0
0
0
0
0
0
0
86
271
477
664
816
914
941
910
818
678
498
296
106
1
0
0
0
0
0
0
0
0
0
0
77
242
421
582
702
781
807
782
710
588
424
249
88
1
0
0
0
0
0
0
0
0
0
0
86
275
489
682
840
930
956
928
844
700
511
302
108
1
0
0
0
0
0
0
0
0
0
0
78
255
453
633
777
868
899
869
786
647
471
274
95
0
0
0
0
0
0
0
0
0
0
0
77
254
456
646
790
883
925
916
828
689
505
297
106
1
0
0
0
0
0
0
0
0
0
0
72
241
441
620
772
849
879
855
741
604
440
260
90
0
0
0
0
0
0
0
0
0
0
0
76
248
457
639
771
857
898
875
789
656
467
266
87
0
0
0
0
0
0
0
0
0
0
0
78
260
471
644
797
903
940
912
821
679
491
279
93
0
0
0
0
0
0
0
0
0
0
0
81
275
493
687
830
916
952
919
830
682
490
278
88
0
0
0
0
0
0
0
0
0
0
0
73
252
451
633
772
867
910
891
812
676
496
290
95
0
0
0
0
0
0
0
0
0
0
0
73
257
470
662
811
903
944
915
833
692
501
289
94
0
0
0
0
0
0
0
0
0
0
0
74
261
472
663
821
911
944
910
816
676
491
276
86
0
0
0
0
0
0
0
0
0
0
0
71
257
474
670
824
926
959
927
832
683
495
280
85
0
0
0
0
0
0
0
0
0
0
0
38
208
271
505
618
830
870
780
595
482
378
184
55
0
0
0
0
0
0
0
0
0
0
0
60
229
423
609
769
853
871
827
751
619
443
245
70
0
0
0
0
0
0
0
0
0
0
0
25
196
369
465
594
720
735
772
746
596
448
246
63
0
0
0
0
0
0
0
0
0
0
0
40
194
369
512
673
778
741
717
682
536
351
226
56
0
0
0
0
0
0
0
0
0
0
0
29
243
452
644
799
899
941
907
813
665
476
263
37
0
0
0
0
0
0
0
0
0
0
0
28
239
443
627
776
869
887
844
757
626
445
238
27
0
0
0
0
0
0
0
0
0
0
0
30
256
478
679
834
932
966
931
840
683
483
259
32
0
0
0
0
0
0
0
0
0
0
0
27
229
423
614
768
846
880
840
745
611
431
228
26
0
0
0
0
0
0
0
0
0
0
0
25
231
427
608
746
825
870
837
741
602
424
217
22
0
0
0
0
0
0
0
0
0
0
0
26
232
441
635
787
881
914
886
789
639
448
235
26
0
0
0
0
0
0
0
0
0
0
0
25
236
446
638
782
879
903
868
767
623
436
225
20
0
0
0
0
0
0
0
0
0
0
0
29
256
514
740
903
484
465
423
407
341
228
128
17
0
0
0
0
0
0
0
0
0
0
0
24
242
462
664
823
923
954
920
816
656
452
231
19
0
0
0
0
0
0
0
0
0
0
0
22
231
444
638
780
877
904
872
771
611
424
214
16
0
0
0
0
0
0
0
0
0
0
0
22
231
450
646
795
885
909
872
775
619
422
212
15
0
0
0
0
0
0
0
0
0
0
0
20
229
441
635
787
874
906
863
761
607
411
203
13
0
0
0
0
0
0
0
0
0
0
0
22
246
474
682
839
932
960
920
811
645
434
210
11
0
0
0
0
0
0
0
0
0
0
0
17
198
389
571
714
800
832
793
677
509
347
169
10
0
0
0
0
0
0
0
0
0
0
0
19
222
434
634
784
878
899
859
758
607
412
200
12
0
0
0
0
0
0
0
0
0
0
0
18
223
433
623
775
875
909
865
768
608
409
193
10
0
0
0
0
0
0
0
0
0
0
0
15
203
406
588
718
810
842
818
726
593
400
191
12
0
0
0
0
0
0
0
0
0
0
0
18
206
412
573
711
805
826
792
690
549
384
177
8
0
0
0
0
0
0
0
0
0
0
0
12
155
298
429
528
599
590
534
473
374
244
104
2
0
0
0
0
0
0
0
0
0
0
0
12
170
332
488
607
650
683
653
558
432
277
128
2
0
0
0
0
0
0
0
0
0
0
0
13
198
395
555
712
797
811
758
645
518
352
147
4
0
0
0
0
0
0
0
0
0
0
0
13
211
422
601
745
811
833
795
702
556
363
159
4
0
0
0
0
0
0
0
0
0
0
0
12
186
381
553
707
779
813
779
653
515
323
143
4
0
0
0
0
0
0
0
0
0
0
0
14
186
358
531
661
766
766
731
640
472
308
135
3
0
0
0
0
0
0
0
0
0
0
0
3
93
151
167
337
460
671
697
631
609
424
179
11
0
0
0
0
0
0
0
0
0
0
0
10
186
379
538
660
727
745
715
618
479
306
128
1
0
0
0
0
0
0
0
0
0
0
0
9
164
337
484
617
692
702
651
580
453
288
118
1
0
0
0
0
0
0
0
0
0
0
0
11
208
428
629
781
874
900
855
746
578
370
151
2
0
0
0
0
0
0
0
0
0
0
0
10
194
397
573
711
792
822
785
679
528
337
136
2
0
0
0
0
0
0
0
0
0
0
0
10
179
371
534
667
751
770
753
671
498
308
123
1
0
0
0
0
0
0
0
0
0
0
0
5
110
231
347
423
488
479
501
456
324
177
58
1
0
0
0
0
0
0
0
0
0
0
0
6
149
306
460
544
628
658
618
546
415
258
95
1
0
0
0
0
0
0
0
0
0
0
0
17
210
305
164
301
363
352
394
284
266
177
95
1
0
0
0
0
0
0
0
0
0
0
0
6
146
316
486
595
652
659
626
530
395
242
88
0
0
0
0
0
0
0
0
0
0
0
0
13
103
264
235
770
819
686
392
420
135
26
9
0
0
0
0
0
0
0
0
0
0
0
0
7
190
412
616
770
857
878
833
719
548
337
119
0
0
0
0
0
0
0
0
0
0
0
0
7
181
395
590
738
825
845
797
683
515
309
105
0
0
0
0
0
0
0
0
0
0
0
0
6
144
312
467
605
688
676
662
520
373
241
71
0
0
0
0
0
0
0
0
0
0
0
0
6
169
370
559
698
764
792
737
621
465
277
91
0
0
0
0
0
0
0
0
0
0
0
0
5
155
344
505
637
738
741
694
568
446
265
84
0
0
0
0
0
0
0
0
0
0
0
0
5
172
386
578
724
813
834
787
672
498
287
89
0
0
0
0
0
0
0
0
0
0
0
0
3
125
275
393
527
631
615
627
503
400
242
82
0
0
0
0
0
0
0
0
0
0
0
0
2
98
234
340
430
475
489
501
427
342
179
53
0
0
0
0
0
0
0
0
0
0
0
0
2
127
297
483
640
725
711
627
551
359
194
52
0
0
0
0
0
0
0
0
0
0
0
0
4
160
369
549
694
766
780
722
606
447
253
33
0
0
0
0
0
0
0
0
0
0
0
0
4
156
359
541
682
763
773
730
618
455
257
33
0
0
0
0
0
0
0
0
0
0
0
0
3
159
373
566
712
796
813
761
641
468
261
31
0
0
0
0
0
0
0
0
0
0
0
0
1
82
172
270
371
372
442
579
503
380
272
56
0
0
0
0
0
0
0
0
0
0
0
0
3
151
362
559
707
792
814
763
642
467
256
29
0
0
0
0
0
0
0
0
0
0
0
0
2
143
343
526
663
753
771
716
603
439
242
25
0
0
0
0
0
0
0
0
0
0
0
0
1
12
30
46
59
66
67
505
429
313
171
17
0
0
0
0
0
0
0
0
0
0
0
0
2
135
331
518
663
747
768
713
604
435
234
24
0
0
0
0
0
0
0
0
0
0
0
0
2
137
340
518
656
731
743
686
575
413
221
19
0
0
0
0
0
0
0
0
0
0
0
0
2
130
322
509
643
726
748
704
590
419
220
18
0
0
0
0
0
0
0
0
0
0
0
0
1
85
217
354
458
513
528
484
417
306
162
15
0
0
0
0
0
0
0
0
0
0
0
0
1
64
156
241
295
323
306
293
225
163
80
4
0
0
0
0
0
0
0
0
0
0
0
0
1
79
208
346
429
460
472
428
363
242
128
9
0
0
0
0
0
0
0
0
0
0
0
0
1
107
276
440
571
652
684
645
534
370
198
13
0
0
0
0
0
0
0
0
0
0
0
0
2
107
244
325
503
620
564
497
350
246
225
34
0
0
0
0
0
0
0
0
0
0
0
0
1
113
295
470
604
685
702
654
561
397
204
14
0
0
0
0
0
0
0
0
0
0
0
0
1
110
301
482
618
696
700
658
537
372
182
10
0
0
0
0
0
0
0
0
0
0
0
0
0
105
291
463
595
671
701
651
541
384
189
10
0
0
0
0
0
0
0
0
0
0
0
0
0
104
277
459
594
695
707
639
530
354
175
8
0
0
0
0
0
0
0
0
0
0
0
0
0
43
139
264
309
307
310
107
139
42
48
6
0
0
0
0
0
0
0
0
0
0
0
0
0
32
98
160
205
240
251
229
186
128
61
2
0
0
0
0
0
0
0
0
0
0
0
0
0
93
269
442
574
648
657
611
502
345
164
7
0
0
0
0
0
0
0
0
0
0
0
0
0
100
287
472
601
681
692
639
524
362
171
6
0
0
0
0
0
0
0
0
0
0
0
0
1
80
226
439
322
340
529
701
330
147
79
2
0
0
0
0
0
0
0
0
0
0
0
0
0
79
216
394
511
608
624
543
444
312
156
9
0
0
0
0
0
0
0
0
0
0
0
0
0
92
269
443
578
658
671
616
507
350
162
4
0
0
0
0
0
0
0
0
0
0
0
0
0
90
272
451
583
650
651
604
490
334
150
3
0
0
0
0
0
0
0
0
0
0
0
0
0
84
266
441
575
660
677
621
513
350
159
5
0
0
0
0
0
0
0
0
0
0
0
0
0
39
131
225
327
392
356
339
240
167
68
1
0
0
0
0
0
0
0
0
0
0
0
0
0
64
207
350
449
501
507
465
381
252
112
1
0
0
0
0
0
0
0
0
0
0
0
0
0
71
234
391
515
574
589
534
428
274
115
1
0
0
0
0
0
0
0
0
0
0
0
0
0
19
144
250
278
331
450
533
572
347
170
6
0
0
0
0
0
0
0
0
0
0
0
0
0
69
216
387
497
576
628
575
448
291
122
1
0
0
0
0
0
0
0
0
0
0
0
0
0
73
282
438
414
417
243
171
394
153
35
1
0
0
0
0
0
0
0
0
0
0
0
0
0
5
20
34
45
51
52
443
360
227
101
1
0
0
0
0
0
0
0
0
0
0
0
0
0
26
214
366
488
540
565
553
430
293
127
2
0
0
0
0
0
0
0
0
0
0
0
0
0
9
49
80
128
148
132
130
105
71
43
1
0
0
0
0
0
0
0
0
0
0
0
0
0
25
208
365
495
580
590
568
463
320
142
3
0
0
0
0
0
0
0
0
0
0
0
0
0
23
206
367
490
548
575
539
428
305
135
3
0
0
0
0
0
0
0
0
0
0
0
0
0
24
221
392
527
605
623
576
471
310
128
2
0
0
0
0
0
0
0
0
0
0
0
0
0
25
233
417
557
637
648
596
482
318
130
1
0
0
0
0
0
0
0
0
0
0
0
0
0
23
216
385
521
605
616
566
461
300
122
1
0
0
0
0
0
0
0
0
0
0
0
0
0
20
202
368
502
587
604
567
463
307
127
2
0
0
0
0
0
0
0
0
0
0
0
0
0
20
208
381
525
607
621
578
466
306
123
2
0
0
0
0
0
0
0
0
0
0
0
0
0
16
177
300
387
463
508
513
452
274
102
1
0
0
0
0
0
0
0
0
0
0
0
0
0
19
207
327
453
435
478
486
366
282
116
3
0
0
0
0
0
0
0
0
0
0
0
0
0
18
220
405
548
628
645
595
478
312
124
1
0
0
0
0
0
0
0
0
0
0
0
0
0
16
208
381
515
598
612
569
463
308
125
1
0
0
0
0
0
0
0
0
0
0
0
0
0
16
203
376
513
597
615
569
460
304
122
1
0
0
0
0
0
0
0
0
0
0
0
0
0
14
195
363
500
583
596
544
438
288
114
1
0
0
0
0
0
0
0
0
0
0
0
0
0
13
193
364
498
583
593
544
437
284
113
1
0
0
0
0
0
0
0
0
0
0
0
0
0
11
176
341
476
554
574
530
428
282
116
1
0
0
0
0
0
0
0
0
0
0
0
0
0
9
137
276
379
440
447
409
326
202
78
0
0
0
0
0
0
0
0
0
0
0
0
0
0
10
185
357
492
573
592
548
443
289
114
1
0
0
0
0
0
0
0
0
0
0
0
0
0
10
175
346
480
565
582
542
436
283
112
1
0
0
0
0
0
0
0
0
0
0
0
0
0
3
42
87
115
130
116
483
388
242
94
0
0
0
0
0
0
0
0
0
0
0
0
0
0
6
122
245
344
423
429
399
323
206
77
0
0
0
0
0
0
0
0
0
0
0
0
0
0
6
118
230
329
363
388
369
291
161
63
0
0
0
0
0
0
0
0
0
0
0
0
0
0
7
164
326
457
532
553
519
425
280
111
1
0
0
0
0
0
0
0
0
0
0
0
0
0
6
148
304
424
511
523
496
414
266
107
1
0
0
0
0
0
0
0
0
0
0
0
0
0
7
172
350
493
583
609
565
457
299
118
1
0
0
0
0
0
0
0
0
0
0
0
0
0
4
123
259
377
439
456
423
344
224
89
0
0
0
0
0
0
0
0
0
0
0
0
0
0
2
65
205
226
280
327
420
251
239
121
2
0
0
0
0
0
0
0
0
0
0
0
0
0
3
82
148
184
314
212
118
141
145
80
5
0
0
0
0
0
0
0
0
0
0
0
0
0
4
135
287
413
483
495
460
375
244
95
0
0
0
0
0
0
0
0
0
0
0
0
0
0
5
153
324
463
551
578
538
433
287
113
1
0
0
0
0
0
0
0
0
0
0
0
0
0
4
139
300
426
508
534
484
405
269
107
1
0
0
0
0
0
0
0
0
0
0
0
0
0
4
142
310
444
528
556
529
432
283
113
1
0
0
0
0
0
0
0
0
0
0
0
0
0
4
133
287
413
495
518
482
388
254
101
1
0
0
0
0
0
0
0
0
0
0
0
0
0
4
148
324
467
556
579
537
434
284
114
1
0
0
0
0
0
0
0
0
0
0
0
0
0
4
133
293
419
507
535
510
409
270
109
1
0
0
0
0
0
0
0
0
0
0
0
0
0
3
132
285
410
485
502
478
390
258
100
1
0
0
0
0
0
0
0
0
0
0
0
0
0
3
136
299
434
516
547
509
413
272
110
1
0
0
0
0
0
0
0
0
0
0
0
0
0
3
140
311
456
542
567
527
433
287
118
1
0
0
0
0
0
0
0
0
0
0
0
0
0
3
134
291
429
506
530
482
401
276
116
1
0
0
0
0
0
0
0
0
0
0
0
0
0
2
133
295
421
504
528
491
403
269
111
1
0
0
0
0
0
0
0
0
0
0
0
0
0
1
18
42
62
78
72
403
323
214
83
1
0
0
0
0
0
0
0
0
0
0
0
0
0
2
137
311
458
551
580
543
446
298
126
1
0
0
0
0
0
0
0
0
0
0
0
0
0
2
126
290
434
519
554
511
422
285
119
1
0
0
0
0
0
0
0
0
0
0
0
0
0
2
108
250
359
430
443
402
338
226
95
1
0
0
0
0
0
0
0
0
0
0
0
0
0
1
84
193
273
314
330
304
241
140
67
1
0
0
0
0
0
0
0
0
0
0
0
0
0
2
96
225
344
432
450
412
330
223
95
1
0
0
0
0
0
0
0
0
0
0
0
0
0
2
99
221
337
400
405
376
302
207
81
1
0
0
0
0
0
0
0
0
0
0
0
0
0
2
104
230
335
391
428
405
324
228
92
1
0
0
0
0
0
0