0
0
0
0
0
0
0
4
136
285
410
502
521
483
394
262
110
1
0
0
0
0
0
0
0
0
0
0
0
0
0
2
108
240
353
448
461
447
369
259
110
2
0
0
0
0
0
0
0
0
0
0
0
0
0
2
115
232
335
415
438
425
339
243
104
1
0
0
0
0
0
0
0
0
0
0
0
0
0
3
141
304
437
495
531
494
430
287
125
2
0
0
0
0
0
0
0
0
0
0
0
0
0
4
161
345
501
600
631
598
498
342
153
3
0
0
0
0
0
0
0
0
0
0
0
0
0
4
141
292
430
520
550
518
437
299
135
2
0
0
0
0
0
0
0
0
0
0
0
0
0
3
151
304
413
441
464
450
372
295
139
4
0
0
0
0
0
0
0
0
0
0
0
0
0
3
134
278
397
502
506
482
409
289
147
4
0
0
0
0
0
0
0
0
0
0
0
0
0
4
110
256
384
473
511
479
376
286
129
2
0
0
0
0
0
0
0
0
0
0
0
0
0
3
125
275
431
484
497
491
399
261
117
2
0
0
0
0
0
0
0
0
0
0
0
0
0
4
153
331
475
580
617
591
493
340
157
4
0
0
0
0
0
0
0
0
0
0
0
0
0
4
154
333
478
569
605
572
484
335
157
4
0
0
0
0
0
0
0
0
0
0
0
0
0
4
159
343
499
599
634
601
509
358
171
6
0
0
0
0
0
0
0
0
0
0
0
0
0
4
141
311
439
508
547
524
441
303
156
7
0
0
0
0
0
0
0
0
0
0
0
0
0
3
114
243
369
438
433
413
339
225
104
2
0
0
0
0
0
0
0
0
0
0
0
0
0
5
155
334
413
435
413
453
426
321
134
4
0
0
0
0
0
0
0
0
0
0
0
0
0
5
146
306
447
527
562
547
446
334
172
9
0
0
0
0
0
0
0
0
0
0
0
0
0
4
144
318
464
550
567
537
459
325
165
6
0
0
0
0
0
0
0
0
0
0
0
0
0
4
148
319
456
550
591
580
493
347
173
8
0
0
0
0
0
0
0
0
0
0
0
0
0
5
168
358
515
619
658
625
524
374
188
8
0
0
0
0
0
0
0
0
0
0
0
0
0
5
167
353
510
613
648
615
525
377
193
11
0
0
0
0
0
0
0
0
0
0
0
0
0
6
155
314
439
529
564
549
484
358
185
13
0
0
0
0
0
0
0
0
0
0
0
0
0
2
30
58
83
95
102
84
69
52
29
3
0
0
0
0
0
0
0
0
0
0
0
0
0
7
165
427
625
491
497
372
122
66
18
3
0
0
0
0
0
0
0
0
0
0
0
0
0
6
178
368
521
625
664
637
544
398
211
13
0
0
0
0
0
0
0
0
0
0
0
0
0
7
180
373
533
637
681
651
557
405
216
15
0
0
0
0
0
0
0
0
0
0
0
0
0
7
186
388
554
662
703
675
577
419
221
15
0
0
0
0
0
0
0
0
0
0
0
0
0
7
161
347
491
597
609
548
486
357
186
14
0
0
0
0
0
0
0
0
0
0
0
0
0
8
187
384
545
649
696
667
570
416
223
17
0
0
0
0
0
0
0
0
0
0
0
0
0
8
183
373
529
628
670
641
543
399
214
16
0
0
0
0
0
0
0
0
0
0
0
0
0
8
190
388
553
662
703
675
581
428
233
20
0
0
0
0
0
0
0
0
0
0
0
0
0
9
195
393
559
668
710
680
582
428
236
21
0
0
0
0
0
0
0
0
0
0
0
0
0
10
157
360
414
519
571
406
409
327
167
12
0
0
0
0
0
0
0
0
0
0
0
0
0
2
36
81
113
137
141
123
96
88
49
4
0
0
0
0
0
0
0
0
0
0
0
0
0
2
56
150
218
280
252
191
136
98
61
13
0
0
0
0
0
0
0
0
0
0
0
0
0
3
27
46
48
57
61
491
438
328
183
22
0
0
0
0
0
0
0
0
0
0
0
0
0
39
206
305
418
487
371
344
147
92
78
6
0
0
0
0
0
0
0
0
0
0
0
0
0
3
148
255
390
427
469
503
449
342
188
24
0
0
0
0
0
0
0
0
0
0
0
0
0
14
186
362
525
608
636
581
501
376
218
26
0
0
0
0
0
0
0
0
0
0
0
0
0
13
197
384
540
645
682
665
589
450
265
40
0
0
0
0
0
0
0
0
0
0
0
0
0
14
210
407
566
675
715
691
599
448
256
34
0
0
0
0
0
0
0
0
0
0
0
0
0
14
201
388
541
645
689
672
584
435
255
38
0
0
0
0
0
0
0
0
0
0
0
0
0
15
177
346
482
560
601
580
501
369
226
63
0
0
0
0
0
0
0
0
0
0
0
0
0
17
211
397
550
650
692
671
586
445
254
77
0
0
0
0
0
0
0
0
0
0
0
0
0
6
137
238
472
645
590
542
442
310
195
53
0
0
0
0
0
0
0
0
0
0
0
0
0
20
198
348
507
602
631
609
546
429
251
75
0
0
0
0
0
0
0
0
0
0
0
0
0
22
242
439
601
701
736
709
621
473
287
92
0
0
0
0
0
0
0
0
0
0
0
0
0
5
109
198
313
368
390
399
365
286
149
49
0
0
0
0
0
0
0
0
0
0
0
0
0
27
268
484
660
775
819
785
682
521
313
102
0
0
0
0
0
0
0
0
0
0
0
0
0
28
264
471
640
747
788
762
666
513
314
105
0
0
0
0
0
0
0
0
0
0
0
0
0
29
259
461
624
732
772
741
652
506
313
108
0
0
0
0
0
0
0
0
0
0
0
0
0
27
245
443
597
708
747
715
614
467
279
94
0
0
0
0
0
0
0
0
0
0
0
0
0
6
218
530
653
846
464
162
55
42
26
9
0
0
0
0
0
0
0
0
0
0
0
0
0
33
267
475
645
756
806
778
686
531
329
116
0
0
0
0
0
0
0
0
0
0
0
0
0
36
272
478
647
756
802
774
680
528
327
117
0
0
0
0
0
0
0
0
0
0
0
0
0
30
219
423
557
688
678
663
573
428
249
91
0
0
0
0
0
0
0
0
0
0
0
0
0
19
55
159
293
515
538
72
237
265
259
54
0
0
0
0
0
0
0
0
0
0
0
0
0
20
172
362
458
484
542
593
379
169
27
65
1
0
0
0
0
0
0
0
0
0
0
0
0
74
250
427
573
667
704
678
595
458
285
106
0
0
0
0
0
0
0
0
0
0
0
0
0
90
259
361
450
565
596
618
563
446
295
119
1
0
0
0
0
0
0
0
0
0
0
0
0
41
210
369
260
394
504
367
257
249
168
19
1
0
0
0
0
0
0
0
0
0
0
0
0
85
273
465
616
704
749
732
651
502
319
127
1
0
0
0
0
0
0
0
0
0
0
0
1
45
27
228
503
538
429
349
200
158
140
57
1
0
0
0
0
0
0
0
0
0
0
0
0
49
171
282
372
452
450
462
380
319
190
76
1
0
0
0
0
0
0
0
0
0
0
0
0
102
301
493
648
748
785
759
668
527
337
134
1
0
0
0
0
0
0
0
0
0
0
0
0
106
305
506
656
755
788
758
669
525
337
138
2
0
0
0
0
0
0
0
0
0
0
0
0
91
258
410
532
626
650
633
560
447
278
112
1
0
0
0
0
0
0
0
0
0
0
0
0
97
267
426
558
637
672
658
582
458
301
128
2
0
0
0
0
0
0
0
0
0
0
0
0
68
180
295
383
417
436
401
343
249
172
66
1
0
0
0
0
0
0
0
0
0
0
0
1
119
321
514
665
756
781
754
645
510
333
140
1
0
0
0
0
0
0
0
0
0
0
0
1
137
357
563
722
822
859
826
725
573
375
158
2
0
0
0
0
0
0
0
0
0
0
0
1
148
373
585
747
852
890
859
762
603
396
170
3
0
0
0
0
0
0
0
0
0
0
0
1
145
369
579
743
846
882
850
750
590
382
162
2
0
0
0
0
0
0
0
0
0
0
0
1
127
313
498
640
725
743
712
632
490
314
133
1
0
0
0
0
0
0
0
0
0
0
0
2
130
325
514
663
756
779
767
665
527
344
146
3
0
0
0
0
0
0
0
0
0
0
0
2
158
382
586
748
847
882
852
758
600
398
178
4
0
0
0
0
0
0
0
0
0
0
0
3
160
380
583
741
841
881
848
753
601
400
178
5
0
0
0
0
0
0
0
0
0
0
0
3
165
386
590
751
851
885
853
753
594
394
174
4
0
0
0
0
0
0
0
0
0
0
0
3
154
353
549
697
790
814
771
662
524
351
161
5
0
0
0
0
0
0
0
0
0
0
0
4
186
422
639
808
913
947
912
808
643
430
195
6
0
0
0
0
0
0
0
0
0
0
0
5
187
421
633
799
904
943
910
809
646
432
197
6
0
0
0
0
0
0
0
0
0
0
0
5
174
384
570
706
807
838
806
701
566
384
175
5
0
0
0
0
0
0
0
0
0
0
0
2
72
166
239
303
336
352
323
307
237
148
73
2
0
0
0
0
0
0
0
0
0
0
0
7
188
401
592
746
827
851
824
731
588
395
183
6
0
0
0
0
0
0
0
0
0
0
0
8
209
447
661
827
928
964
927
818
650
436
202
7
0
0
0
0
0
0
0
0
0
0
0
9
191
403
598
759
849
878
852
761
605
416
198
10
0
0
0
0
0
0
0
0
0
0
0
10
218
456
667
831
934
964
925
822
653
437
204
7
0
0
0
0
0
0
0
0
0
0
0
11
208
434
642
806
909
942
907
807
646
434
205
10
0
0
0
0
0
0
0
0
0
0
0
12
223
452
660
821
920
954
913
811
647
438
209
9
0
0
0
0
0
0
0
0
0
0
0
11
193
384
564
700
769
811
792
724
595
408
205
14
0
0
0
0
0
0
0
0
0
0
0
15
230
459
664
821
919
959
927
827
664
455
222
13
0
0
0
0
0
0
0
0
0
0
0
15
223
434
628
773
865
891
856
754
608
413
202
10
0
0
0
0
0
0
0
0
0
0
0
20
260
503
719
884
986
1015
977
867
697
476
233
11
0
0
0
0
0
0
0
0
0
0
0
22
271
516
731
897
998
1026
981
870
697
478
236
11
0
0
0
0
0
0
0
0
0
0
0
25
301
571
810
988
524
533
508
390
290
196
103
4
0
0
0
0
0
0
0
0
0
0
0
19
213
389
442
559
691
824
728
653
475
387
210
20
0
0
0
0
0
0
0
0
0
0
0
20
195
379
588
689
722
789
773
735
552
358
164
4
0
0
0
0
0
0
0
0
0
0
0
15
140
274
394
527
603
607
572
516
362
257
129
4
0
0
0
0
0
0
0
0
0
0
0
30
276
508
710
864
957
985
938
834
671
463
234
15
0
0
0
0
0
0
0
0
0
0
0
30
266
492
696
849
947
975
936
834
674
466
237
18
0
0
0
0
0
0
0
0
0
0
0
33
275
502
698
849
944
975
938
837
680
475
244
20
0
0
0
0
0
0
0
0
0
0
0
44
310
541
801
981
478
481
448
356
265
182
73
4
0
0
0
0
0
0
0
0
0
0
0
41
305
545
754
912
1007
1032
986
875
702
488
248
17
0
0
0
0
0
0
0
0
0
0
0
81
293
525
727
884
974
1001
957
854
687
477
245
19
0
0
0
0
0
0
0
0
0
0
0
84
296
526
727
881
974
1000
964
856
691
481
251
21
0
0
0
0
0
0
0
0
0
0
0
42
150
299
413
457
502
493
474
429
363
239
119
4
0
0
0
0
0
0
0
0
0
0
0
76
261
445
594
737
758
776
750
643
488
309
147
4
0
0
0
0
0
0
0
0
0
0
0
71
244
450
598
756
839
847
805
731
618
420
218
19
0
0
0
0
0
0
0
0
0
0
0
70
156
291
415
293
408
328
613
876
573
550
225
54
0
0
0
0
0
0
0
0
0
0
0
99
311
534
730
878
965
987
948
842
680
476
251
23
0
0
0
0
0
0
0
0
0
0
0
101
312
537
731
880
970
992
948
841
676
470
246
22
0
0
0
0
0
0
0
0
0
0
0
102
313
536
731
878
966
990
949
845
684
480
255
27
0
0
0
0
0
0
0
0
0
0
0
109
326
553
754
902
988
1008
964
855
691
482
252
25
0
0
0
0
0
0
0
0
0
0
0
109
322
544
737
882
972
990
949
850
691
485
259
30
0
0
0
0
0
0
0
0
0
0
1
80
215
353
477
561
619
636
565
462
386
280
126
6
0
0
0
0
0
0
0
0
0
0
0
94
270
471
621
743
829
831
792
701
560
397
217
26
0
0
0
0
0
0
0
0
0
0
0
87
283
452
586
697
739
787
662
611
474
370
200
24
0
0
0
0
0
0
0
0
0
0
2
63
127
354
584
975
600
928
194
68
55
39
21
5
0
0
0
0
0
0
0
0
0
0
1
92
255
410
572
698
758
771
720
656
538
363
207
22
0
0
0
0
0
0
0
0
0
0
1
117
313
498
653
755
834
848
826
729
597
426
244
35
0
0
0
0
0
0
0
0
0
0
3
136
361
460
560
654
642
643
482
302
53
38
28
15
0
0
0
0
0
0
0
0
0
0
2
120
310
487
630
778
846
897
839
755
634
453
265
74
0
0
0
0
0
0
0
0
0
0
1
125
314
503
676
807
884
916
877
785
634
448
251
73
0
0
0
0
0
0
0
0
0
0
2
130
330
529
711
843
921
943
896
790
648
461
258
72
0
0
0
0
0
0
0
0
0
0
1
144
318
508
717
908
359
568
313
365
490
333
208
73
0
0
0
0
0
0
0
0
0
0
2
149
372
594
783
926
1008
1028
979
870
708
503
279
81
0
0
0
0
0
0
0
0
0
0
2
139
345
554
734
870
944
964
919
821
666
476
265
78
0
0
0
0
0
0
0
0
0
0
3
145
360
578
769
910
989
1012
967
863
703
501
280
84
0
0
0
0
0
0
0
0
0
0
3
145
353
557
736
865
935
954
917
816
667
477
267
81
0
0
0
0
0
0
0
0
0
0
3
156
379
606
800
944
1023
1043
995
886
724
516
289
87
0
0
0
0
0
0
0
0
0
0
4
146
349
555
732
866
947
971
929
836
685
495
285
91
0
0
0
0
0
0
0
0
0
0
1
55
128
195
253
312
338
348
349
306
234
158
94
35
0
0
0
0
0
0
0
0
0
0
4
161
378
594
780
916
996
1020
978
875
717
519
298
95
0
0
0
0
0
0
0
0
0
0
5
86
268
539
530
465
333
313
393
421
455
588
346
112
1
0
0
0
0
0
0
0
0
0
5
146
339
544
716
842
911
923
880
790
649
472
274
89
0
0
0
0
0
0
0
0
0
0
4
137
305
501
658
775
837
877
882
775
648
467
270
91
0
0
0
0
0
0
0
0
0
0
5
136
308
489
654
752
818
872
848
739
612
463
261
89
0
0
0
0
0
0
0
0
0
0
6
178
405
629
821
964
1048
1069
1024
917
755
549
320
108
0
0
0
0
0
0
0
0
0
0
5
146
338
516
677
801
889
899
860
782
655
469
278
95
0
0
0
0
0
0
0
0
0
0
6
166
368
566
738
859
931
947
913
820
677
496
294
102
0
0
0
0
0
0
0
0
0
0
6
154
342
531
689
805
871
890
854
765
630
461
270
94
0
0
0
0
0
0
0
0
0
0
7
171
383
593
772
906
988
1013
967
874
718
524
310
109
1
0
0
0
0
0
0
0
0
0
6
142
319
493
634
734
793
795
762
679
571
420
248
88
0
0
0
0
0
0
0
0
0
0
7
164
354
541
695
810
882
898
861
769
638
470
283
103
0
0
0
0
0
0
0
0
0
0
4
204
368
525
640
846
305
594
596
676
517
495
328
138
5
0
0
0
0
0
0
0
0
0
4
134
300
512
635
750
829
850
808
723
621
468
298
119
2
0
0
0
0
0
0
0
0
0
7
138
286
420
546
631
684
682
658
544
418
301
174
49
1
0
0
0
0
0
0
0
0
0
7
135
300
444
558
651
731
779
715
653
558
411
233
89
1
0
0
0
0
0
0
0
0
0
8
161
346
537
703
813
903
912
875
763
631
474
277
105
1
0
0
0
0
0
0
0
0
0
9
180
394
603
787
922
1005
1025
986
888
736
538
324
121
1
0
0
0
0
0
0
0
0
0
10
192
413
631
818
957
1036
1048
1003
902
744
546
327
121
1
0
0
0
0
0
0
0
0
0
9
180
392
604
789
923
1009
1029
983
884
736
543
329
125
2
0
0
0
0
0
0
0
0
0
10
182
390
595
770
900
974
989
944
849
701
516
307
116
1
0
0
0
0
0
0
0
0
0
10
187
400
611
792
926
1007
1025
983
880
722
530
318
120
1
0
0
0
0
0
0
0
0
0
10
177
378
576
747
877
958
979
941
853
710
530
321
125
2
0
0
0
0
0
0
0
0
0
10
177
380
579
747
873
955
976
941
847
707
525
319
124
2
0
0
0
0
0
0
0
0
0
10
184
394
602
779
916
1002
1023
982
887
738
547
335
131
2
0
0
0
0
0
0
0
0
0
10
186
398
608
794
928
1006
1028
996
901
751
560
344
135
2
0
0
0
0
0
0
0
0
0
10
179
380
581
749
873
953
968
929
837
694
513
312
121
1
0
0
0
0
0
0
0
0
0
8
154
333
489
636
747
829
872
808
703
600
455
300
112
2
0
0
0
0
0
0
0
0
0
10
173
368
564
739
868
952
985
950
861
722
543
340
140
4
0
0
0
0
0
0
0
0
0
8
150
328
503
656
772
830
830
801
705
578
428
251
98
1
0
0
0
0
0
0
0
0
0
11
188
400
610
793
932
1016
1039
1003
909
759
567
353
143
3
0
0
0
0
0
0
0
0
0
11
192
409
623
805
943
1025
1048
1010
914
762
570
354
144
3
0
0
0
0
0
0
0
0
0
11
191
403
614
796
928
1007
1027
990
896
747
557
346
141
3
0
0
0
0
0
0
0
0
0
10
179
381
584
758
887
967
993
965
874
732
548
344
144
4
0
0
0
0
0
0
0
0
0
9
160
342
530
682
786
861
881
857
772
640
475
293
121
2
0
0
0
0
0
0
0
0
0
8
133
287
436
556
638
706
708
663
577
463
352
216
87
1
0
0
0
0
0
0
0
0
0
12
141
287
467
687
749
806
886
851
669
579
421
230
98
1
0
0
0
0
0
0
0
0
0
10
186
403
617
800
938
1019
1039
997
895
738
544
331
131
1
0
0
0
0
0
0
0
0
0
10
181
389
597
776
907
986
1005
970
875
735
550
342
141
3
0
0
0
0
0
0
0
0
0
9
167
368
565
738
869
948
972
932
845
709
528
327
135
3
0
0
0
0
0
0
0
0
0
9
163
356
549
702
834
905
930
899
814
682
501
304
121
2
0
0
0
0
0
0
0
0
0
6
124
288
461
611
722
846
867
788
650
590
458
289
134
5
0
0
0
0
0
0
0
0
0
9
172
377
584
763
897
981
1008
977
886
743
558
350
146
4
0
0
0
0
0
0
0
0
0
9
177
387
598
784
924
1009
1038
1006
912
770
580
362
152
5
0
0
0
0
0
0
0
0
0
8
162
357
550
724
855
938
973
936
849
703
529
329
139
4
0
0
0
0
0
0
0
0
0
8
166
362
560
734
859
930
953
920
833
699
523
327
135
3
0
0
0
0
0
0
0
0
0
9
168
369
574
758
889
973
1002
967
883
741
561
357
153
5
0
0
0
0
0
0
0
0
0
8
164
364
566
748
885
973
1002
971
883
746
561
354
152
6
0
0
0
0
0
0
0
0
0
8
162
359
563
742
881
964
994
965
868
722
541
338
141
4
0
0
0
0
0
0
0
0
0
8
162
367
577
757
897
979
1007
974
880
745
561
350
148
5
0
0
0
0
0
0
0
0
0
6
143
323
503
660
774
841
851
815
730
604
449
272
110
1
0
0
0
0
0
0
0
0
0
6
144
330
516
677
781
837
861
826
750
632
468
286
110
1
0
0
0
0
0
0
0
0
0
6
157
352
553
726
851
928
949
922
841
706
527
323
132
3
0
0
0
0
0
0
0
0
0
7
162
366
578
756
895
983
1014
979
889
745
560
349
146
4
0
0
0
0
0
0
0
0
0
6
161
365
570
745
881
966
998
970
885
744
562
357
152
5
0
0
0
0
0
0
0
0
0
6
159
359
561
738
877
962
991
960
876
745
570
362
157
6
0
0
0
0
0
0
0
0
0
7
182
411
639
835
983
1072
1096
1054
950
791
589
363
148
1
0
0
0
0
0
0
0
0
0
6
159
366
576
763
908
999
1029
1000
911
767
579
366
154
5
0
0
0
0
0
0
0
0
0
6
163
378
594
785
927
1014
1036
999
900
750
557
343
140
2
0
0
0
0
0
0
0
0
0
5
145
339
540
714
847
933
964
925
834
692
515
318
130
2
0
0
0
0
0
0
0
0
0
5
147
349
551
721
850
920
943
905
815
681
505
303
120
1
0
0
0
0
0
0
0
0
0
4
140
327
504
676
797
909
894
824
745
643
482
294
124
4
0
0
0
0
0
0
0
0
0
4
144
344
551
731
869
957
985
951
856
714
528
323
129
2
0
0
0
0
0
0
0
0
0
4
139
334
540
722
868
955
984
959
882
737
552
342
140
4
0
0
0
0
0
0
0
0
0
4
116
294
475
648
773
872
878
846
770
602
439
271
112
2
0
0
0
0
0
0
0
0
0
5
123
279
408
596
705
733
743
752
695
580
445
250
96
1
0
0
0
0
0
0
0
0
0
3
123
299
482
645
762
838
864
830
747
617
458
277
107
1
0
0
0
0
0
0
0
0
0
3
136
339
553
746
898
994
1029
1000
910
762
566
346
136
4
0
0
0
0
0
0
0
0
0
3
140
347
563
758
905
1001
1035
1002
911
765
572
352
140
3
0
0
0
0
0
0
0
0
0
3
138
340
551
735
876
969
1005
970
883
736
548
335
134
3
0
0
0
0
0
0
0
0
0
2
121
288
452
588
698
818
868
832
803
639
506
292
125
3
0
0
0
0
0
0
0
0
0
3
148
363
591
790
948
616
628
608
556
462
341
213
82
1
0
0
0
0
0
0
0
0
0
2
122
310
511
690
834
916
946
919
843
712
531
327
131
3
0
0
0
0
0
0
0
0
0
2
137
350
569
760
909
1005
1037
1002
901
751
556
336
128
1
0
0
0
0
0
0
0
0
0
2
123
319
534
721
868
955
990
963
874
724
538
327
125
2
0
0
0
0
0
0
0
0
0
2
124
326
540
730
876
966
1001
965
871
723
531
320
120
1
0
0
0
0
0
0
0
0
0
2
123
323
536
729
877
969
1004
975
883
736
545
328
123
2
0
0
0
0
0
0
0
0
0
2
123
325
540
731
878
967
1000
963
869
717
529
316
116
1
0
0
0
0
0
0
0
0
0
1
116
310
515
701
849
938
970
950
862
719
530
321
120
2
0
0
0
0
0
0
0
0
0
1
116
312
518
698
834
921
945
906
821
679
502
297
109
1
0
0
0
0
0
0
0
0
0
1
110
292
481
661
799
875
914
902
787
649
472
283
105
1
0
0
0
0
0
0
0
0
0
1
92
257
431
583
700
777
809
781
700
577
418
247
88
0
0
0
0
0
0
0
0
0
0
1
121
331
551
747
895
985
1014
980
882
730
533
314
110
0
0
0
0
0
0
0
0
0
0
1
113
312
524
712
857
947
973
935
846
703
517
308
109
1
0
0
0
0
0
0
0
0
0
1
104
291
476
639
763
853
888
872
781
650
486
283
98
1
0
0
0
0
0
0
0
0
0
1
106
295
499
674
808
878
908
873
800
668
489
284
99
0
0
0
0
0
0
0
0
0
0
1
104
301
512
697
842
931
961
934
841
696
504
293
99
0
0
0
0
0
0
0
0
0
0
1
110
316
535
735
883
980
1005
973
879
726
530
308
104
0
0
0
0
0
0
0
0
0
0
0
102
299
510
701
850
940
969
933
843
698
506
292
97
0
0
0
0
0
0
0
0
0
0
0
96
284
486
664
802
888
914
883
806
671
488
283
93
0
0
0
0
0
0
0
0
0
0
0
84
255
444
606
760
833
839
797
704
590
416
241
80
0
0
0
0
0
0
0
0
0
0
0
99
296
510
697
846
943
973
942
853
705
509
290
93
0
0
0
0
0
0
0
0
0
0
0
96
289
499
686
830
923
958
929
840
692
503
288
90
0
0
0
0
0
0
0
0
0
0
0
97
296
515
707
854
947
975
939
844
692
496
280
85
0
0
0
0
0
0
0
0
0
0
0
96
295
511
698
843
934
965
931
836
686
492
278
84
0
0
0
0
0
0
0
0
0
0
0
89
277
480
662
793
867
894
861
769
623
444
247
72
0
0
0
0
0
0
0
0
0
0
0
80
245
423
584
702
834
871
823
685
573
385
196
53
0
0
0
0
0
0
0
0
0
0
0
93
292
506
696
844
930
956
922
831
684
491
272
78
0
0
0
0
0
0
0
0
0
0
0
82
269
470
653
779
854
857
828
733
609
431
238
64
0
0
0
0
0
0
0
0
0
0
0
80
266
468
642
764
846
878
835
721
586
423
233
31
0
0
0
0
0
0
0
0
0
0
0
87
286
503
699
847
937
963
934
840
687
487
265
35
0
0
0
0
0
0
0
0
0
0
0
84
280
497
691
839
928
952
916
818
667
473
254
31
0
0
0
0
0
0
0
0
0
0
0
81
274
488
673
813
901
922
886
793
645
450
241
26
0
0
0
0
0
0
0
0
0
0
0
66
214
382
548
692
749
776
784
750
593
438
244
25
0
0
0
0
0
0
0
0
0
0
0
80
275
492
679
821
904
929
881
781
639
443
232
21
0
0
0
0
0
0
0
0
0
0
0
80
279
497
689
835
925
947
908
809
652
457
240
23
0
0
0
0
0
0
0
0
0
0
0
79
278
500
693
843
934
958
920
821
667
467
244
24
0
0
0
0
0
0
0
0
0
0
0
79
279
502
697
845
938
962
924
824
666
464
240
21
0
0
0
0
0
0
0
0
0
0
0
76
277
503
702
855
944
971
932
827
664
459
234
20
0
0
0
0
0
0
0
0
0
0
0
76
276
497
695
846
936
961
917
813
654
450
228
17
0
0
0
0
0
0
0
0
0
0
0
68
254
458
642
777
863
885
847
745
601
409
202
14
0
0
0
0
0
0
0
0
0
0
0
38
288
520
725
877
970
997
953
847
679
469
236
17
0
0
0
0
0
0
0
0
0
0
0
35
269
490
684
838
926
952
916
812
648
450
223
16
0
0
0
0
0
0
0
0
0
0
0
32
259
472
664
810
894
918
877
774
621
420
204
12
0
0
0
0
0
0
0
0
0
0
0
30
248
458
647
789
886
912
876
769
613
416
204
12
0
0
0
0
0
0
0
0
0
0
0
29
250
464
647
789
871
893
848
746
589
394
188
9
0
0
0
0
0
0
0
0
0
0
0
31
265
491
692
844
935
959
918
808
641
431
205
10
0
0
0
0
0
0
0
0
0
0
0
12
138
265
393
447
545
522
486
450
348
224
113
2
0
0
0
0
0
0
0
0
0
0
0
45
251
505
624
636
431
120
208
129
451
205
126
12
0
0
0
0
0
0
0
0
0
0
0
34
295
424
519
689
515
557
527
533
499
397
176
22
0
0
0
0
0
0
0
0
0
0
0
26
244
449
625
763
827
848
794
703
557
375
167
5
0
0
0
0
0
0
0
0
0
0
0
25
244
457
642
783
868
886
835
733
579
381
170
5
0
0
0
0
0
0
0
0
0
0
0
26
258
482
682
830
921
946
901
790
621
409
183
5
0
0
0
0
0
0
0
0
0
0
0
24
253
476
670
813
902
927
884
773
609
401
176
5
0
0
0
0
0
0
0
0
0
0
0
26
271
507
712
864
952
972
921
800
621
401
170
3
0
0
0
0
0
0
0
0
0
0
0
20
228
427
598
724
801
842
787
692
534
344
145
2
0
0
0
0
0
0
0
0
0
0
0
15
131
234
340
396
436
448
426
369
292
170
61
1
0
0
0
0
0
0
0
0
0
0
0
11
216
236
464
228
491
465
566
237
45
68
73
11
0
0
0
0
0
0
0
0
0
0
0
11
129
255
388
432
423
452
476
437
309
181
61
1
0
0
0
0
0
0
0
0
0
0
0
20
236
454
646
790
871
890
843
738
569
363
146
2
0
0
0
0
0
0
0
0
0
0
0
18
230
432
615
748
821
835
789
688
529
333
131
1
0
0
0
0
0
0
0
0
0
0
0
17
224
429
611
746
829
841
799
693
539
340
132
1
0
0
0
0
0
0
0
0
0
0
0
18
239
461
656
802
885
901
849
735
564
350
132
1
0
0
0
0
0
0
0
0
0
0
0
14
199
393
566
689
766
772
739
645
497
303
114
1
0
0
0
0
0
0
0
0
0
0
0
14
203
402
566
691
773
790
737
634
484
300
109
0
0
0
0
0
0
0
0
0
0
0
0
16
234
461
660
809
894
909
856
735
558
340
121
0
0
0
0
0
0
0
0
0
0
0
0
15
229
452
648
794
878
894
841
723
549
334
117
0
0
0
0
0
0
0
0
0
0
0
0
11
186
378
554
671
740
762
716
622
475
288
103
0
0
0
0
0
0
0
0
0
0
0
0
11
183
375
550
694
766
777
732
627
477
278
91
0
0
0
0
0
0
0
0
0
0
0
0
11
199
401
581
723
800
822
763
653
489
289
93
0
0
0
0
0
0
0
0
0
0
0
0
9
177
339
518
629
691
734
642
585
419
255
75
0
0
0
0
0
0
0
0
0
0
0
0
11
195
387
539
664
730
709
691
583
439
258
76
0
0
0
0
0
0
0
0
0
0
0
0
4
192
434
534
676
678
626
420
409
326
160
33
0
0
0
0
0
0
0
0
0
0
0
0
3
108
211
377
421
463
484
532
388
304
141
40
0
0
0
0
0
0
0
0
0
0
0
0
10
207
429
625
769
854
869
809
689
508
291
83
0
0
0
0
0
0
0
0
0
0
0
0
9
199
419
615
763
845
859
801
675
496
281
38
0
0
0
0
0
0
0
0
0
0
0
0
9
201
415
605
746
822
835
777
655
482
274
35
0
0
0
0
0
0
0
0
0
0
0
0
8
189
388
562
690
766
784
736
616
454
261
32
0
0
0
0
0
0
0
0
0
0
0
0
6
167
351
523
631
701
723
676
584
418
247
31
0
0
0
0
0
0
0
0
0
0
0
0
7
189
403
588
729
809
819
760
640
465
255
27
0
0
0
0
0
0
0
0
0
0
0
0
3
129
269
449
568
633
641
615
560
408
170
5
0
0
0
0
0
0
0
0
0
0
0
0
5
105
199
309
397
391
390
365
293
215
109
5
0
0
0
0
0
0
0
0
0
0
0
0
2
87
198
270
329
350
366
358
296
212
112
11
0
0
0
0
0
0
0
0
0
0
0
0
6
180
393
586
729
806
818
760
634
456
244
22
0
0
0
0
0
0
0
0
0
0
0
0
5
167
371
548
680
758
778
725
604
435
236
21
0
0
0
0
0
0
0
0
0
0
0
0
5
144
366
626
778
863
792
732
669
483
255
42
0
0
0
0
0
0
0
0
0
0
0
0
4
156
337
496
620
694
720
653
520
370
184
14
0
0
0
0
0
0
0
0
0
0
0
0
2
83
214
293
399
449
450
420
280
187
99
4
0
0
0
0
0
0
0
0
0
0
0
0
1
92
183
241
339
353
469
431
340
253
123
15
0
0
0
0
0
0
0
0
0
0
0
0
3
151
355
527
654
736
740
685
560
391
194
9
0
0
0
0
0
0
0
0
0
0
0
0
3
155
362
553
690
772
781
722
597
419
211
12
0
0
0
0
0
0
0
0
0
0
0
0
3
157
370
562
708
787
791
729
597
416
205
10
0
0
0
0
0
0
0
0
0
0
0
0
2
150
351
535
670
747
759
699
578
403
197
9
0
0
0
0
0
0
0
0
0
0
0
0
2
142
338
509
624
696
701
621
518
356
171
6
0
0
0
0
0
0
0
0
0
0
0
0
2
148
355
542
680
755
766
700
576
399
194
8
0
0
0
0
0
0
0
0
0
0
0
0
2
147
356
545
683
758
762
700
574
397
190
7
0
0
0
0
0
0
0
0
0
0
0
0
2
141
343
526
664
734
745
685
559
387
182
6
0
0
0
0
0
0
0
0
0
0
0
0
1
67
168
237
319
390
385
314
253
187
82
2
0
0
0
0
0
0
0
0
0
0
0
0
1
125
313
489
619
693
706
649
532
368
171
7
0
0
0
0
0
0
0
0
0
0
0
0
1
101
257
401
511
576
578
524
431
286
122
2
0
0
0
0
0
0
0
0
0
0
0
0
1
128
329
515
652
727
735
679
553
375
170
5
0
0
0
0
0
0
0
0
0
0
0
0
1
126
326
515
658
739
749
689
566
386
179
6
0
0
0
0
0
0
0
0
0
0
0
0
1
114
305
485
619
689
703
641
519
355
161
5
0
0
0
0
0
0
0
0
0
0
0
0
1
114
302
480
622
727
786
716
555
383
177
7
0
0
0
0
0
0
0
0
0
0
0
0
1
117
312
494
625
692
698
640
518
348
154
3
0
0
0
0
0
0
0
0
0
0
0
0
0
111
300
477
606
676
676
619
505
338
148
3
0
0
0
0
0
0
0
0
0
0
0
0
0
104
288
456
576
649
654
609
498
332
150
3
0
0
0
0
0
0
0
0
0
0
0
0
0
110
305
477
598
665
663
620
511
345
151
2
0
0
0
0
0
0
0
0
0
0
0
0
0
104
289
463
597
668
676
621
500
332
141
2
0
0
0
0
0
0
0
0
0
0
0
0
0
90
258
417
542
602
593
537
431
278
116
1
0
0
0
0
0
0
0
0
0
0
0
0
0
86
252
418
534
617
641
588
476
317
136
3
0
0
0
0
0
0
0
0
0
0
0
0
0
47
170
234
322
378
365
313
257
171
69
1
0
0
0
0
0
0
0
0
0
0
0
0
0
68
205
311
390
467
447
401
315
198
79
1
0
0
0
0
0
0
0
0
0
0
0
0
0
68
100
139
303
293
383
424
58
136
105
1
0
0
0
0
0
0
0
0
0
0
0
0
0
71
218
349
464
513
514
459
372
242
98
1
0
0
0
0
0
0
0
0
0
0
0
0
0
88
277
456
586
661
670
611
493
324
131
1
0
0
0
0
0
0
0
0
0
0
0
0
0
85
273
453
587
662
677
618
501
331
135
1
0
0
0
0
0
0
0
0
0
0
0
0
0
85
275
455
591
665
676
617
496
326
131
1
0
0
0
0
0
0
0
0
0
0
0
0
0
77
255
430
553
628
637
579
464
304
122
1
0
0
0
0
0
0
0
0
0
0
0
0
0
68
237
395
525
570
591
532
429
289
113
1
0
0
0
0
0
0
0
0
0
0
0
0
0
34
238
403
525
597
605
550
438
283
110
0
0
0
0
0
0
0
0
0
0
0
0
0
0
24
198
336
471
554
576
540
426
273
111
1
0
0
0
0
0
0
0
0
0
0
0
0
0
23
194
316
471
559
548
484
355
255
110
1
0
0
0
0
0
0
0
0
0
0
0
0
0
27
208
348
484
524
520
507
410
249
98
1
0
0
0
0
0
0
0
0
0
0
0
0
0
28
238
415
549
625
637
585
471
303
118
1
0
0
0
0
0
0
0
0
0
0
0
0
0
27
229
394
519
594
608
558
445
291
114
1
0
0
0
0
0
0
0
0
0
0
0
0
0
26
228
396
522
594
607
560
453
298
118
1
0
0
0
0
0
0
0
0
0
0
0
0
0
7
65
90
116
298
596
353
178
99
118
0
0
0
0
0
0
0
0
0
0
0
0
0
0
9
136
276
290
266
299
195
262
295
124
4
0
0
0
0
0
0
0
0
0
0
0
0
0
4
51
89
124
144
144
135
109
73
27
0
0
0
0
0
0
0
0
0
0
0
0
0
0
21
225
405
543
624
637
583
466
300
114
0
0
0
0
0
0
0
0
0
0
0
0
0
0
10
135
286
376
461
387
345
295
266
121
2
0
0
0
0
0
0
0
0
0
0
0
0
0
17
202
352
471
540
551
522
402
260
103
0
0
0
0
0
0
0
0
0
0
0
0
0
0
4
51
94
128
122
145
127
109
66
17
0
0
0
0
0
0
0
0
0
0
0
0
0
0
4
47
94
115
143
144
123
117
77
26
0
0
0
0
0
0
0
0
0
0
0
0
0
0
15
201
373
507
585
599
548
438
279
104
0
0
0
0
0
0
0
0
0
0
0
0
0
0
12
157
258
425
458
452
488
357
209
76
1
0
0
0
0
0
0
0
0
0
0
0
0
0
15
209
388
525
605
620
567
456
294
111
0
0
0
0
0
0
0
0
0
0
0
0
0
0
14
202
379
517
596
616
569
459
297
113
0
0
0
0
0
0
0
0
0
0
0
0
0
0
13
209
392
535
618
635
583
469
302
114
0
0
0
0
0
0
0
0
0
0
0
0
0
0
7
148
280
395
496
509
441
366
238
102
1
0
0
0
0
0
0
0
0
0
0
0
0
0
3
72
203
280
274
307
320
211
121
56
0
0
0
0
0
0
0
0
0
0
0
0
0
0
11
155
270
397
431
474
482
404
233
102
0
0
0
0
0
0
0
0
0
0
0
0
0
0
10
33
30
274
278
351
289
327
225
62
2
0
0
0
0
0
0
0
0
0
0
0
0
0
8
151
217
378
481
591
418
308
116
9
0
0
0
0
0
0
0
0
0
0
0
0
0
0
9
172
337
466
544
562
519
418
270
102
0
0
0
0
0
0
0
0
0
0
0
0
0
0
7
156
310
434
507
523
481
385
248
94
0
0
0
0
0
0
0
0
0
0
0
0
0
0
8
178
356
500
588
607
566
456
294
113
1
0
0
0
0
0
0
0
0
0
0
0
0
0
8
175
351
492
576
597
551
444
289
111
0
0
0
0
0
0
0
0
0
0
0
0
0
0
8
173
350
490
575
595
548
442
285
110
0
0
0
0
0
0
0
0
0
0
0
0
0
0
7
155
317
443
524
553
497
410
264
105
1
0
0
0
0
0
0
0
0
0
0
0
0
0
7
172
350
492
578
601
561
454
297
117
1
0
0
0
0
0
0
0
0
0
0
0
0
0
6
167
344
487
572
591
547
442
285
111
0
0
0
0
0
0
0
0
0
0
0
0
0
0
6
167
343
485
567
585
539
438
285
113
1
0
0
0
0
0
0
0
0
0
0
0
0
0
6
160
329
470
551
571
533
436
285
114
1
0
0
0
0
0
0
0
0
0
0
0
0
0
5
158
325
465
553
577
535
436
287
115
1
0
0
0
0
0
0
0
0
0
0
0
0
0
4
132
276
398
471
483
437
365
242
95
1
0
0
0
0
0
0
0
0
0
0
0
0
0
2
22
46
61
62
54
405
329
220
87
1
0
0
0
0
0
0
0
0
0
0
0
0
0
5
155
323
465
551
580
542
437
290
120
1
0
0
0
0
0
0
0
0
0
0
0
0
0
5
163
343
489
581
608
571
466
311
128
1
0
0
0
0
0
0
0
0
0
0
0
0
0
5
158
336
483
576
607
570
469
315
132
2
0
0
0
0
0
0
0
0
0
0
0
0
0
5
157
336
484
575
603
564
461
309
130
2
0
0
0
0
0
0
0
0
0
0
0
0
0
5
154
328
473
557
584
550
456
305
128
2
0
0
0
0
0
0