0
0
0
0
0
0
0
1
91
221
336
431
453
445
376
272
130
5
0
0
0
0
0
0
0
0
0
0
0
0
0
2
129
296
440
519
568
532
454
326
159
7
0
0
0
0
0
0
0
0
0
0
0
0
0
2
150
346
511
618
656
626
531
375
185
6
0
0
0
0
0
0
0
0
0
0
0
0
0
2
137
315
466
571
610
587
496
352
177
8
0
0
0
0
0
0
0
0
0
0
0
0
0
1
103
256
385
374
444
404
419
273
124
2
0
0
0
0
0
0
0
0
0
0
0
0
0
2
138
321
484
594
635
614
526
379
192
11
0
0
0
0
0
0
0
0
0
0
0
0
0
2
141
328
491
601
646
621
531
382
195
10
0
0
0
0
0
0
0
0
0
0
0
0
0
2
134
315
469
573
616
589
505
363
186
10
0
0
0
0
0
0
0
0
0
0
0
0
0
2
131
300
438
517
554
537
459
346
181
12
0
0
0
0
0
0
0
0
0
0
0
0
0
2
138
322
480
589
630
608
521
378
198
12
0
0
0
0
0
0
0
0
0
0
0
0
0
2
139
327
491
601
650
627
540
392
205
14
0
0
0
0
0
0
0
0
0
0
0
0
0
2
111
271
413
513
558
537
447
339
176
10
0
0
0
0
0
0
0
0
0
0
0
0
0
2
135
317
474
579
621
597
516
367
189
11
0
0
0
0
0
0
0
0
0
0
0
0
0
2
132
320
451
519
556
543
467
341
188
13
0
0
0
0
0
0
0
0
0
0
0
0
0
1
111
283
409
516
541
565
480
353
198
17
0
0
0
0
0
0
0
0
0
0
0
0
0
1
68
167
287
317
325
338
278
185
93
4
0
0
0
0
0
0
0
0
0
0
0
0
0
2
124
294
430
501
559
532
496
343
172
11
0
0
0
0
0
0
0
0
0
0
0
0
0
2
137
318
482
591
636
614
542
403
221
22
0
0
0
0
0
0
0
0
0
0
0
0
0
2
112
268
420
516
544
543
455
303
166
18
0
0
0
0
0
0
0
0
0
0
0
0
0
3
144
339
407
409
369
452
460
372
160
13
0
0
0
0
0
0
0
0
0
0
0
0
0
3
152
353
526
640
689
665
574
423
233
21
0
0
0
0
0
0
0
0
0
0
0
0
0
3
153
350
522
639
691
674
583
438
247
27
0
0
0
0
0
0
0
0
0
0
0
0
0
3
152
344
508
618
663
644
563
423
243
26
0
0
0
0
0
0
0
0
0
0
0
0
0
3
154
348
512
626
678
666
583
438
251
29
0
0
0
0
0
0
0
0
0
0
0
0
0
3
147
335
496
610
661
638
544
410
233
26
0
0
0
0
0
0
0
0
0
0
0
0
0
3
158
357
531
650
701
680
596
449
259
33
0
0
0
0
0
0
0
0
0
0
0
0
0
4
154
347
514
631
684
669
588
444
255
34
0
0
0
0
0
0
0
0
0
0
0
0
0
4
154
345
514
628
682
657
570
429
249
34
0
0
0
0
0
0
0
0
0
0
0
0
0
4
158
352
522
635
680
664
571
426
245
31
0
0
0
0
0
0
0
0
0
0
0
0
0
4
161
357
528
647
701
686
597
450
262
36
0
0
0
0
0
0
0
0
0
0
0
0
0
5
153
397
587
536
561
460
236
157
70
7
0
0
0
0
0
0
0
0
0
0
0
0
0
4
137
300
405
528
566
577
498
415
246
60
0
0
0
0
0
0
0
0
0
0
0
0
0
6
134
301
436
518
629
591
521
392
244
69
0
0
0
0
0
0
0
0
0
0
0
0
0
5
164
360
526
640
692
680
599
457
269
84
0
0
0
0
0
0
0
0
0
0
0
0
0
2
73
164
252
350
364
379
302
224
123
39
0
0
0
0
0
0
0
0
0
0
0
0
0
2
103
155
45
156
370
562
491
218
46
8
0
0
0
0
0
0
0
0
0
0
0
0
0
4
142
300
475
602
673
635
532
383
237
79
0
0
0
0
0
0
0
0
0
0
0
0
0
8
153
335
490
558
535
594
523
374
236
78
0
0
0
0
0
0
0
0
0
0
0
0
0
6
140
279
446
492
627
548
454
352
207
73
0
0
0
0
0
0
0
0
0
0
0
0
0
6
150
311
439
467
417
497
577
525
319
106
0
0
0
0
0
0
0
0
0
0
0
0
0
7
169
352
522
635
682
664
569
443
270
97
0
0
0
0
0
0
0
0
0
0
0
0
0
2
114
337
389
538
559
574
441
339
211
84
0
0
0
0
0
0
0
0
0
0
0
0
0
9
198
404
584
709
763
747
661
512
318
113
0
0
0
0
0
0
0
0
0
0
0
0
0
9
182
370
530
635
699
691
611
481
300
109
0
0
0
0
0
0
0
0
0
0
0
0
0
10
190
382
557
664
727
703
632
496
317
118
1
0
0
0
0
0
0
0
0
0
0
0
0
9
163
331
472
567
611
602
538
417
260
97
0
0
0
0
0
0
0
0
0
0
0
0
0
13
213
419
584
692
743
731
645
510
326
123
1
0
0
0
0
0
0
0
0
0
0
0
0
13
207
402
562
677
723
706
629
493
313
119
1
0
0
0
0
0
0
0
0
0
0
0
0
14
212
410
576
691
747
724
640
494
315
120
1
0
0
0
0
0
0
0
0
0
0
0
0
16
228
438
612
731
781
764
678
534
341
132
1
0
0
0
0
0
0
0
0
0
0
0
0
17
238
454
637
761
816
798
707
556
357
141
1
0
0
0
0
0
0
0
0
0
0
0
0
8
111
221
317
390
410
414
384
292
173
79
1
0
0
0
0
0
0
0
0
0
0
0
0
4
81
144
204
271
262
258
228
191
117
47
1
0
0
0
0
0
0
0
0
0
0
0
0
16
180
329
464
564
601
595
515
400
260
101
1
0
0
0
0
0
0
0
0
0
0
0
0
20
220
414
577
676
697
690
632
507
331
136
2
0
0
0
0
0
0
0
0
0
0
0
0
21
230
421
598
710
751
711
631
488
319
127
1
0
0
0
0
0
0
0
0
0
0
0
0
23
225
429
580
674
727
729
655
514
321
131
2
0
0
0
0
0
0
0
0
0
0
0
0
25
241
446
622
739
793
776
693
548
355
147
2
0
0
0
0
0
0
0
0
0
0
0
0
27
242
446
618
734
783
763
683
551
360
154
4
0
0
0
0
0
0
0
0
0
0
0
0
28
252
459
637
759
817
801
716
572
375
162
4
0
0
0
0
0
0
0
0
0
0
0
0
29
245
445
597
699
726
692
648
511
325
138
1
0
0
0
0
0
0
0
0
0
0
0
0
18
186
398
578
542
564
496
463
494
335
189
10
0
0
0
0
0
0
0
0
0
0
0
0
27
212
369
499
602
641
654
586
456
292
119
1
0
0
0
0
0
0
0
0
0
0
0
0
14
145
245
364
383
416
397
337
244
170
59
2
0
0
0
0
0
0
0
0
0
0
0
0
66
233
414
578
699
755
733
650
497
330
147
4
0
0
0
0
0
0
0
0
0
0
0
0
81
280
482
652
774
822
809
729
593
399
179
6
0
0
0
0
0
0
0
0
0
0
0
0
92
305
524
703
820
873
859
770
618
419
193
7
0
0
0
0
0
0
0
0
0
0
0
0
97
316
537
716
837
891
872
785
628
425
196
6
0
0
0
0
0
0
0
0
0
0
0
0
91
289
469
599
689
737
704
640
512
343
156
2
0
0
0
0
0
0
0
0
0
0
0
0
90
277
466
623
724
747
748
685
540
370
179
9
0
0
0
0
0
0
0
0
0
0
0
0
105
319
532
711
827
871
846
755
607
410
189
6
0
0
0
0
0
0
0
0
0
0
0
0
111
327
545
723
843
890
873
783
631
433
206
9
0
0
0
0
0
0
0
0
0
0
0
0
105
308
517
673
782
853
832
773
621
410
188
9
0
0
0
0
0
0
0
0
0
0
0
0
102
274
460
636
759
757
715
620
511
368
177
9
0
0
0
0
0
0
0
0
0
0
0
0
122
347
570
750
872
918
895
799
637
431
202
7
0
0
0
0
0
0
0
0
0
0
0
1
129
356
578
761
877
928
905
805
645
435
206
8
0
0
0
0
0
0
0
0
0
0
0
1
113
298
464
614
732
768
772
688
586
402
193
11
0
0
0
0
0
0
0
0
0
0
0
1
55
150
229
299
322
340
315
304
225
143
71
3
0
0
0
0
0
0
0
0
0
0
0
1
124
319
511
676
799
839
817
730
590
400
201
12
0
0
0
0
0
0
0
0
0
0
0
1
144
373
598
779
895
945
922
825
665
457
225
12
0
0
0
0
0
0
0
0
0
0
0
2
138
348
547
711
799
843
812
739
601
411
203
10
0
0
0
0
0
0
0
0
0
0
0
2
155
387
609
784
902
949
927
833
677
465
230
14
0
0
0
0
0
0
0
0
0
0
0
2
149
370
586
755
871
918
902
808
657
455
228
16
0
0
0
0
0
0
0
0
0
0
0
3
157
382
601
772
882
924
900
810
652
453
226
14
0
0
0
0
0
0
0
0
0
0
0
2
135
339
532
662
743
849
809
682
531
363
177
9
0
0
0
0
0
0
0
0
0
0
0
3
153
363
568
736
849
904
882
795
648
453
232
19
0
0
0
0
0
0
0
0
0
0
0
4
152
361
552
706
822
878
840
746
592
409
197
10
0
0
0
0
0
0
0
0
0
0
0
4
169
395
613
786
900
947
922
829
665
459
230
16
0
0
0
0
0
0
0
0
0
0
0
5
182
414
634
811
926
973
948
852
693
482
247
20
0
0
0
0
0
0
0
0
0
0
0
2
114
243
410
569
619
605
623
594
484
356
193
17
0
0
0
0
0
0
0
0
0
0
0
6
171
377
569
713
822
873
850
760
620
437
226
18
0
0
0
0
0
0
0
0
0
0
0
7
118
156
411
622
674
645
663
670
404
167
21
9
0
0
0
0
0
0
0
0
0
0
0
5
163
361
541
695
795
835
820
743
591
416
225
19
0
0
0
0
0
0
0
0
0
0
0
10
140
231
342
467
586
606
544
529
415
296
124
5
0
0
0
0
0
0
0
0
0
0
0
10
243
501
753
927
483
468
465
432
361
248
115
16
0
0
0
0
0
0
0
0
0
0
0
18
199
448
568
710
682
644
653
518
361
332
190
8
0
0
0
0
0
0
0
0
0
0
0
3
102
238
317
400
590
653
574
635
445
308
215
62
0
0
0
0
0
0
0
0
0
0
0
12
205
419
623
779
876
916
896
797
647
455
235
22
0
0
0
0
0
0
0
0
0
0
0
13
211
428
627
785
889
931
896
806
657
467
251
26
0
0
0
0
0
0
0
0
0
0
0
13
179
374
543
628
665
722
632
557
477
335
148
5
0
0
0
0
0
0
0
0
0
0
0
17
230
457
664
829
932
971
940
841
690
490
264
29
0
0
0
0
0
0
0
0
0
0
0
18
228
445
644
796
901
936
907
814
663
477
256
28
0
0
0
0
0
0
0
0
0
0
0
17
210
412
608
752
840
887
873
812
663
480
264
35
0
0
0
0
0
0
0
0
0
0
0
22
256
497
714
883
987
1019
986
885
721
507
269
28
0
0
0
0
0
0
0
0
0
0
0
23
246
477
687
845
947
982
949
854
697
492
264
30
0
0
0
0
0
0
0
0
0
0
0
23
245
472
676
834
936
974
945
843
689
488
264
31
0
0
0
0
0
0
0
0
0
0
0
26
253
479
690
849
952
990
959
862
705
503
273
34
0
0
0
0
0
0
0
0
0
0
0
28
267
504
716
885
988
1023
988
888
722
515
279
34
0
0
0
0
0
0
0
0
0
0
0
29
252
476
681
843
945
984
961
869
719
514
283
42
0
0
0
0
0
0
0
0
0
0
0
31
263
487
687
845
944
987
955
861
705
506
279
39
0
0
0
0
0
0
0
0
0
0
0
30
251
465
655
792
888
912
873
788
651
471
252
69
0
0
0
0
0
0
0
0
0
0
0
30
244
450
642
791
892
934
898
815
670
479
265
75
0
0
0
0
0
0
0
0
0
0
0
67
255
468
658
797
892
924
908
805
668
485
268
77
0
0
0
0
0
0
0
0
0
0
0
72
262
479
672
827
922
950
924
832
683
488
273
78
0
0
0
0
0
0
0
0
0
0
0
78
277
498
703
862
964
1005
974
878
725
524
298
88
0
0
0
0
0
0
0
0
0
0
0
77
272
485
684
836
938
968
940
846
694
502
281
84
0
0
0
0
0
0
0
0
0
0
0
80
275
495
690
838
934
966
932
839
683
491
273
82
0
0
0
0
0
0
0
0
0
0
0
70
247
463
652
776
896
914
859
754
622
446
241
73
0
0
0
0
0
0
0
0
0
0
0
78
256
469
629
749
854
908
880
782
628
447
250
79
0
0
0
0
0
0
0
0
0
0
0
54
178
350
469
586
728
817
842
871
411
311
233
64
0
0
0
0
0
0
0
0
0
0
0
103
310
579
806
916
652
602
610
523
424
256
144
47
0
0
0
0
0
0
0
0
0
0
0
67
221
384
500
751
820
902
790
735
514
349
174
37
0
0
0
0
0
0
0
0
0
0
0
104
319
553
762
921
1017
1049
1013
915
751
545
313
99
0
0
0
0
0
0
0
0
0
0
0
100
303
525
723
872
968
1009
986
891
745
548
321
107
0
0
0
0
0
0
0
0
0
0
0
103
310
535
734
887
982
1014
980
883
729
530
306
100
0
0
0
0
0
0
0
0
0
0
0
100
294
503
688
829
918
948
916
826
683
497
289
96
0
0
0
0
0
0
0
0
0
0
1
90
208
390
536
595
815
883
734
607
587
407
276
106
1
0
0
0
0
0
0
0
0
0
0
9
72
223
614
419
288
299
541
659
728
491
244
113
4
0
0
0
0
0
0
0
0
0
1
106
306
518
714
851
953
977
936
845
699
508
298
102
0
0
0
0
0
0
0
0
0
0
1
104
300
504
688
828
920
947
916
836
700
513
298
100
0
0
0
0
0
0
0
0
0
0
0
113
309
534
707
870
547
573
534
538
476
358
211
77
1
0
0
0
0
0
0
0
0
0
2
101
227
370
573
684
648
522
423
414
236
229
96
10
0
0
0
0
0
0
0
0
0
0
1
130
338
574
825
930
420
498
543
481
373
264
144
50
0
0
0
0
0
0
0
0
0
0
1
124
338
562
765
919
1014
1048
1011
914
756
556
327
116
1
0
0
0
0
0
0
0
0
0
1
122
333
555
752
904
998
1029
995
902
747
547
323
116
1
0
0
0
0
0
0
0
0
0
1
117
313
523
708
848
936
965
931
845
700
513
303
111
1
0
0
0
0
0
0
0
0
0
1
78
211
353
435
546
582
689
682
606
456
320
186
75
1
0
0
0
0
0
0
0
0
0
4
57
159
207
80
75
143
464
615
858
620
474
352
125
8
0
0
0
0
0
0
0
0
0
2
94
232
444
617
797
940
837
803
641
499
392
268
93
1
0
0
0
0
0
0
0
0
0
2
142
364
594
796
950
1044
1075
1037
936
779
574
347
130
1
0
0
0
0
0
0
0
0
0
2
130
335
550
737
876
956
984
953
865
721
534
323
122
1
0
0
0
0
0
0
0
0
0
2
132
339
558
750
894
982
1015
985
892
743
548
332
125
1
0
0
0
0
0
0
0
0
0
2
136
347
565
758
898
985
1023
986
886
736
541
324
121
1
0
0
0
0
0
0
0
0
0
2
142
358
580
773
923
1018
1051
1014
917
763
566
347
135
2
0
0
0
0
0
0
0
0
0
2
135
342
550
747
889
982
1009
974
878
734
550
340
136
2
0
0
0
0
0
0
0
0
0
2
137
336
545
721
858
946
982
957
877
741
555
345
141
3
0
0
0
0
0
0
0
0
0
3
141
348
558
748
892
980
1000
974
887
738
552
337
135
2
0
0
0
0
0
0
0
0
0
2
128
317
511
693
823
922
964
935
854
719
531
334
136
4
0
0
0
0
0
0
0
0
0
3
136
339
552
735
875
959
987
960
870
725
540
334
132
2
0
0
0
0
0
0
0
0
0
3
128
314
514
694
817
891
932
902
818
671
504
304
117
1
0
0
0
0
0
0
0
0
0
3
135
337
546
732
877
960
988
957
872
727
548
338
138
3
0
0
0
0
0
0
0
0
0
3
142
352
571
767
914
1003
1024
984
885
735
541
326
127
1
0
0
0
0
0
0
0
0
0
3
140
343
555
746
897
989
1024
997
911
761
573
360
149
4
0
0
0
0
0
0
0
0
0
3
139
343
557
746
889
981
1014
982
894
751
566
352
146
4
0
0
0
0
0
0
0
0
0
3
134
332
533
707
848
923
956
924
835
695
523
318
128
2
0
0
0
0
0
0
0
0
0
3
135
331
535
706
836
925
966
929
839
697
527
329
134
3
0
0
0
0
0
0
0
0
0
3
134
332
542
726
869
963
1005
975
888
753
571
359
155
6
0
0
0
0
0
0
0
0
0
3
126
299
485
677
805
864
901
842
781
646
479
288
113
1
0
0
0
0
0
0
0
0
0
2
107
249
409
549
668
708
748
717
659
541
408
243
106
2
0
0
0
0
0
0
0
0
0
2
101
259
416
532
646
702
706
677
585
472
345
200
81
1
0
0
0
0
0
0
0
0
0
4
145
353
569
756
899
992
1023
996
908
768
581
367
157
5
0
0
0
0
0
0
0
0
0
3
129
315
515
692
832
925
952
933
863
717
542
345
150
6
0
0
0
0
0
0
0
0
0
3
143
351
567
761
911
1006
1039
1011
922
779
586
370
159
6
0
0
0
0
0
0
0
0
0
3
139
333
537
715
853
935
963
923
844
705
534
337
140
3
0
0
0
0
0
0
0
0
0
3
127
312
477
628
752
815
847
800
705
600
449
277
116
2
0
0
0
0
0
0
0
0
0
3
117
275
443
594
706
758
797
763
689
488
334
203
93
2
0
0
0
0
0
0
0
0
0
3
132
322
525
702
845
936
975
964
888
755
579
371
166
9
0
0
0
0
0
0
0
0
0
4
145
353
568
759
906
999
1030
996
908
765
579
366
158
5
0
0
0
0
0
0
0
0
0
3
139
343
560
749
893
983
1011
985
890
746
560
346
147
4
0
0
0
0
0
0
0
0
0
3
128
317
519
702
839
914
945
925
851
711
536
334
146
5
0
0
0
0
0
0
0
0
0
3
133
325
530
705
835
916
959
927
844
704
529
330
144
5
0
0
0
0
0
0
0
0
0
3
133
329
539
728
878
970
1013
980
902
761
578
369
162
7
0
0
0
0
0
0
0
0
0
3
128
320
526
708
857
947
986
956
877
742
558
356
159
8
0
0
0
0
0
0
0
0
0
3
125
316
525
701
835
916
938
935
852
719
549
346
154
7
0
0
0
0
0
0
0
0
0
1
147
368
603
813
949
516
558
523
439
271
218
137
50
2
0
0
0
0
0
0
0
0
0
3
130
323
527
713
851
939
977
946
862
729
549
351
156
6
0
0
0
0
0
0
0
0
0
3
124
312
482
644
764
802
876
877
796
680
534
336
156
11
0
0
0
0
0
0
0
0
0
3
130
329
542
731
881
981
1020
999
914
775
592
378
168
8
0
0
0
0
0
0
0
0
0
3
131
333
547
736
885
982
1011
989
906
762
583
369
163
7
0
0
0
0
0
0
0
0
0
2
125
319
519
706
854
951
995
979
892
757
580
377
169
9
0
0
0
0
0
0
0
0
0
2
110
291
441
608
745
762
833
760
702
580
392
243
115
2
0
0
0
0
0
0
0
0
0
2
128
327
543
732
883
973
1004
978
890
747
558
351
152
4
0
0
0
0
0
0
0
0
0
2
122
315
523
712
863
964
1002
984
901
772
592
379
171
9
0
0
0
0
0
0
0
0
0
2
124
319
525
710
854
955
987
965
877
738
550
345
150
4
0
0
0
0
0
0
0
0
0
2
110
292
482
657
785
880
909
899
822
692
551
342
150
7
0
0
0
0
0
0
0
0
0
2
123
321
530
724
868
969
1010
989
903
759
574
366
161
7
0
0
0
0
0
0
0
0
0
2
131
340
561
759
912
1015
1053
1026
941
796
608
390
174
7
0
0
0
0
0
0
0
0
0
2
129
337
556
752
903
1006
1042
1019
932
787
600
386
173
7
0
0
0
0
0
0
0
0
0
2
127
330
545
736
889
987
1028
1005
921
785
602
391
176
8
0
0
0
0
0
0
0
0
0
1
116
309
509
689
820
894
924
906
838
708
539
341
150
5
0
0
0
0
0
0
0
0
0
1
101
275
479
603
751
831
852
858
758
636
467
284
126
4
0
0
0
0
0
0
0
0
0
1
119
322
570
784
931
532
562
546
474
404
300
185
85
2
0
0
0
0
0
0
0
0
0
1
114
313
531
726
882
977
1019
992
902
764
581
369
161
7
0
0
0
0
0
0
0
0
0
1
106
292
496
669
824
919
941
933
847
716
542
344
152
6
0
0
0
0
0
0
0
0
0
1
106
298
508
695
848
950
987
971
890
760
577
369
163
7
0
0
0
0
0
0
0
0
0
1
102
280
467
651
800
888
931
912
829
702
525
332
147
6
0
0
0
0
0
0
0
0
0
1
105
294
504
695
849
942
977
936
864
728
552
345
146
4
0
0
0
0
0
0
0
0
0
1
98
282
493
672
813
890
934
922
843
718
535
333
141
5
0
0
0
0
0
0
0
0
0
1
94
274
481
643
791
888
925
893
818
691
512
324
136
5
0
0
0
0
0
0
0
0
0
0
85
257
342
539
774
811
716
792
631
636
565
367
157
18
0
0
0
0
0
0
0
0
0
1
101
294
508
700
851
954
991
962
874
737
554
347
146
4
0
0
0
0
0
0
0
0
0
0
99
289
502
691
837
932
973
938
857
732
555
345
145
5
0
0
0
0
0
0
0
0
0
0
98
288
495
683
827
922
963
927
829
694
520
322
136
3
0
0
0
0
0
0
0
0
0
0
99
294
504
698
853
950
986
960
876
742
560
353
149
4
0
0
0
0
0
0
0
0
0
0
95
283
491
676
835
936
985
960
875
745
562
357
150
5
0
0
0
0
0
0
0
0
0
0
97
292
510
711
860
959
997
972
887
738
555
342
139
2
0
0
0
0
0
0
0
0
0
0
87
273
490
694
834
921
961
952
855
721
533
327
132
2
0
0
0
0
0
0
0
0
0
0
93
284
501
688
846
946
980
973
883
731
552
338
132
1
0
0
0
0
0
0
0
0
0
0
83
259
461
656
804
893
929
909
827
696
522
315
124
2
0
0
0
0
0
0
0
0
0
0
73
229
397
580
724
874
875
859
809
653
481
290
109
1
0
0
0
0
0
0
0
0
0
0
82
258
467
660
815
912
955
931
846
718
541
331
135
3
0
0
0
0
0
0
0
0
0
0
89
285
504
709
866
973
1019
999
916
774
579
355
142
3
0
0
0
0
0
0
0
0
0
0
84
272
486
679
828
927
966
942
859
721
541
334
131
2
0
0
0
0
0
0
0
0
0
0
81
262
464
652
795
899
914
900
814
697
520
317
121
2
0
0
0
0
0
0
0
0
0
0
83
270
490
683
833
939
978
955
874
731
543
330
129
2
0
0
0
0
0
0
0
0
0
0
79
259
460
654
804
907
941
917
836
702
514
310
118
1
0
0
0
0
0
0
0
0
0
0
76
258
469
658
811
916
953
935
845
711
526
311
120
1
0
0
0
0
0
0
0
0
0
0
73
248
454
648
803
901
940
911
833
697
521
314
118
1
0
0
0
0
0
0
0
0
0
0
70
247
447
643
789
888
932
903
823
685
502
296
107
1
0
0
0
0
0
0
0
0
0
0
74
252
457
641
794
882
926
901
815
689
510
308
113
1
0
0
0
0
0
0
0
0
0
0
67
243
441
615
773
881
930
910
826
681
512
314
116
2
0
0
0
0
0
0
0
0
0
0
71
256
472
665
826
931
971
951
870
725
537
324
118
1
0
0
0
0
0
0
0
0
0
0
64
234
445
648
781
869
902
891
814
683
509
306
109
1
0
0
0
0
0
0
0
0
0
0
68
255
473
671
829
935
975
945
860
712
517
306
107
1
0
0
0
0
0
0
0
0
0
0
62
233
435
619
769
853
900
875
782
654
479
283
96
0
0
0
0
0
0
0
0
0
0
0
30
235
438
624
773
869
906
880
796
660
479
280
96
0
0
0
0
0
0
0
0
0
0
0
31
241
454
649
792
903
931
898
814
677
495
290
99
0
0
0
0
0
0
0
0
0
0
0
30
240
446
641
804
899
957
936
855
711
517
300
100
0
0
0
0
0
0
0
0
0
0
0
30
247
462
661
818
927
971
950
875
730
535
311
104
0
0
0
0
0
0
0
0
0
0
0
30
253
473
674
832
934
970
940
842
704
509
295
96
0
0
0
0
0
0
0
0
0
0
0
28
245
461
655
807
908
942
915
833
695
505
290
93
0
0
0
0
0
0
0
0
0
0
0
28
243
455
651
808
905
939
914
824
683
494
281
88
0
0
0
0
0
0
0
0
0
0
0
6
154
182
329
418
603
853
330
218
62
45
62
36
0
0
0
0
0
0
0
0
0
0
0
25
236
457
658
817
914
946
919
829
683
488
270
80
0
0
0
0
0
0
0
0
0
0
0
24
229
441
632
778
869
919
893
788
653
464
258
76
0
0
0
0
0
0
0
0
0
0
0
23
235
456
658
807
900
919
897
800
650
463
256
73
0
0
0
0
0
0
0
0
0
0
0
21
221
427
620
773
869
884
855
751
625
447
248
72
0
0
0
0
0
0
0
0
0
0
0
21
221
435
622
768
854
901
859
782
649
466
260
74
0
0
0
0
0
0
0
0
0
0
0
21
225
442
639
794
899
940
914
825
678
480
266
39
0
0
0
0
0
0
0
0
0
0
0
17
195
399
576
704
805
827
805
697
583
434
222
26
0
0
0
0
0
0
0
0
0
0
0
21
238
464
675
838
939
978
945
846
687
484
258
30
0
0
0
0
0
0
0
0
0
0
0
19
218
433
634
788
889
924
896
800
658
462
248
29
0
0
0
0
0
0
0
0
0
0
0
18
213
399
559
671
751
797
784
724
644
462
243
29
0
0
0
0
0
0
0
0
0
0
0
20
198
375
589
736
817
823
774
679
558
395
215
25
0
0
0
0
0
0
0
0
0
0
0
18
228
450
657
818
916
949
916
816
662
461
239
22
0
0
0
0
0
0
0
0
0
0
0
15
203
314
557
638
692
321
629
550
439
269
216
59
0
0
0
0
0
0
0
0
0
0
0
16
218
435
635
793
892
933
907
808
651
448
228
19
0
0
0
0
0
0
0
0
0
0
0
3
118
249
341
509
607
704
643
602
626
480
244
43
0
0
0
0
0
0
0
0
0
0
0
14
169
331
486
601
676
691
669
564
432
291
141
4
0
0
0
0
0
0
0
0
0
0
0
9
180
353
539
686
760
813
799
689
585
390
195
10
0
0
0
0
0
0
0
0
0
0
0
14
217
439
647
806
901
933
901
797
641
436
216
14
0
0
0
0
0
0
0
0
0
0
0
15
240
487
706
862
535
539
516
439
350
222
105
3
0
0
0
0
0
0
0
0
0
0
0
13
213
431
622
774
876
907
874
777
622
424
206
12
0
0
0
0
0
0
0
0
0
0
0
12
200
413
600
760
849
861
826
743
595
413
200
12
0
0
0
0
0
0
0
0
0
0
0
13
217
441
642
797
892
918
877
771
613
411
194
7
0
0
0
0
0
0
0
0
0
0
0
13
191
376
553
651
737
779
739
671
523
350
156
2
0
0
0
0
0
0
0
0
0
0
0
10
188
388
574
724
805
828
794
704
566
385
181
7
0
0
0
0
0
0
0
0
0
0
0
11
196
410
586
726
821
844
805
712
559
365
165
6
0
0
0
0
0
0
0
0
0
0
0
10
199
415
616
772
866
901
864
770
612
409
187
8
0
0
0
0
0
0
0
0
0
0
0
10
201
419
616
771
864
891
856
748
583
387
174
5
0
0
0
0
0
0
0
0
0
0
0
8
152
319
539
632
670
688
761
691
544
383
174
7
0
0
0
0
0
0
0
0
0
0
0
9
187
391
579
732
817
838
810
703
549
359
155
3
0
0
0
0
0
0
0
0
0
0
0
8
173
376
534
658
726
766
736
667
559
375
175
8
0
0
0
0
0
0
0
0
0
0
0
9
202
429
636
796
893
922
877
771
605
394
169
4
0
0
0
0
0
0
0
0
0
0
0
9
198
422
625
784
882
912
870
761
596
385
162
3
0
0
0
0
0
0
0
0
0
0
0
7
166
356
529
656
722
748
698
604
468
291
119
1
0
0
0
0
0
0
0
0
0
0
0
7
167
350
523
665
760
789
741
653
511
323
131
2
0
0
0
0
0
0
0
0
0
0
0
6
163
380
533
638
720
737
706
595
474
303
126
2
0
0
0
0
0
0
0
0
0
0
0
7
164
339
505
644
764
770
715
592
469
320
133
2
0
0
0
0
0
0
0
0
0
0
0
6
167
373
558
694
785
810
776
673
515
320
123
1
0
0
0
0
0
0
0
0
0
0
0
5
148
320
494
642
731
720
684
615
460
272
107
1
0
0
0
0
0
0
0
0
0
0
0
2
100
203
307
398
559
627
614
593
484
306
110
1
0
0
0
0
0
0
0
0
0
0
0
5
153
340
509
637
718
739
701
604
464
285
104
0
0
0
0
0
0
0
0
0
0
0
0
5
164
376
572
721
810
834
797
691
524
322
119
1
0
0
0
0
0
0
0
0
0
0
0
7
177
334
596
826
458
143
106
167
43
26
24
0
0
0
0
0
0
0
0
0
0
0
0
8
190
49
253
323
530
550
727
460
324
216
9
0
0
0
0
0
0
0
0
0
0
0
0
3
143
311
466
581
720
777
749
637
494
271
98
0
0
0
0
0
0
0
0
0
0
0
0
4
163
379
581
734
821
847
801
687
515
303
99
0
0
0
0
0
0
0
0
0
0
0
0
4
148
335
479
596
755
717
670
542
391
255
95
0
0
0
0
0
0
0
0
0
0
0
0
4
138
314
470
621
706
730
720
604
446
259
84
0
0
0
0
0
0
0
0
0
0
0
0
3
166
390
593
752
842
870
823
711
536
318
102
0
0
0
0
0
0
0
0
0
0
0
0
3
154
364
564
715
809
834
792
686
515
303
95
0
0
0
0
0
0
0
0
0
0
0
0
7
173
334
325
450
541
542
484
367
275
160
34
0
0
0
0
0
0
0
0
0
0
0
0
2
125
286
467
615
699
665
664
595
416
244
68
0
0
0
0
0
0
0
0
0
0
0
0
1
121
307
467
588
651
736
636
537
389
205
67
0
0
0
0
0
0
0
0
0
0
0
0
2
141
348
543
685
774
800
755
642
475
270
38
0
0
0
0
0
0
0
0
0
0
0
0
2
142
349
542
691
776
795
744
632
465
263
33
0
0
0
0
0
0
0
0
0
0
0
0
2
144
356
551
704
795
812
758
643
473
266
32
0
0
0
0
0
0
0
0
0
0
0
0
2
138
349
549
709
802
823
770
653
475
264
32
0
0
0
0
0
0
0
0
0
0
0
0
1
77
206
325
409
476
495
456
390
293
174
23
0
0
0
0
0
0
0
0
0
0
0
0
1
111
292
457
600
680
668
585
494
357
208
30
0
0
0
0
0
0
0
0
0
0
0
0
1
115
311
488
631
689
695
658
557
406
208
21
0
0
0
0
0
0
0
0
0
0
0
0
1
127
329
524
669
756
771
716
603
434
234
21
0
0
0
0
0
0
0
0
0
0
0
0
1
120
316
501
645
717
740
691
582
413
218
19
0
0
0
0
0
0
0
0
0
0
0
0
1
114
302
482
628
724
739
701
597
422
224
21
0
0
0
0
0
0
0
0
0
0
0
0
1
119
320
511
655
742
749
698
596
424
223
18
0
0
0
0
0
0
0
0
0
0
0
0
1
119
320
511
656
743
755
705
592
422
224
18
0
0
0
0
0
0
0
0
0
0
0
0
1
112
308
498
637
725
745
690
578
417
222
19
0
0
0
0
0
0
0
0
0
0
0
0
0
96
221
278
503
539
534
603
433
357
216
31
0
0
0
0
0
0
0
0
0
0
0
0
0
98
264
432
591
682
685
641
505
355
182
10
0
0
0
0
0
0
0
0
0
0
0
0
0
89
254
418
543
613
624
585
489
345
175
11
0
0
0
0
0
0
0
0
0
0
0
0
0
102
297
489
640
728
750
701
589
417
213
16
0
0
0
0
0
0
0
0
0
0
0
0
0
63
194
335
384
509
496
586
468
352
216
27
0
0
0
0
0
0
0
0
0
0
0
0
0
101
301
493
640
730
747
691
580
404
204
11
0
0
0
0
0
0
0
0
0
0
0
0
0
64
245
425
496
571
558
506
484
291
128
9
0
0
0
0
0
0
0
0
0
0
0
0
0
46
147
215
311
309
323
317
264
199
102
3
0
0
0
0
0
0
0
0
0
0
0
0
0
86
272
441
573
641
651
597
476
323
165
7
0
0
0
0
0
0
0
0
0
0
0
0
0
78
247
411
552
655
678
624
509
347
167
6
0
0
0
0
0
0
0
0
0
0
0
0
0
86
271
457
602
679
689
636
525
358
172
6
0
0
0
0
0
0
0
0
0
0
0
0
0
87
275
463
600
682
695
647
535
374
181
7
0
0
0
0
0
0
0
0
0
0
0
0
0
80
258
438
585
668
695
661
551
382
188
9
0
0
0
0
0
0
0
0
0
0
0
0
0
81
272
462
612
695
717
668
550
379
179
7
0
0
0
0
0
0
0
0
0
0
0
0
0
82
277
471
619
708
729
678
558
387
182
6
0
0
0
0
0
0
0
0
0
0
0
0
0
78
271
465
613
696
717
667
551
376
178
6
0
0
0
0
0
0
0
0
0
0
0
0
0
36
260
452
600
690
717
668
551
383
181
7
0
0
0
0
0
0
0
0
0
0
0
0
0
35
258
450
602
694
714
666
548
380
179
6
0
0
0
0
0
0
0
0
0
0
0
0
0
34
260
449
595
682
701
652
537
370
172
5
0
0
0
0
0
0
0
0
0
0
0
0
0
32
257
450
595
679
696
647
530
362
167
4
0
0
0
0
0
0
0
0
0
0
0
0
0
23
180
311
431
463
486
421
309
190
108
2
0
0
0
0
0
0
0
0
0
0
0
0
0
30
257
450
600
689
709
655
537
367
167
4
0
0
0
0
0
0
0
0
0
0
0
0
0
27
243
434
582
672
695
648
532
366
167
5
0
0
0
0
0
0
0
0
0
0
0
0
0
25
236
426
576
665
683
633
519
356
160
4
0
0
0
0
0
0
0
0
0
0
0
0
0
23
216
376
501
564
603
562
478
314
147
5
0
0
0
0
0
0
0
0
0
0
0
0
0
14
157
310
457
566
581
554
388
253
116
1
0
0
0
0
0
0
0
0
0
0
0
0
0
21
219
403
555
641
661
617
501
338
149
4
0
0
0
0
0
0
0
0
0
0
0
0
0
15
182
318
442
491
567
523
414
261
117
1
0
0
0
0
0
0
0
0
0
0
0
0
0
19
221
407
560
646
671
627
512
341
149
3
0
0
0
0
0
0
0
0
0
0
0
0
0
15
199
368
505
581
594
540
429
293
128
2
0
0
0
0
0
0
0
0
0
0
0
0
0
17
208
380
490
574
593
547
439
304
134
3
0
0
0
0
0
0
0
0
0
0
0
0
0
17
221
409
557
648
674
630
519
354
159
3
0
0
0
0
0
0
0
0
0
0
0
0
0
14
192
357
490
569
577
527
426
286
122
1
0
0
0
0
0
0
0
0
0
0
0
0
0
3
92
197
263
301
334
296
230
164
87
2
0
0
0
0
0
0
0
0
0
0
0
0
0
6
105
227
359
439
415
420
357
204
89
1
0
0
0
0
0
0
0
0
0
0
0
0
0
12
174
334
462
547
573
525
438
285
122
2
0
0
0
0
0
0
0
0
0
0
0
0
0
11
185
356
489
567
593
551
438
301
129
1
0
0
0
0
0
0
0
0
0
0
0
0
0
11
184
363
503
582
599
552
451
303
132
2
0
0
0
0
0
0
0
0
0
0
0
0
0
10
184
360
502
590
618
581
470
321
142
3
0
0
0
0
0
0
0
0
0
0
0
0
0
10
186
370
520
615
644
604
495
332
144
3
0
0
0
0
0
0
0
0
0
0
0
0
0
9
185
369
518
613
643
597
491
332
145
2
0
0
0
0
0
0
0
0
0
0
0
0
0
8
169
331
464
557
575
537
432
302
135
2
0
0
0
0
0
0
0
0
0
0
0
0
0
5
166
343
475
513
511
487
401
280
122
1
0
0
0
0
0
0
0
0
0
0
0
0
0
8
180
362
510
603
629
589
487
332
146
2
0
0
0
0
0
0
0
0
0
0
0
0
0
7
175
360
511
601
628
587
480
321
139
2
0
0
0
0
0
0
0
0
0
0
0
0
0
7
172
355
505
600
627
586
482
326
143
3
0
0
0
0
0
0
0
0
0
0
0
0
0
6
164
347
498
596
623
584
482
323
142
3
0
0
0
0
0
0
0
0
0
0
0
0
0
5
144
310
450
536
558
524
444
303
139
3
0
0
0
0
0
0
0
0
0
0
0
0
0
5
153
319
458
548
577
539
442
292
126
2
0
0
0
0
0
0
0
0
0
0
0
0
0
5
159
330
463
546
574
536
449
300
130
2
0
0
0
0
0
0
0
0
0
0
0
0
0
4
148
319
461
551
582
538
437
298
130
1
0
0
0
0
0
0
0
0
0
0
0
0
0
2
88
189
300
375
400
364
299
179
83
1
0
0
0
0
0
0
0
0
0
0
0
0
0
2
111
250
381
501
532
512
403
296
152
7
0
0
0
0
0
0
0
0
0
0
0
0
0
5
141
220
322
524
489
411
335
218
104
4
0
0
0
0
0
0
0
0
0
0
0
0
0
4
148
324
475
573
600
563
462
312
141
3
0
0
0
0
0
0
0
0
0
0
0
0
0
1
77
168
272
322
346
294
269
160
69
1
0
0
0
0
0
0
0
0
0
0
0
0
0
3
139
318
438
520
528
497
427
295
133
3
0
0
0
0
0
0
0
0
0
0
0
0
0
3
147
325
474
572
606
576
482
333
155
4
0
0
0
0
0
0
0
0
0
0
0
0
0
3
153
339
494
592
626
590
491
340
156
4
0
0
0
0
0
0
0
0
0
0
0
0
0
3
143
318
464
564
602
576
482
335
157
5
0
0
0
0
0
0
0
0
0
0
0
0
0
3
143
321
473
570
605
573
479
333
155
4
0
0
0
0
0
0
0
0
0
0
0
0
0
3
147
333
489
589
627
594
496
343
160
4
0
0
0
0
0
0
0
0
0
0
0
0
0
3
141
317
465
556
587
556
467
325
153
4
0
0
0
0
0
0
0
0
0
0
0
0
0
3
109
268
392
472
528
464
419
276
135
3
0
0
0
0
0
0
0
0
0
0
0
0
0
1
96
217
356
426
492
481
408
305
169
10
0
0
0
0
0
0
0
0
0
0
0
0
0
2
134
301
446
542
583
554
457
319
152
4
0
0
0
0
0
0
0
0
0
0
0
0
0
2
132
303
449
540
586
558
460
324
150
4
0
0
0
0
0
0