0
0
0
0
0
0
0
1
15
54
95
160
148
161
130
99
36
1
0
0
0
0
0
0
0
0
0
0
0
0
0
2
61
125
179
200
222
199
168
117
49
1
0
0
0
0
0
0
0
0
0
0
0
0
0
1
64
162
232
114
193
146
242
125
37
1
0
0
0
0
0
0
0
0
0
0
0
0
0
4
167
354
504
598
628
587
486
329
142
2
0
0
0
0
0
0
0
0
0
0
0
0
0
3
149
299
404
428
449
433
356
280
127
3
0
0
0
0
0
0
0
0
0
0
0
0
0
4
149
315
451
542
565
533
443
303
135
2
0
0
0
0
0
0
0
0
0
0
0
0
0
4
142
306
444
528
562
529
442
304
134
3
0
0
0
0
0
0
0
0
0
0
0
0
0
3
81
184
271
330
353
331
263
194
86
1
0
0
0
0
0
0
0
0
0
0
0
0
0
4
165
349
498
593
623
586
489
334
150
2
0
0
0
0
0
0
0
0
0
0
0
0
0
4
152
323
462
547
582
549
458
315
144
3
0
0
0
0
0
0
0
0
0
0
0
0
0
4
149
326
451
518
544
517
432
299
141
3
0
0
0
0
0
0
0
0
0
0
0
0
0
4
151
326
465
558
586
563
470
327
154
4
0
0
0
0
0
0
0
0
0
0
0
0
0
3
127
281
439
493
506
500
407
267
119
2
0
0
0
0
0
0
0
0
0
0
0
0
0
2
182
386
553
523
697
615
555
389
103
2
0
0
0
0
0
0
0
0
0
0
0
0
0
3
127
277
413
494
512
498
407
262
126
4
0
0
0
0
0
0
0
0
0
0
0
0
0
3
104
218
329
389
384
366
301
200
92
2
0
0
0
0
0
0
0
0
0
0
0
0
0
2
24
52
58
56
55
453
392
282
133
4
0
0
0
0
0
0
0
0
0
0
0
0
0
3
100
254
386
442
415
382
340
233
124
2
0
0
0
0
0
0
0
0
0
0
0
0
0
4
146
313
444
534
574
565
478
335
165
7
0
0
0
0
0
0
0
0
0
0
0
0
0
4
151
315
459
552
572
524
455
331
172
9
0
0
0
0
0
0
0
0
0
0
0
0
0
6
182
381
544
649
684
652
549
390
195
8
0
0
0
0
0
0
0
0
0
0
0
0
0
5
177
365
520
621
658
629
532
380
193
8
0
0
0
0
0
0
0
0
0
0
0
0
0
6
185
378
535
636
670
641
550
400
210
11
0
0
0
0
0
0
0
0
0
0
0
0
0
6
176
360
507
608
649
618
527
383
200
11
0
0
0
0
0
0
0
0
0
0
0
0
0
6
168
337
483
580
618
581
494
357
184
10
0
0
0
0
0
0
0
0
0
0
0
0
0
5
145
309
442
489
515
478
380
272
140
3
0
0
0
0
0
0
0
0
0
0
0
0
0
6
142
293
355
481
503
520
431
367
194
4
0
0
0
0
0
0
0
0
0
0
0
0
0
7
184
376
532
633
676
646
553
403
215
14
0
0
0
0
0
0
0
0
0
0
0
0
0
8
150
351
397
501
552
376
384
306
149
7
0
0
0
0
0
0
0
0
0
0
0
0
0
6
151
324
458
557
587
540
439
355
194
15
0
0
0
0
0
0
0
0
0
0
0
0
0
7
167
346
494
580
598
582
499
373
204
16
0
0
0
0
0
0
0
0
0
0
0
0
0
9
195
387
542
646
685
656
560
412
225
18
0
0
0
0
0
0
0
0
0
0
0
0
0
6
141
325
467
582
570
490
387
281
162
21
0
0
0
0
0
0
0
0
0
0
0
0
0
9
169
340
531
599
537
444
336
264
131
5
0
0
0
0
0
0
0
0
0
0
0
0
0
3
46
91
133
159
165
158
136
99
54
5
0
0
0
0
0
0
0
0
0
0
0
0
0
3
63
131
186
213
218
217
173
115
57
5
0
0
0
0
0
0
0
0
0
0
0
0
0
3
18
33
47
55
59
59
52
38
21
5
0
0
0
0
0
0
0
0
0
0
0
0
0
12
205
395
553
653
696
671
582
431
243
26
0
0
0
0
0
0
0
0
0
0
0
0
0
4
20
38
53
63
67
500
490
396
202
33
0
0
0
0
0
0
0
0
0
0
0
0
0
5
121
235
368
439
403
408
350
241
137
6
0
0
0
0
0
0
0
0
0
0
0
0
0
14
204
386
544
650
690
663
577
438
254
36
0
0
0
0
0
0
0
0
0
0
0
0
0
7
122
237
332
375
356
326
314
211
106
7
0
0
0
0
0
0
0
0
0
0
0
0
0
28
163
308
256
339
329
414
379
132
96
7
0
0
0
0
0
0
0
0
0
0
0
0
0
6
74
133
204
240
245
239
195
145
79
7
0
0
0
0
0
0
0
0
0
0
0
0
0
56
243
369
710
665
173
64
55
182
148
7
0
0
0
0
0
0
0
0
0
0
0
0
0
26
207
513
700
686
559
293
220
205
141
29
0
0
0
0
0
0
0
0
0
0
0
0
0
17
219
393
544
630
663
641
549
421
248
76
0
0
0
0
0
0
0
0
0
0
0
0
0
22
203
386
536
609
645
603
537
397
243
74
0
0
0
0
0
0
0
0
0
0
0
0
0
28
274
489
661
771
815
787
688
527
318
102
0
0
0
0
0
0
0
0
0
0
0
0
0
29
270
477
644
750
791
761
667
510
311
102
0
0
0
0
0
0
0
0
0
0
0
0
0
32
278
487
654
762
805
775
676
519
317
105
0
0
0
0
0
0
0
0
0
0
0
0
0
31
264
468
636
744
789
763
669
515
314
106
0
0
0
0
0
0
0
0
0
0
0
0
0
31
255
449
602
703
740
717
626
479
290
97
0
0
0
0
0
0
0
0
0
0
0
0
0
52
131
327
321
786
496
140
89
166
109
109
0
0
0
0
0
0
0
0
0
0
0
0
0
36
261
440
596
697
739
706
609
467
288
99
0
0
0
0
0
0
0
0
0
0
0
0
0
42
299
514
686
798
841
812
712
550
341
121
0
0
0
0
0
0
0
0
0
0
0
0
0
84
289
496
662
770
811
782
686
529
328
117
0
0
0
0
0
0
0
0
0
0
0
0
0
83
281
481
644
747
787
765
674
524
328
120
1
0
0
0
0
0
0
0
0
0
0
0
0
32
195
311
328
397
516
533
443
372
259
131
1
0
0
0
0
0
0
0
0
0
0
0
0
71
283
464
438
292
198
268
166
94
42
18
0
0
0
0
0
0
0
0
0
0
0
0
0
8
25
107
146
223
329
237
197
220
162
76
2
0
0
0
0
0
0
0
0
0
0
0
0
104
317
526
690
795
833
801
709
552
348
133
1
0
0
0
0
0
0
0
0
0
0
0
0
87
262
437
574
665
698
669
585
457
286
111
1
0
0
0
0
0
0
0
0
0
0
0
0
105
308
507
664
765
808
786
699
550
355
141
2
0
0
0
0
0
0
0
0
0
0
0
0
96
283
446
585
689
735
697
603
475
318
126
2
0
0
0
0
0
0
0
0
0
0
0
0
109
306
493
642
736
774
746
659
512
330
131
1
0
0
0
0
0
0
0
0
0
0
0
0
111
297
465
619
716
763
741
668
522
341
140
2
0
0
0
0
0
0
0
0
0
0
0
1
50
159
268
311
487
535
630
580
501
334
184
8
0
0
0
0
0
0
0
0
0
0
0
0
11
29
49
131
706
448
285
386
341
209
176
8
0
0
0
0
0
0
0
0
0
0
0
1
140
364
573
736
842
879
844
745
586
381
158
2
0
0
0
0
0
0
0
0
0
0
0
1
135
342
536
691
789
826
792
694
546
354
148
2
0
0
0
0
0
0
0
0
0
0
0
1
105
265
402
518
587
598
569
486
366
227
97
1
0
0
0
0
0
0
0
0
0
0
0
2
135
337
508
645
736
788
756
671
529
348
149
2
0
0
0
0
0
0
0
0
0
0
0
2
135
326
500
631
716
763
733
642
494
325
138
2
0
0
0
0
0
0
0
0
0
0
0
2
151
366
563
719
818
850
819
723
574
378
163
3
0
0
0
0
0
0
0
0
0
0
0
3
165
389
597
757
858
894
863
770
614
409
183
5
0
0
0
0
0
0
0
0
0
0
0
3
174
404
617
780
881
916
883
778
616
407
179
4
0
0
0
0
0
0
0
0
0
0
0
3
157
355
544
684
776
788
761
672
533
353
155
3
0
0
0
0
0
0
0
0
0
0
0
3
100
238
359
434
491
458
458
390
316
197
93
2
0
0
0
0
0
0
0
0
0
0
0
4
157
338
528
674
763
769
752
666
530
361
161
5
0
0
0
0
0
0
0
0
0
0
0
5
161
367
576
751
884
949
978
867
659
461
210
2
0
0
0
0
0
0
0
0
0
0
0
7
196
421
623
778
876
912
883
785
627
422
197
6
0
0
0
0
0
0
0
0
0
0
0
5
163
331
496
626
739
794
766
697
550
381
183
7
0
0
0
0
0
0
0
0
0
0
0
7
185
391
566
711
792
823
789
698
550
370
173
5
0
0
0
0
0
0
0
0
0
0
0
9
188
387
568
702
788
813
789
704
558
372
173
6
0
0
0
0
0
0
0
0
0
0
0
9
181
372
513
650
720
746
698
634
509
375
187
7
0
0
0
0
0
0
0
0
0
0
0
9
187
381
569
715
778
802
782
666
544
364
168
6
0
0
0
0
0
0
0
0
0
0
0
11
180
356
508
651
776
781
702
637
508
330
170
8
0
0
0
0
0
0
0
0
0
0
0
8
159
346
490
644
747
732
705
652
564
354
177
9
0
0
0
0
0
0
0
0
0
0
0
11
220
369
541
513
612
672
688
722
498
309
147
9
0
0
0
0
0
0
0
0
0
0
0
15
211
409
582
725
823
848
825
741
595
415
200
12
0
0
0
0
0
0
0
0
0
0
0
19
252
484
688
842
937
967
922
812
650
443
213
8
0
0
0
0
0
0
0
0
0
0
0
24
269
544
784
930
640
725
653
513
381
259
140
12
0
0
0
0
0
0
0
0
0
0
0
22
246
455
638
776
855
877
833
744
604
411
204
9
0
0
0
0
0
0
0
0
0
0
0
25
283
506
671
851
478
635
644
595
481
355
185
16
0
0
0
0
0
0
0
0
0
0
0
14
178
180
260
426
473
210
287
328
178
86
63
3
0
0
0
0
0
0
0
0
0
0
0
23
234
437
592
737
831
857
811
728
593
412
204
13
0
0
0
0
0
0
0
0
0
0
0
30
270
497
694
845
939
969
931
832
671
467
237
16
0
0
0
0
0
0
0
0
0
0
0
22
227
403
542
661
653
723
715
638
499
354
157
4
0
0
0
0
0
0
0
0
0
0
0
21
202
358
466
672
844
730
667
583
488
306
205
14
0
0
0
0
0
0
0
0
0
0
0
36
273
484
671
816
896
913
879
783
630
438
226
16
0
0
0
0
0
0
0
0
0
0
0
34
256
468
621
723
824
873
833
728
583
399
206
14
0
0
0
0
0
0
0
0
0
0
0
77
290
481
653
1040
499
483
650
629
353
364
282
43
0
0
0
0
0
0
0
0
0
0
0
80
273
471
644
780
852
870
841
743
601
418
217
15
0
0
0
0
0
0
0
0
0
0
0
41
130
214
336
397
383
419
409
340
233
160
78
5
0
0
0
0
0
0
0
0
0
0
0
92
301
523
718
863
953
977
940
835
676
476
248
22
0
0
0
0
0
0
0
0
0
0
0
81
256
444
594
738
815
865
836
750
615
439
234
24
0
0
0
0
0
0
0
0
0
0
0
90
238
427
607
678
771
736
758
677
520
319
158
10
0
0
0
0
0
0
0
0
0
0
0
55
174
284
423
553
688
852
840
732
654
450
245
38
0
0
0
0
0
0
0
0
0
0
0
62
225
390
503
607
822
809
672
595
550
408
206
29
0
0
0
0
0
0
0
0
0
0
0
126
379
591
775
914
592
544
628
514
493
302
154
17
0
0
0
0
0
0
0
0
0
0
0
121
357
641
866
1035
608
566
561
571
414
268
122
11
0
0
0
0
0
0
0
0
0
0
0
135
386
646
781
965
502
506
530
329
319
226
127
12
0
0
0
0
0
0
0
0
0
0
1
122
343
569
766
912
997
1020
977
873
711
502
271
31
0
0
0
0
0
0
0
0
0
0
0
11
31
50
67
148
539
1190
1109
710
62
87
251
20
0
0
0
0
0
0
0
0
0
0
1
126
343
562
753
895
978
1002
963
860
699
496
270
33
0
0
0
0
0
0
0
0
0
0
1
12
76
536
444
123
561
735
1119
616
219
45
25
13
0
0
0
0
0
0
0
0
0
0
3
150
257
457
664
504
746
510
523
399
68
42
66
6
0
0
0
0
0
0
0
0
0
0
1
98
282
466
609
715
771
748
692
615
461
329
176
6
0
0
0
0
0
0
0
0
0
0
2
146
375
604
801
949
1035
1053
1007
899
734
522
288
38
0
0
0
0
0
0
0
0
0
0
1
87
216
359
478
525
520
555
508
450
387
308
164
24
0
0
0
0
0
0
0
0
0
0
2
135
343
551
731
865
947
970
926
825
678
487
273
76
0
0
0
0
0
0
0
0
0
0
1
120
290
489
639
737
822
815
791
704
579
431
250
71
0
0
0
0
0
0
0
0
0
0
2
137
334
525
701
820
896
905
854
759
626
456
259
75
0
0
0
0
0
0
0
0
0
0
1
87
227
398
519
554
587
668
647
547
451
332
185
48
0
0
0
0
0
0
0
0
0
0
3
117
265
484
513
644
696
856
828
700
596
361
214
50
0
0
0
0
0
0
0
0
0
0
3
138
331
519
683
784
831
848
819
705
606
440
238
76
0
0
0
0
0
0
0
0
0
0
3
142
341
543
717
846
924
954
917
816
672
488
277
86
0
0
0
0
0
0
0
0
0
0
4
152
357
562
726
854
935
945
895
805
665
479
275
86
0
0
0
0
0
0
0
0
0
0
4
93
243
505
661
624
671
606
584
547
509
320
166
8
0
0
0
0
0
0
0
0
0
0
5
136
306
471
646
740
799
847
855
702
593
435
249
75
0
0
0
0
0
0
0
0
0
0
9
195
407
606
858
1058
552
590
552
502
389
280
170
36
0
0
0
0
0
0
0
0
0
0
6
180
407
632
826
968
1050
1069
1021
913
750
543
313
101
0
0
0
0
0
0
0
0
0
0
6
178
402
623
812
953
1032
1047
1002
898
734
531
306
99
0
0
0
0
0
0
0
0
0
0
6
197
422
699
851
960
457
489
527
510
368
239
139
52
0
0
0
0
0
0
0
0
0
0
10
197
438
535
670
879
916
658
704
464
138
211
86
42
0
0
0
0
0
0
0
0
0
0
8
79
344
350
308
387
477
537
648
779
803
606
350
106
2
0
0
0
0
0
0
0
0
0
4
86
252
342
478
545
794
903
813
774
485
261
207
27
0
0
0
0
0
0
0
0
0
0
8
158
345
524
700
796
894
914
859
752
638
454
274
96
0
0
0
0
0
0
0
0
0
0
5
180
360
557
822
816
614
646
639
516
517
314
204
65
0
0
0
0
0
0
0
0
0
0
2
53
61
56
72
109
170
379
699
850
720
608
373
132
5
0
0
0
0
0
0
0
0
0
13
206
392
544
744
1067
573
559
561
485
379
281
137
47
1
0
0
0
0
0
0
0
0
0
2
33
262
396
384
599
519
559
194
359
610
163
31
10
0
0
0
0
0
0
0
0
0
0
6
126
264
399
496
606
641
662
616
572
495
349
201
70
1
0
0
0
0
0
0
0
0
0
9
204
442
705
946
1089
581
452
590
573
374
214
121
19
1
0
0
0
0
0
0
0
0
0
3
111
257
386
424
549
563
621
620
543
479
370
211
91
1
0
0
0
0
0
0
0
0
0
12
214
446
670
860
1001
1083
1100
1053
945
781
576
347
129
1
0
0
0
0
0
0
0
0
0
12
201
421
637
819
954
1032
1049
1003
899
743
546
327
121
1
0
0
0
0
0
0
0
0
0
10
176
368
558
723
846
921
943
902
816
684
512
310
121
2
0
0
0
0
0
0
0
0
0
11
194
411
623
807
941
1020
1039
995
891
735
540
325
121
1
0
0
0
0
0
0
0
0
0
12
194
405
610
780
914
990
1006
966
865
718
533
324
125
1
0
0
0
0
0
0
0
0
0
12
191
398
601
771
898
972
991
946
846
698
513
309
117
1
0
0
0
0
0
0
0
0
0
11
183
381
579
730
846
921
934
893
804
664
486
293
115
1
0
0
0
0
0
0
0
0
0
9
152
326
501
683
751
797
788
784
710
620
511
323
139
5
0
0
0
0
0
0
0
0
0
14
207
428
642
825
960
1039
1055
1015
915
763
569
349
138
2
0
0
0
0
0
0
0
0
0
13
197
409
615
790
924
1001
1019
984
891
744
556
343
137
2
0
0
0
0
0
0
0
0
0
14
214
443
667
855
996
1077
1095
1050
941
778
574
347
134
1
0
0
0
0
0
0
0
0
0
9
129
275
432
550
634
669
677
664
569
486
366
214
81
1
0
0
0
0
0
0
0
0
0
15
217
444
664
851
992
1074
1095
1051
949
793
593
367
149
2
0
0
0
0
0
0
0
0
0
7
113
250
383
506
595
645
625
568
529
499
327
207
71
1
0
0
0
0
0
0
0
0
0
14
208
426
638
819
956
1037
1057
1018
919
767
572
353
144
2
0
0
0
0
0
0
0
0
0
14
204
422
637
818
952
1027
1047
1000
894
738
545
331
132
1
0
0
0
0
0
0
0
0
0
14
210
432
650
835
971
1052
1074
1028
924
769
575
353
142
2
0
0
0
0
0
0
0
0
0
14
199
410
614
785
917
995
1006
973
875
725
538
333
135
2
0
0
0
0
0
0
0
0
0
15
219
448
670
860
1000
1081
1100
1058
951
790
587
360
145
1
0
0
0
0
0
0
0
0
0
12
169
360
546
710
829
880
897
868
803
667
505
317
134
4
0
0
0
0
0
0
0
0
0
9
147
313
457
589
686
745
770
742
673
558
381
247
99
1
0
0
0
0
0
0
0
0
0
15
213
439
657
842
978
1059
1077
1033
932
777
580
360
149
2
0
0
0
0
0
0
0
0
0
12
186
391
593
767
902
979
1001
964
874
732
549
342
143
4
0
0
0
0
0
0
0
0
0
12
177
371
565
736
861
937
961
929
844
712
540
340
144
5
0
0
0
0
0
0
0
0
0
12
178
377
567
719
838
907
925
886
805
670
508
319
135
4
0
0
0
0
0
0
0
0
0
12
186
387
588
758
889
968
991
961
863
719
538
333
137
3
0
0
0
0
0
0
0
0
0
12
190
399
608
792
930
1011
1038
1007
915
769
584
369
158
6
0
0
0
0
0
0
0
0
0
10
153
332
487
639
772
864
903
876
771
661
505
327
139
6
0
0
0
0
0
0
0
0
0
8
111
459
698
826
1060
159
454
599
656
492
292
174
13
1
0
0
0
0
0
0
0
0
0
12
174
370
565
719
828
894
912
872
793
662
497
309
128
2
0
0
0
0
0
0
0
0
0
10
160
329
518
670
780
861
889
822
729
620
442
273
113
1
0
0
0
0
0
0
0
0
0
11
180
383
585
760
893
975
1000
965
873
730
549
346
147
4
0
0
0
0
0
0
0
0
0
10
165
351
538
714
833
919
939
900
814
680
518
326
141
5
0
0
0
0
0
0
0
0
0
10
180
386
588
766
904
986
1008
974
883
742
559
352
150
5
0
0
0
0
0
0
0
0
0
3
82
166
249
315
411
459
476
499
428
342
242
150
75
3
0
0
0
0
0
0
0
0
0
9
172
366
567
730
865
944
975
945
855
715
539
341
145
5
0
0
0
0
0
0
0
0
0
10
155
326
518
680
798
864
873
842
778
653
496
315
132
5
0
0
0
0
0
0
0
0
0
9
173
378
585
762
900
983
1006
979
885
745
563
356
153
5
0
0
0
0
0
0
0
0
0
9
173
375
577
755
886
961
989
956
869
734
556
352
150
5
0
0
0
0
0
0
0
0
0
9
182
399
614
800
939
1022
1045
1007
907
762
569
354
147
3
0
0
0
0
0
0
0
0
0
9
186
401
612
797
935
1016
1041
1006
907
761
575
363
154
4
0
0
0
0
0
0
0
0
0
8
156
338
521
665
778
850
862
825
739
624
477
306
130
4
0
0
0
0
0
0
0
0
0
9
187
403
616
801
937
1017
1040
1005
911
763
576
365
155
3
0
0
0
0
0
0
0
0
0
8
172
380
587
767
902
984
1008
974
886
744
559
350
147
4
0
0
0
0
0
0
0
0
0
7
177
393
610
795
940
1028
1054
1015
917
767
577
361
151
3
0
0
0
0
0
0
0
0
0
7
161
360
560
737
877
965
993
965
875
736
556
353
150
5
0
0
0
0
0
0
0
0
0
6
158
357
552
728
857
940
961
920
842
706
529
329
138
3
0
0
0
0
0
0
0
0
0
6
166
374
579
758
895
975
998
967
875
729
548
340
140
2
0
0
0
0
0
0
0
0
0
6
162
370
580
762
898
984
1009
977
884
733
548
336
135
2
0
0
0
0
0
0
0
0
0
6
160
368
577
758
895
980
1006
972
881
736
550
340
138
2
0
0
0
0
0
0
0
0
0
5
155
360
569
754
892
978
1011
977
887
740
553
343
141
3
0
0
0
0
0
0
0
0
0
5
149
348
555
730
864
953
988
962
869
731
546
339
138
3
0
0
0
0
0
0
0
0
0
5
155
362
571
753
890
972
997
961
868
724
544
335
135
2
0
0
0
0
0
0
0
0
0
4
148
353
564
747
888
982
1006
971
882
737
552
342
138
3
0
0
0
0
0
0
0
0
0
4
142
342
544
721
860
945
976
946
863
726
544
338
138
3
0
0
0
0
0
0
0
0
0
4
142
341
540
715
845
934
960
931
849
715
537
337
137
3
0
0
0
0
0
0
0
0
0
4
160
380
600
793
941
1031
1059
1027
931
779
581
360
145
2
0
0
0
0
0
0
0
0
0
3
133
315
512
677
772
825
835
818
723
622
457
282
115
2
0
0
0
0
0
0
0
0
0
2
119
289
460
625
737
842
873
856
756
648
461
284
115
2
0
0
0
0
0
0
0
0
0
3
143
348
557
743
888
978
1008
977
887
744
558
344
136
2
0
0
0
0
0
0
0
0
0
2
112
261
427
580
706
762
764
786
740
641
476
268
113
2
0
0
0
0
0
0
0
0
0
2
127
320
520
692
829
925
953
927
848
710
532
327
126
2
0
0
0
0
0
0
0
0
0
2
135
339
552
739
876
966
993
957
862
714
529
317
119
1
0
0
0
0
0
0
0
0
0
2
129
326
525
706
839
920
949
922
836
699
516
312
118
1
0
0
0
0
0
0
0
0
0
2
130
330
535
713
855
945
967
940
847
708
524
314
118
1
0
0
0
0
0
0
0
0
0
2
137
348
567
758
903
990
1016
980
883
732
539
322
118
1
0
0
0
0
0
0
0
0
0
2
134
347
564
753
896
985
1011
975
880
730
538
322
117
1
0
0
0
0
0
0
0
0
0
2
125
328
539
719
860
949
973
950
860
721
534
320
118
1
0
0
0
0
0
0
0
0
0
2
133
348
570
766
913
1004
1033
995
898
746
548
325
116
0
0
0
0
0
0
0
0
0
0
1
127
337
552
741
886
974
1000
964
870
721
529
313
111
0
0
0
0
0
0
0
0
0
0
2
117
348
598
722
945
1050
1091
1048
904
636
465
239
90
0
0
0
0
0
0
0
0
0
0
1
116
315
522
705
845
938
972
937
846
704
519
308
109
1
0
0
0
0
0
0
0
0
0
1
120
328
547
740
886
977
1008
975
877
728
532
312
106
0
0
0
0
0
0
0
0
0
0
1
120
330
547
738
884
974
1000
966
870
720
525
308
104
0
0
0
0
0
0
0
0
0
0
1
115
320
535
726
871
960
988
953
860
710
517
301
100
0
0
0
0
0
0
0
0
0
0
1
113
315
530
719
864
954
984
955
860
715
524
306
102
0
0
0
0
0
0
0
0
0
0
1
108
305
514
697
835
928
957
926
840
694
509
298
99
0
0
0
0
0
0
0
0
0
0
0
97
282
491
673
802
886
890
855
768
624
446
253
77
0
0
0
0
0
0
0
0
0
0
2
126
338
377
578
706
711
371
429
260
176
133
173
56
0
0
0
0
0
0
0
0
0
0
0
103
299
511
698
840
925
955
929
843
700
508
292
92
0
0
0
0
0
0
0
0
0
0
0
110
322
547
745
895
987
1014
977
877
720
517
292
87
0
0
0
0
0
0
0
0
0
0
0
107
317
539
735
881
968
996
961
862
706
506
284
84
0
0
0
0
0
0
0
0
0
0
0
43
169
320
673
857
994
1077
1038
817
765
504
309
84
0
0
0
0
0
0
0
0
0
0
0
104
310
528
720
864
955
984
949
849
696
499
281
81
0
0
0
0
0
0
0
0
0
0
0
102
326
586
803
967
608
570
572
515
406
304
189
61
0
0
0
0
0
0
0
0
0
0
0
84
264
457
632
729
809
833
810
756
615
447
244
34
0
0
0
0
0
0
0
0
0
0
0
96
303
523
719
863
953
983
945
851
696
497
275
38
0
0
0
0
0
0
0
0
0
0
0
82
253
442
598
731
833
850
825
739
605
433
236
35
0
0
0
0
0
0
0
0
0
0
0
96
307
536
736
888
976
997
955
850
690
483
257
27
0
0
0
0
0
0
0
0
0
0
0
88
288
502
689
828
916
938
899
798
645
456
242
26
0
0
0
0
0
0
0
0
0
0
0
86
277
482
667
805
892
930
897
806
654
459
245
27
0
0
0
0
0
0
0
0
0
0
0
78
260
437
575
635
627
668
628
663
503
368
201
34
0
0
0
0
0
0
0
0
0
0
0
83
279
487
666
807
894
923
884
793
641
451
239
26
0
0
0
0
0
0
0
0
0
0
0
76
253
445
618
756
836
830
802
713
572
391
205
17
0
0
0
0
0
0
0
0
0
0
0
84
288
511
708
854
941
963
919
811
650
448
228
17
0
0
0
0
0
0
0
0
0
0
0
77
269
480
665
805
892
921
888
788
641
447
231
20
0
0
0
0
0
0
0
0
0
0
0
81
285
506
702
845
934
957
917
808
648
444
222
15
0
0
0
0
0
0
0
0
0
0
0
82
291
515
710
854
942
967
924
817
656
451
226
15
0
0
0
0
0
0
0
0
0
0
0
79
283
505
701
849
935
960
919
811
649
444
220
13
0
0
0
0
0
0
0
0
0
0
0
38
277
497
690
836
923
944
902
798
640
436
215
13
0
0
0
0
0
0
0
0
0
0
0
37
277
500
695
844
929
950
910
801
638
432
210
11
0
0
0
0
0
0
0
0
0
0
0
6
76
163
448
407
528
453
414
365
329
237
96
8
0
0
0
0
0
0
0
0
0
0
0
35
276
502
697
846
933
954
907
799
632
422
199
8
0
0
0
0
0
0
0
0
0
0
0
33
272
494
691
836
919
938
890
781
618
414
193
7
0
0
0
0
0
0
0
0
0
0
0
32
271
497
695
843
929
948
904
791
624
417
193
8
0
0
0
0
0
0
0
0
0
0
0
31
213
394
558
676
739
773
737
623
494
348
154
5
0
0
0
0
0
0
0
0
0
0
0
22
184
335
468
568
626
645
591
500
405
264
104
2
0
0
0
0
0
0
0
0
0
0
0
29
266
489
683
827
909
928
884
770
602
395
175
4
0
0
0
0
0
0
0
0
0
0
0
43
236
538
730
969
406
272
330
427
590
410
211
10
0
0
0
0
0
0
0
0
0
0
0
29
274
502
701
853
942
960
909
793
619
406
177
4
0
0
0
0
0
0
0
0
0
0
0
22
210
384
537
650
725
729
689
598
472
302
129
1
0
0
0
0
0
0
0
0
0
0
0
20
194
348
486
597
685
697
652
570
440
278
116
1
0
0
0
0
0
0
0
0
0
0
0
24
250
467
655
799
884
910
866
757
591
385
162
3
0
0
0
0
0
0
0
0
0
0
0
18
195
352
503
609
726
783
711
608
443
289
123
2
0
0
0
0
0
0
0
0
0
0
0
16
108
189
327
268
415
328
353
196
48
31
12
1
0
0
0
0
0
0
0
0
0
0
0
15
180
330
646
919
581
206
113
266
52
216
12
1
0
0
0
0
0
0
0
0
0
0
0
24
279
523
733
882
532
544
511
440
350
223
86
1
0
0
0
0
0
0
0
0
0
0
0
20
238
450
634
773
855
876
828
722
557
353
137
1
0
0
0
0
0
0
0
0
0
0
0
19
241
459
646
786
863
879
831
717
549
344
130
1
0
0
0
0
0
0
0
0
0
0
0
27
138
250
256
304
238
449
650
574
617
409
152
6
0
0
0
0
0
0
0
0
0
0
0
21
155
287
518
633
637
668
602
514
416
185
66
0
0
0
0
0
0
0
0
0
0
0
0
4
178
390
431
494
473
539
597
495
369
216
89
2
0
0
0
0
0
0
0
0
0
0
0
12
180
352
514
626
714
738
724
653
482
291
103
0
0
0
0
0
0
0
0
0
0
0
0
15
228
447
639
779
861
877
823
707
532
319
107
0
0
0
0
0
0
0
0
0
0
0
0
13
207
411
595
730
806
824
779
668
507
306
102
0
0
0
0
0
0
0
0
0
0
0
0
14
224
445
637
780
857
872
813
693
518
306
97
0
0
0
0
0
0
0
0
0
0
0
0
13
213
423
603
737
813
825
776
669
503
298
95
0
0
0
0
0
0
0
0
0
0
0
0
6
18
95
51
190
368
462
500
547
353
246
103
0
0
0
0
0
0
0
0
0
0
0
0
11
204
410
591
726
800
804
751
636
474
278
83
0
0
0
0
0
0
0
0
0
0
0
0
10
202
407
591
726
801
814
750
635
471
270
78
0
0
0
0
0
0
0
0
0
0
0
0
10
169
330
494
595
714
723
664
572
417
253
32
0
0
0
0
0
0
0
0
0
0
0
0
10
205
421
611
755
834
846
786
664
486
273
34
0
0
0
0
0
0
0
0
0
0
0
0
7
206
432
675
829
904
928
754
620
402
247
19
0
0
0
0
0
0
0
0
0
0
0
0
9
208
425
613
752
831
841
784
664
487
276
32
0
0
0
0
0
0
0
0
0
0
0
0
3
91
202
291
352
365
371
330
291
211
114
6
0
0
0
0
0
0
0
0
0
0
0
0
8
177
348
497
598
668
701
668
552
396
231
26
0
0
0
0
0
0
0
0
0
0
0
0
15
134
382
402
351
72
73
415
344
264
298
69
0
0
0
0
0
0
0
0
0
0
0
0
6
95
194
337
400
440
479
399
314
202
120
5
0
0
0
0
0
0
0
0
0
0
0
0
7
195
419
619
763
837
843
780
647
462
245
19
0
0
0
0
0
0
0
0
0
0
0
0
5
155
333
485
629
686
702
634
528
391
209
17
0
0
0
0
0
0
0
0
0
0
0
0
5
178
385
565
693
767
773
714
592
420
221
15
0
0
0
0
0
0
0
0
0
0
0
0
3
144
341
510
625
665
665
629
506
365
188
9
0
0
0
0
0
0
0
0
0
0
0
0
3
135
286
462
579
656
679
596
497
358
185
10
0
0
0
0
0
0
0
0
0
0
0
0
2
116
282
439
526
551
575
585
490
370
175
14
0
0
0
0
0
0
0
0
0
0
0
0
4
139
318
468
589
645
653
629
538
370
185
11
0
0
0
0
0
0
0
0
0
0
0
0
1
135
240
392
517
537
499
473
396
270
128
6
0
0
0
0
0
0
0
0
0
0
0
0
3
136
292
430
565
599
596
540
431
297
143
3
0
0
0
0
0
0
0
0
0
0
0
0
3
156
360
542
677
752
761
703
585
407
200
9
0
0
0
0
0
0
0
0
0
0
0
0
3
143
336
505
630
691
698
636
525
364
180
8
0
0
0
0
0
0
0
0
0
0
0
0
2
155
364
553
692
769
778
717
592
412
201
9
0
0
0
0
0
0
0
0
0
0
0
0
2
138
327
496
620
694
693
630
515
354
170
6
0
0
0
0
0
0
0
0
0
0
0
0
3
134
394
598
399
352
61
280
191
339
198
17
0
0
0
0
0
0
0
0
0
0
0
0
1
28
142
234
242
215
455
440
467
397
215
18
0
0
0
0
0
0
0
0
0
0
0
0
2
146
356
543
678
753
759
695
569
389
181
5
0
0
0
0
0
0
0
0
0
0
0
0
1
132
329
510
638
706
711
647
528
360
165
4
0
0
0
0
0
0
0
0
0
0
0
0
1
139
347
538
678
754
761
699
571
388
177
5
0
0
0
0
0
0
0
0
0
0
0
0
1
133
339
528
667
741
745
681
553
373
166
4
0
0
0
0
0
0
0
0
0
0
0
0
1
134
342
531
670
744
751
686
557
374
166
3
0
0
0
0
0
0
0
0
0
0
0
0
1
127
329
516
651
723
726
664
537
359
158
3
0
0
0
0
0
0
0
0
0
0
0
0
0
109
287
431
552
618
620
575
466
304
134
3
0
0
0
0
0
0
0
0
0
0
0
0
1
132
346
539
680
752
756
686
554
369
159
2
0
0
0
0
0
0
0
0
0
0
0
0
0
111
299
474
599
672
684
622
509
342
149
3
0
0
0
0
0
0
0
0
0
0
0
0
0
97
264
415
529
590
598
544
441
294
127
2
0
0
0
0
0
0
0
0
0
0
0
0
0
104
286
449
567
632
633
577
474
313
133
2
0
0
0
0
0
0
0
0
0
0
0
0
0
104
292
462
589
661
669
611
492
327
137
2
0
0
0
0
0
0
0
0
0
0
0
0
0
90
253
394
525
606
597
553
467
304
124
2
0
0
0
0
0
0
0
0
0
0
0
0
0
90
255
413
544
596
607
554
440
297
120
1
0
0
0
0
0
0
0
0
0
0
0
0
0
12
40
83
134
150
169
187
151
128
60
2
0
0
0
0
0
0
0
0
0
0
0
0
0
97
291
471
605
682
689
628
507
333
136
1
0
0
0
0
0
0
0
0
0
0
0
0
0
91
274
443
568
638
647
594
481
314
126
1
0
0
0
0
0
0
0
0
0
0
0
0
0
98
186
320
193
299
436
318
419
284
153
3
0
0
0
0
0
0
0
0
0
0
0
0
0
69
328
453
540
302
109
52
42
27
11
0
0
0
0
0
0
0
0
0
0
0
0
0
0
45
138
209
299
413
504
371
363
283
147
4
0
0
0
0
0
0
0
0
0
0
0
0
0
91
260
266
212
702
481
100
191
116
10
0
0
0
0
0
0
0
0
0
0
0
0
0
0
9
62
226
613
761
494
207
56
28
11
0
0
0
0
0
0
0
0
0
0
0
0
0
0
31
208
352
453
514
523
474
371
240
91
0
0
0
0
0
0
0
0
0
0
0
0
0
0
34
192
331
391
519
452
496
278
125
65
0
0
0
0
0
0
0
0
0
0
0
0
0
0
28
207
356
467
528
533
483
382
245
91
0
0
0
0
0
0
0
0
0
0
0
0
0
0
28
221
381
502
569
575
522
414
264
98
0
0
0
0
0
0
0
0
0
0
0
0
0
0
29
236
408
538
611
619
563
446
284
105
0
0
0
0
0
0
0
0
0
0
0
0
0
0
26
221
383
506
575
584
531
422
269
99
0
0
0
0
0
0
0
0
0
0
0
0
0
0
18
155
280
400
471
508
451
437
250
77
0
0
0
0
0
0
0
0
0
0
0
0
0
0
31
264
349
357
526
310
268
222
83
122
3
0
0
0
0
0
0
0
0
0
0
0
0
0
6
120
158
359
530
462
369
261
196
91
1
0
0
0
0
0
0
0
0
0
0
0
0
0
23
227
396
527
598
607
559
449
289
108
0
0
0
0
0
0
0
0
0
0
0
0
0
0
21
205
355
480
547
536
497
385
243
85
0
0
0
0
0
0
0
0
0
0
0
0
0
0
17
182
341
460
512
531
499
387
245
87
0
0
0
0
0
0
0
0
0
0
0
0
0
0
19
212
381
509
579
592
540
426
271
97
0
0
0
0
0
0
0
0
0
0
0
0
0
0
18
199
360
493
560
577
538
433
280
104
0
0
0
0
0
0
0
0
0
0
0
0
0
0
10
157
314
436
454
517
435
369
236
82
0
0
0
0
0
0
0
0
0
0
0
0
0
0
16
212
387
522
596
606
554
442
282
102
0
0
0
0
0
0
0
0
0
0
0
0
0
0
17
221
407
548
628
639
583
461
291
103
0
0
0
0
0
0
0
0
0
0
0
0
0
0
11
115
193
337
288
221
249
264
207
121
1
0
0
0
0
0
0
0
0
0
0
0
0
0
17
185
326
416
452
499
458
373
205
81
0
0
0
0
0
0
0
0
0
0
0
0
0
0
13
204
378
509
589
600
548
437
278
100
0
0
0
0
0
0
0
0
0
0
0
0
0
0
13
209
392
530
610
623
572
458
292
107
0
0
0
0
0
0
0
0
0
0
0
0
0
0
12
189
358
486
561
571
525
424
271
98
0
0
0
0
0
0
0
0
0
0
0
0
0
0
22
191
322
339
631
380
296
39
25
9
0
0
0
0
0
0
0
0
0
0
0
0
0
0
3
86
271
268
324
296
246
189
23
8
0
0
0
0
0
0
0
0
0
0
0
0
0
0
22
213
310
414
224
278
169
258
41
36
0
0
0
0
0
0
0
0
0
0
0
0
0
0
9
155
294
407
475
539
484
380
245
90
0
0
0
0
0
0
0
0
0
0
0
0
0
0
6
140
301
417
412
472
414
361
184
54
0
0
0
0
0
0
0
0
0
0
0
0
0
0
6
161
200
142
237
465
542
502
307
118
1
0
0
0
0
0
0
0
0
0
0
0
0
0
2
130
258
430
436
468
395
350
230
105
1
0
0
0
0
0
0
0
0
0
0
0
0
0
5
156
308
411
467
504
461
385
259
98
0
0
0
0
0
0
0
0
0
0
0
0
0
0
7
158
320
448
526
545
497
390
242
89
0
0
0
0
0
0
0
0
0
0
0
0
0
0
7
168
339
476
559
582
542
439
287
110
0
0
0
0
0
0
0
0
0
0
0
0
0
0
5
150
318
454
521
497
410
312
190
67
0
0
0
0
0
0
0
0
0
0
0
0
0
0
6
153
311
437
513
532
493
399
259
98
0
0
0
0
0
0
0
0
0
0
0
0
0
0
6
180
366
514
603
626
580
469
305
117
0
0
0
0
0
0
0
0
0
0
0
0
0
0
6
178
362
507
595
617
572
464
304
118
0
0
0
0
0
0
0
0
0
0
0
0
0
0
5
143
305
444
504
509
482
402
276
108
1
0
0
0
0
0
0
0
0
0
0
0
0
0
3
131
272
375
446
433
449
301
199
71
0
0
0
0
0
0
0
0
0
0
0
0
0
0
8
80
152
248
320
414
553
462
292
109
1
0
0
0
0
0
0
0
0
0
0
0
0
0
5
160
331
467
553
574
536
434
286
114
0
0
0
0
0
0
0
0
0
0
0
0
0
0
1
61
146
202
237
255
235
196
134
52
0
0
0
0
0
0
0
0
0
0
0
0
0
0
2
52
115
174
202
224
212
179
113
46
1
0
0
0
0
0
0
0
0
0
0
0
0
0
2
67
150
220
248
275
276
228
145
60
1
0
0
0
0
0
0
0
0
0
0
0
0
0
2
105
227
343
412
407
362
304
208
84
1
0
0
0
0
0
0