0
0
0
0
0
0
0
1
10
43
90
176
162
185
152
123
47
2
0
0
0
0
0
0
0
0
0
0
0
0
0
1
77
189
285
309
346
321
298
197
86
1
0
0
0
0
0
0
0
0
0
0
0
0
0
1
128
283
396
423
452
443
370
302
147
6
0
0
0
0
0
0
0
0
0
0
0
0
0
1
106
241
357
476
474
458
395
285
155
5
0
0
0
0
0
0
0
0
0
0
0
0
0
2
76
213
345
443
490
462
353
282
127
1
0
0
0
0
0
0
0
0
0
0
0
0
0
1
123
296
445
543
579
550
466
317
146
3
0
0
0
0
0
0
0
0
0
0
0
0
0
1
118
283
429
517
567
541
455
313
150
4
0
0
0
0
0
0
0
0
0
0
0
0
0
1
84
210
351
399
414
416
339
222
101
2
0
0
0
0
0
0
0
0
0
0
0
0
0
1
94
233
341
389
439
410
387
249
106
2
0
0
0
0
0
0
0
0
0
0
0
0
0
1
130
313
474
581
624
597
510
363
179
8
0
0
0
0
0
0
0
0
0
0
0
0
0
1
93
230
347
423
452
435
358
249
130
4
0
0
0
0
0
0
0
0
0
0
0
0
0
1
114
277
416
521
564
547
481
344
169
10
0
0
0
0
0
0
0
0
0
0
0
0
0
2
139
337
373
332
254
376
413
335
112
3
0
0
0
0
0
0
0
0
0
0
0
0
0
2
133
322
483
587
628
600
508
361
180
8
0
0
0
0
0
0
0
0
0
0
0
0
0
1
98
271
428
507
498
468
415
290
157
5
0
0
0
0
0
0
0
0
0
0
0
0
0
2
117
238
398
521
585
485
401
281
121
4
0
0
0
0
0
0
0
0
0
0
0
0
0
2
124
300
453
540
580
552
460
330
169
8
0
0
0
0
0
0
0
0
0
0
0
0
0
1
82
195
252
348
370
384
319
269
142
3
0
0
0
0
0
0
0
0
0
0
0
0
0
4
90
232
336
382
566
494
427
300
178
8
0
0
0
0
0
0
0
0
0
0
0
0
0
2
96
242
346
431
420
389
345
270
126
3
0
0
0
0
0
0
0
0
0
0
0
0
0
3
113
310
366
476
534
364
374
298
143
6
0
0
0
0
0
0
0
0
0
0
0
0
0
2
136
321
481
592
638
615
526
389
209
16
0
0
0
0
0
0
0
0
0
0
0
0
0
2
140
324
482
585
625
608
526
391
215
18
0
0
0
0
0
0
0
0
0
0
0
0
0
2
153
350
517
631
680
658
566
417
228
18
0
0
0
0
0
0
0
0
0
0
0
0
0
2
126
294
483
560
511
428
326
256
127
4
0
0
0
0
0
0
0
0
0
0
0
0
0
3
133
305
465
575
615
596
517
379
208
19
0
0
0
0
0
0
0
0
0
0
0
0
0
14
152
251
362
433
323
301
111
63
59
5
0
0
0
0
0
0
0
0
0
0
0
0
0
1
80
161
259
295
327
351
313
236
127
14
0
0
0
0
0
0
0
0
0
0
0
0
0
4
133
303
473
558
590
531
457
340
193
19
0
0
0
0
0
0
0
0
0
0
0
0
0
1
83
193
323
398
375
382
328
225
124
5
0
0
0
0
0
0
0
0
0
0
0
0
0
1
95
208
374
498
494
467
392
280
162
16
0
0
0
0
0
0
0
0
0
0
0
0
0
7
143
318
393
497
523
554
492
295
176
19
0
0
0
0
0
0
0
0
0
0
0
0
0
17
168
308
575
602
237
124
128
205
148
6
0
0
0
0
0
0
0
0
0
0
0
0
0
7
127
378
560
571
470
241
176
162
106
5
0
0
0
0
0
0
0
0
0
0
0
0
0
5
110
300
472
527
572
504
463
310
185
16
0
0
0
0
0
0
0
0
0
0
0
0
0
4
157
336
490
578
628
622
545
419
234
31
0
0
0
0
0
0
0
0
0
0
0
0
0
2
29
145
235
529
286
666
643
145
167
58
0
0
0
0
0
0
0
0
0
0
0
0
0
4
96
200
288
363
406
436
351
283
224
83
0
0
0
0
0
0
0
0
0
0
0
0
0
24
149
252
392
251
388
191
453
358
287
19
0
0
0
0
0
0
0
0
0
0
0
0
0
7
161
346
503
620
648
608
565
438
273
89
0
0
0
0
0
0
0
0
0
0
0
0
0
2
51
117
162
192
223
236
220
188
111
37
0
0
0
0
0
0
0
0
0
0
0
0
0
2
42
181
321
406
497
474
480
443
302
98
0
0
0
0
0
0
0
0
0
0
0
0
0
8
183
377
546
656
708
682
602
459
275
90
0
0
0
0
0
0
0
0
0
0
0
0
0
4
155
264
192
53
330
493
456
371
288
105
1
0
0
0
0
0
0
0
0
0
0
0
0
3
89
197
265
264
318
292
268
245
155
60
0
0
0
0
0
0
0
0
0
0
0
0
0
3
189
330
498
286
127
253
505
308
278
119
3
0
0
0
0
0
0
0
0
0
0
0
0
5
95
351
425
441
432
544
331
491
253
69
2
0
0
0
0
0
0
0
0
0
0
0
0
12
195
384
545
649
697
692
615
486
300
107
0
0
0
0
0
0
0
0
0
0
0
0
0
9
149
257
312
455
577
597
618
527
293
98
2
0
0
0
0
0
0
0
0
0
0
0
0
16
228
440
617
736
789
768
678
527
329
121
0
0
0
0
0
0
0
0
0
0
0
0
0
16
219
419
592
707
761
745
659
512
320
120
1
0
0
0
0
0
0
0
0
0
0
0
0
16
211
413
583
693
753
732
641
494
309
115
1
0
0
0
0
0
0
0
0
0
0
0
0
18
217
413
580
698
741
712
628
487
302
114
1
0
0
0
0
0
0
0
0
0
0
0
0
16
183
347
486
576
611
598
523
413
251
93
1
0
0
0
0
0
0
0
0
0
0
0
0
16
183
362
522
638
726
572
517
446
273
94
1
0
0
0
0
0
0
0
0
0
0
0
0
23
238
444
614
728
781
762
679
533
338
132
1
0
0
0
0
0
0
0
0
0
0
0
0
21
205
398
534
637
672
666
590
454
288
107
1
0
0
0
0
0
0
0
0
0
0
0
0
20
204
364
528
604
646
676
553
488
327
134
2
0
0
0
0
0
0
0
0
0
0
0
0
27
238
435
606
709
766
757
678
536
351
143
2
0
0
0
0
0
0
0
0
0
0
0
0
28
241
440
606
713
759
749
664
516
332
136
2
0
0
0
0
0
0
0
0
0
0
0
0
31
248
454
619
730
784
764
670
529
341
141
2
0
0
0
0
0
0
0
0
0
0
0
0
27
214
396
566
676
708
678
610
491
306
123
1
0
0
0
0
0
0
0
0
0
0
0
0
36
263
468
641
757
812
793
712
569
373
159
4
0
0
0
0
0
0
0
0
0
0
0
0
58
191
348
456
545
572
556
473
374
247
103
1
0
0
0
0
0
0
0
0
0
0
0
0
74
240
421
567
656
692
660
580
456
294
127
1
0
0
0
0
0
0
0
0
0
0
0
0
63
236
402
556
624
672
615
537
411
250
109
1
0
0
0
0
0
0
0
0
0
0
0
0
90
293
501
670
779
826
803
719
567
375
164
3
0
0
0
0
0
0
0
0
0
0
0
0
90
283
480
647
760
804
786
711
576
384
175
6
0
0
0
0
0
0
0
0
0
0
0
0
29
111
264
416
572
574
508
544
534
343
186
15
0
0
0
0
0
0
0
0
0
0
0
0
22
180
565
778
642
477
397
325
135
53
14
2
0
0
0
0
0
0
0
0
0
0
0
1
73
205
402
397
430
441
665
807
557
274
14
2
0
0
0
0
0
0
0
0
0
0
0
0
112
323
535
705
819
863
836
747
594
402
184
6
0
0
0
0
0
0
0
0
0
0
0
0
111
321
532
698
809
846
820
731
582
386
174
5
0
0
0
0
0
0
0
0
0
0
0
0
110
311
513
673
784
821
803
727
577
391
182
8
0
0
0
0
0
0
0
0
0
0
0
1
110
301
493
654
745
779
768
688
542
358
180
9
0
0
0
0
0
0
0
0
0
0
0
0
67
204
219
177
413
395
298
279
50
98
66
3
0
0
0
0
0
0
0
0
0
0
0
1
69
175
312
393
459
438
444
386
286
180
78
2
0
0
0
0
0
0
0
0
0
0
0
1
100
304
460
601
677
706
706
676
498
298
151
7
0
0
0
0
0
0
0
0
0
0
0
2
94
260
387
510
561
614
591
520
377
252
117
2
0
0
0
0
0
0
0
0
0
0
0
2
132
336
531
690
793
845
824
738
600
407
197
11
0
0
0
0
0
0
0
0
0
0
0
1
115
308
482
600
696
684
654
599
461
308
156
7
0
0
0
0
0
0
0
0
0
0
0
2
149
363
562
722
829
865
841
753
605
415
201
10
0
0
0
0
0
0
0
0
0
0
0
3
144
347
545
710
813
863
833
752
604
414
203
13
0
0
0
0
0
0
0
0
0
0
0
3
164
386
598
767
877
917
888
791
636
436
212
12
0
0
0
0
0
0
0
0
0
0
0
4
163
376
579
741
836
871
838
749
600
408
195
9
0
0
0
0
0
0
0
0
0
0
0
4
165
382
588
748
852
893
874
784
633
436
218
15
0
0
0
0
0
0
0
0
0
0
0
6
103
247
379
516
546
521
650
564
347
271
140
3
0
0
0
0
0
0
0
0
0
0
0
5
92
162
357
268
470
563
779
661
702
480
238
20
0
0
0
0
0
0
0
0
0
0
0
6
152
319
456
614
741
788
768
668
567
379
183
11
0
0
0
0
0
0
0
0
0
0
0
2
54
118
187
236
263
279
277
254
197
133
64
4
0
0
0
0
0
0
0
0
0
0
0
7
168
369
568
714
813
849
814
741
593
413
213
20
0
0
0
0
0
0
0
0
0
0
0
5
145
299
423
557
583
630
599
518
401
289
124
4
0
0
0
0
0
0
0
0
0
0
0
10
199
419
620
780
877
911
886
801
648
452
233
20
0
0
0
0
0
0
0
0
0
0
0
12
224
458
670
834
937
972
937
837
672
467
240
16
0
0
0
0
0
0
0
0
0
0
0
22
249
508
744
815
516
556
624
402
399
249
140
5
0
0
0
0
0
0
0
0
0
0
0
14
197
406
567
714
796
830
784
696
534
380
189
14
0
0
0
0
0
0
0
0
0
0
0
14
199
400
591
743
841
875
834
750
609
429
226
21
0
0
0
0
0
0
0
0
0
0
0
3
121
193
430
611
745
740
638
592
400
216
81
7
0
0
0
0
0
0
0
0
0
0
0
15
204
391
565
684
792
848
817
738
598
422
228
24
0
0
0
0
0
0
0
0
0
0
0
14
207
391
577
680
784
814
737
672
597
399
194
20
0
0
0
0
0
0
0
0
0
0
0
4
161
313
464
572
593
614
611
535
412
239
130
8
0
0
0
0
0
0
0
0
0
0
0
4
116
277
463
548
633
614
588
482
430
330
158
18
0
0
0
0
0
0
0
0
0
0
0
16
164
337
437
514
378
535
524
550
431
278
169
6
0
0
0
0
0
0
0
0
0
0
0
5
37
282
257
277
628
1088
374
535
535
378
105
7
0
0
0
0
0
0
0
0
0
0
0
27
249
469
666
825
929
961
934
835
684
485
262
32
0
0
0
0
0
0
0
0
0
0
0
5
119
208
368
530
574
592
591
485
387
291
165
12
0
0
0
0
0
0
0
0
0
0
0
32
261
483
682
839
935
973
944
848
695
501
275
37
0
0
0
0
0
0
0
0
0
0
0
35
271
497
698
858
955
983
945
847
690
490
266
32
0
0
0
0
0
0
0
0
0
0
0
28
240
436
629
750
814
825
802
667
541
407
225
26
0
0
0
0
0
0
0
0
0
0
0
63
237
439
594
733
813
844
806
722
596
400
199
18
0
0
0
0
0
0
0
0
0
0
0
75
266
485
686
840
934
968
930
836
685
486
267
74
0
0
0
0
0
0
0
0
0
0
0
80
278
502
706
867
968
1006
972
874
716
511
284
80
0
0
0
0
0
0
0
0
0
0
0
75
252
457
637
785
871
900
867
798
662
471
266
79
0
0
0
0
0
0
0
0
0
0
0
79
261
474
644
777
871
898
863
785
634
461
249
70
0
0
0
0
0
0
0
0
0
0
0
85
277
489
670
808
898
933
895
806
658
472
265
77
0
0
0
0
0
0
0
0
0
0
0
83
265
455
634
771
852
898
864
766
636
456
249
72
0
0
0
0
0
0
0
0
0
0
1
92
260
446
577
753
658
727
646
696
572
397
175
47
0
0
0
0
0
0
0
0
0
0
0
34
149
203
352
414
396
562
557
582
447
392
213
90
0
0
0
0
0
0
0
0
0
0
0
91
281
493
682
826
910
948
926
829
684
487
276
87
0
0
0
0
0
0
0
0
0
0
0
102
307
529
728
883
980
1010
973
877
722
521
296
93
0
0
0
0
0
0
0
0
0
0
0
100
296
504
683
830
915
947
905
809
663
474
269
82
0
0
0
0
0
0
0
0
0
0
0
99
292
501
692
820
913
927
891
793
646
465
262
82
0
0
0
0
0
0
0
0
0
0
1
105
296
505
691
829
914
935
907
818
666
489
278
89
0
0
0
0
0
0
0
0
0
0
1
103
288
487
659
797
877
905
874
798
663
483
289
96
0
0
0
0
0
0
0
0
0
0
1
118
330
579
772
897
606
629
585
517
450
351
206
70
0
0
0
0
0
0
0
0
0
0
1
110
290
488
612
692
809
749
750
730
569
423
241
94
0
0
0
0
0
0
0
0
0
0
1
112
303
505
687
822
909
937
902
808
667
484
280
94
0
0
0
0
0
0
0
0
0
0
1
96
263
443
601
722
799
814
781
703
578
416
240
81
0
0
0
0
0
0
0
0
0
0
2
112
280
519
654
750
825
672
697
627
504
426
234
79
1
0
0
0
0
0
0
0
0
0
1
102
273
452
615
734
811
834
804
725
596
435
253
88
0
0
0
0
0
0
0
0
0
0
2
116
305
505
681
820
908
946
926
837
696
520
310
112
1
0
0
0
0
0
0
0
0
0
1
118
264
459
662
886
559
595
563
549
441
401
286
125
2
0
0
0
0
0
0
0
0
0
2
137
355
583
786
942
595
593
575
503
420
295
173
58
0
0
0
0
0
0
0
0
0
0
1
60
152
267
338
409
429
490
507
468
371
269
147
53
1
0
0
0
0
0
0
0
0
0
2
125
312
516
685
813
896
919
874
791
661
485
292
107
1
0
0
0
0
0
0
0
0
0
2
110
277
452
617
781
856
881
830
752
613
435
257
89
1
0
0
0
0
0
0
0
0
0
3
129
325
530
713
855
948
972
933
845
708
517
308
114
1
0
0
0
0
0
0
0
0
0
3
138
338
542
722
845
925
953
915
824
682
502
302
110
1
0
0
0
0
0
0
0
0
0
3
133
328
529
701
830
903
933
899
811
669
490
295
112
1
0
0
0
0
0
0
0
0
0
3
122
296
466
617
733
804
822
786
706
599
444
262
102
1
0
0
0
0
0
0
0
0
0
6
162
352
613
828
1003
692
701
484
406
192
214
138
55
2
0
0
0
0
0
0
0
0
0
4
154
372
606
810
956
582
576
562
506
432
311
188
74
1
0
0
0
0
0
0
0
0
0
5
128
306
507
763
865
417
448
438
386
317
258
167
78
4
0
0
0
0
0
0
0
0
0
3
117
302
500
663
796
862
897
858
754
662
484
293
113
2
0
0
0
0
0
0
0
0
0
4
125
298
470
616
733
802
824
793
718
588
430
263
103
1
0
0
0
0
0
0
0
0
0
5
159
367
579
761
898
983
1012
981
884
740
555
344
138
2
0
0
0
0
0
0
0
0
0
5
151
352
554
735
874
956
989
955
866
718
537
335
135
3
0
0
0
0
0
0
0
0
0
3
114
285
439
607
720
768
759
809
707
565
385
260
97
1
0
0
0
0
0
0
0
0
0
5
145
337
536
715
855
933
970
935
834
695
525
325
136
4
0
0
0
0
0
0
0
0
0
5
145
340
533
709
847
927
958
920
831
683
494
299
117
1
0
0
0
0
0
0
0
0
0
6
157
362
573
758
900
991
1023
992
899
756
567
354
146
4
0
0
0
0
0
0
0
0
0
5
141
327
522
691
813
888
928
900
821
686
517
321
132
4
0
0
0
0
0
0
0
0
0
5
147
339
538
708
832
922
960
925
832
698
520
320
134
3
0
0
0
0
0
0
0
0
0
5
147
339
533
709
841
924
956
921
837
704
527
327
138
4
0
0
0
0
0
0
0
0
0
6
141
324
506
666
816
882
896
866
817
693
523
336
145
6
0
0
0
0
0
0
0
0
0
6
145
332
526
704
832
907
941
900
812
678
501
306
125
2
0
0
0
0
0
0
0
0
0
6
148
341
542
715
850
934
964
937
846
706
530
332
142
5
0
0
0
0
0
0
0
0
0
5
132
311
504
670
801
883
897
843
768
621
455
281
110
1
0
0
0
0
0
0
0
0
0
2
106
249
399
497
620
744
755
739
672
577
444
281
127
7
0
0
0
0
0
0
0
0
0
6
159
363
572
756
895
983
1011
980
889
748
561
354
153
5
0
0
0
0
0
0
0
0
0
8
169
399
637
842
975
460
499
454
373
271
170
112
43
2
0
0
0
0
0
0
0
0
0
2
87
85
46
61
73
80
916
1076
908
630
386
341
151
2
0
0
0
0
0
0
0
0
0
6
142
310
481
646
796
856
878
871
791
637
485
304
127
4
0
0
0
0
0
0
0
0
0
2
30
177
377
419
345
354
87
311
721
429
531
406
102
2
0
0
0
0
0
0
0
0
0
6
141
320
509
671
791
841
841
818
737
622
475
298
128
2
0
0
0
0
0
0
0
0
0
6
148
342
532
705
835
907
931
899
823
700
531
336
145
5
0
0
0
0
0
0
0
0
0
6
138
319
497
664
783
858
904
892
782
644
467
292
127
4
0
0
0
0
0
0
0
0
0
8
147
331
503
661
762
822
867
846
756
606
458
274
116
2
0
0
0
0
0
0
0
0
0
6
132
306
485
655
787
885
913
887
821
716
540
346
156
9
0
0
0
0
0
0
0
0
0
6
146
341
543
728
866
960
986
958
876
738
559
354
156
7
0
0
0
0
0
0
0
0
0
6
140
301
487
648
781
861
902
865
786
665
484
304
135
6
0
0
0
0
0
0
0
0
0
4
129
322
492
652
757
820
880
892
786
677
502
315
137
7
0
0
0
0
0
0
0
0
0
5
125
305
472
615
716
787
863
863
778
696
502
341
143
10
0
0
0
0
0
0
0
0
0
5
131
305
477
613
732
824
834
817
798
678
532
344
163
14
0
0
0
0
0
0
0
0
0
5
133
306
497
665
794
870
884
872
829
713
539
343
152
7
0
0
0
0
0
0
0
0
0
5
147
344
547
722
858
944
976
954
875
737
556
357
161
8
0
0
0
0
0
0
0
0
0
5
143
336
539
719
858
948
974
948
867
731
557
357
160
8
0
0
0
0
0
0
0
0
0
5
129
318
493
662
789
880
915
877
799
679
510
319
146
6
0
0
0
0
0
0
0
0
0
4
119
282
439
638
751
842
847
850
795
678
492
330
158
9
0
0
0
0
0
0
0
0
0
5
112
253
443
618
725
792
803
871
721
602
445
259
134
6
0
0
0
0
0
0
0
0
0
4
137
328
523
701
846
938
971
951
871
736
559
359
161
9
0
0
0
0
0
0
0
0
0
4
130
308
491
661
800
894
916
906
806
675
492
317
143
5
0
0
0
0
0
0
0
0
0
4
125
304
497
665
808
908
939
916
855
724
549
349
159
9
0
0
0
0
0
0
0
0
0
2
61
167
271
332
441
459
482
487
410
360
243
141
59
2
0
0
0
0
0
0
0
0
0
4
134
330
535
698
844
914
921
891
809
672
502
308
133
3
0
0
0
0
0
0
0
0
0
3
147
318
513
528
553
562
681
734
774
598
471
367
145
8
0
0
0
0
0
0
0
0
0
2
75
173
277
368
451
466
445
438
401
332
233
148
66
2
0
0
0
0
0
0
0
0
0
3
114
286
469
637
762
820
874
844
791
693
540
359
161
11
0
0
0
0
0
0
0
0
0
4
133
322
528
700
846
932
933
889
814
687
519
338
155
6
0
0
0
0
0
0
0
0
0
3
132
320
517
688
837
908
935
900
828
690
519
320
142
4
0
0
0
0
0
0
0
0
0
3
127
318
520
705
843
935
970
939
867
735
558
356
158
8
0
0
0
0
0
0
0
0
0
3
124
316
509
697
834
903
937
883
804
679
520
335
148
6
0
0
0
0
0
0
0
0
0
3
128
324
536
726
881
976
1017
994
903
765
577
369
165
8
0
0
0
0
0
0
0
0
0
3
129
327
537
725
873
967
1008
984
897
753
571
362
159
6
0
0
0
0
0
0
0
0
0
2
120
307
511
695
842
944
973
947
865
736
562
358
156
7
0
0
0
0
0
0
0
0
0
2
114
301
501
689
834
921
962
948
867
729
556
355
160
8
0
0
0
0
0
0
0
0
0
2
121
311
520
710
857
942
969
937
843
706
533
329
140
4
0
0
0
0
0
0
0
0
0
2
117
305
513
696
834
925
961
937
857
711
538
338
143
4
0
0
0
0
0
0
0
0
0
2
118
308
512
689
834
922
965
938
857
718
543
342
148
5
0
0
0
0
0
0
0
0
0
1
56
157
309
433
568
603
653
636
539
465
323
211
85
2
0
0
0
0
0
0
0
0
0
1
112
298
498
681
825
923
962
935
856
723
547
343
149
6
0
0
0
0
0
0
0
0
0
1
113
303
509
700
843
938
984
955
876
737
562
354
153
6
0
0
0
0
0
0
0
0
0
1
116
313
528
724
869
964
1005
983
899
758
575
367
159
6
0
0
0
0
0
0
0
0
0
1
106
276
458
640
762
801
897
825
786
647
490
300
135
5
0
0
0
0
0
0
0
0
0
1
88
238
401
582
669
721
786
774
708
617
486
309
148
7
0
0
0
0
0
0
0
0
0
1
109
302
513
706
849
938
978
958
869
730
546
340
141
3
0
0
0
0
0
0
0
0
0
0
75
224
385
549
666
774
824
812
730
600
455
267
104
2
0
0
0
0
0
0
0
0
0
1
102
288
498
681
824
913
949
924
840
706
528
325
132
3
0
0
0
0
0
0
0
0
0
0
90
251
430
604
731
808
854
806
704
580
435
273
111
1
0
0
0
0
0
0
0
0
0
0
81
232
412
592
727
803
825
793
720
606
450
281
113
3
0
0
0
0
0
0
0
0
0
1
100
288
496
684
822
912
945
922
840
698
518
312
123
1
0
0
0
0
0
0
0
0
0
1
83
254
419
603
661
787
853
816
773
637
476
283
113
2
0
0
0
0
0
0
0
0
0
1
102
310
540
768
914
464
425
441
544
376
218
99
40
1
0
0
0
0
0
0
0
0
0
0
64
158
423
604
907
404
577
748
749
603
296
96
48
1
0
0
0
0
0
0
0
0
0
0
35
107
193
280
349
393
407
401
364
284
198
113
42
1
0
0
0
0
0
0
0
0
0
0
86
267
436
588
728
852
893
869
807
695
536
324
135
4
0
0
0
0
0
0
0
0
0
0
89
271
479
656
802
883
925
904
831
684
512
310
118
1
0
0
0
0
0
0
0
0
0
0
89
280
491
675
828
933
967
939
857
711
522
316
122
1
0
0
0
0
0
0
0
0
0
0
66
210
365
508
635
697
736
718
647
532
396
235
82
1
0
0
0
0
0
0
0
0
0
0
44
45
114
74
75
643
546
429
754
725
590
337
111
2
0
0
0
0
0
0
0
0
0
0
83
266
471
660
795
896
925
901
825
692
514
312
117
2
0
0
0
0
0
0
0
0
0
0
84
274
487
679
832
935
965
943
851
707
522
310
113
1
0
0
0
0
0
0
0
0
0
0
75
247
444
633
767
866
887
874
792
664
481
282
103
1
0
0
0
0
0
0
0
0
0
0
77
258
464
659
819
923
966
944
854
713
530
314
111
1
0
0
0
0
0
0
0
0
0
0
64
220
387
532
660
756
797
761
679
551
394
236
82
0
0
0
0
0
0
0
0
0
0
0
77
261
474
668
827
920
955
925
840
689
499
283
97
0
0
0
0
0
0
0
0
0
0
0
75
259
476
672
823
923
957
926
835
686
499
289
99
0
0
0
0
0
0
0
0
0
0
0
72
252
466
661
814
911
952
923
830
688
504
294
100
1
0
0
0
0
0
0
0
0
0
0
73
259
472
666
815
914
953
925
841
707
513
300
102
0
0
0
0
0
0
0
0
0
0
0
75
269
490
692
848
946
987
961
869
721
524
305
101
0
0
0
0
0
0
0
0
0
0
0
71
260
478
677
836
943
974
945
858
709
510
291
94
0
0
0
0
0
0
0
0
0
0
0
66
232
417
592
723
834
788
724
679
536
388
215
67
0
0
0
0
0
0
0
0
0
0
0
37
235
384
580
623
692
732
780
758
637
433
220
72
0
0
0
0
0
0
0
0
0
0
0
30
236
442
638
797
873
915
868
776
623
436
241
71
0
0
0
0
0
0
0
0
0
0
0
30
235
432
597
738
824
826
825
737
608
434
233
68
0
0
0
0
0
0
0
0
0
0
0
30
234
435
621
768
861
888
855
775
632
454
250
70
0
0
0
0
0
0
0
0
0
0
0
21
200
392
561
747
875
800
681
592
520
336
217
43
0
0
0
0
0
0
0
0
0
0
0
27
222
435
623
733
813
795
774
717
573
393
219
62
0
0
0
0
0
0
0
0
0
0
0
27
242
460
659
814
917
957
928
838
683
488
268
38
0
0
0
0
0
0
0
0
0
0
0
24
213
433
641
742
822
826
787
682
559
396
218
27
0
0
0
0
0
0
0
0
0
0
0
23
219
412
605
739
835
882
866
778
626
437
231
29
0
0
0
0
0
0
0
0
0
0
0
25
238
456
645
803
891
920
890
794
646
451
235
25
0
0
0
0
0
0
0
0
0
0
0
21
203
385
540
689
723
736
786
735
588
425
215
19
0
0
0
0
0
0
0
0
0
0
0
24
260
499
712
885
547
531
484
362
282
225
119
15
0
0
0
0
0
0
0
0
0
0
0
17
195
234
317
286
311
231
400
545
452
449
263
59
0
0
0
0
0
0
0
0
0
0
0
29
188
444
590
658
677
659
603
570
544
362
181
12
0
0
0
0
0
0
0
0
0
0
0
7
147
270
497
551
613
656
759
568
484
261
126
4
0
0
0
0
0
0
0
0
0
0
0
23
203
349
460
654
739
633
711
537
420
274
115
4
0
0
0
0
0
0
0
0
0
0
0
18
202
415
590
734
813
808
776
685
551
392
200
13
0
0
0
0
0
0
0
0
0
0
0
15
201
384
545
673
762
762
752
681
576
384
181
13
0
0
0
0
0
0
0
0
0
0
0
16
211
413
607
761
837
844
810
697
558
375
181
11
0
0
0
0
0
0
0
0
0
0
0
16
215
422
614
755
846
871
837
743
594
405
197
12
0
0
0
0
0
0
0
0
0
0
0
16
223
442
643
802
899
928
890
789
631
428
206
12
0
0
0
0
0
0
0
0
0
0
0
14
204
412
599
742
827
861
829
730
578
386
183
10
0
0
0
0
0
0
0
0
0
0
0
14
197
404
592
735
821
831
813
701
547
359
170
6
0
0
0
0
0
0
0
0
0
0
0
15
216
384
452
569
525
632
711
656
588
367
185
11
0
0
0
0
0
0
0
0
0
0
0
10
183
380
546
688
794
791
644
540
386
258
132
3
0
0
0
0
0
0
0
0
0
0
0
13
208
420
617
769
862
891
841
738
583
383
173
6
0
0
0
0
0
0
0
0
0
0
0
11
184
381
554
712
797
818
787
687
551
350
154
5
0
0
0
0
0
0
0
0
0
0
0
9
182
373
550
690
787
830
788
681
532
357
161
7
0
0
0
0
0
0
0
0
0
0
0
11
190
396
586
727
819
851
812
713
554
355
155
4
0
0
0
0
0
0
0
0
0
0
0
7
174
360
525
672
769
782
737
643
500
321
144
1
0
0
0
0
0
0
0
0
0
0
0
10
198
409
600
739
823
848
809
705
549
354
150
3
0
0
0
0
0
0
0
0
0
0
0
3
92
197
359
432
489
456
555
675
382
331
174
7
0
0
0
0
0
0
0
0
0
0
0
9
193
409
600
748
816
831
786
684
527
337
140
2
0
0
0
0
0
0
0
0
0
0
0
9
194
409
602
753
843
866
815
711
550
346
138
1
0
0
0
0
0
0
0
0
0
0
0
6
146
317
481
581
642
665
632
514
400
249
93
1
0
0
0
0
0
0
0
0
0
0
0
9
129
229
350
456
530
543
492
434
356
212
69
1
0
0
0
0
0
0
0
0
0
0
0
8
187
400
592
734
816
842
796
692
528
328
123
1
0
0
0
0
0
0
0
0
0
0
0
7
176
382
578
730
816
847
805
695
535
332
128
1
0
0
0
0
0
0
0
0
0
0
0
6
141
311
476
574
638
680
639
551
428
256
93
0
0
0
0
0
0
0
0
0
0
0
0
6
160
350
526
664
742
755
712
614
462
281
100
0
0
0
0
0
0
0
0
0
0
0
0
5
167
363
549
679
761
797
757
648
488
298
105
0
0
0
0
0
0
0
0
0
0
0
0
5
169
376
567
712
799
821
776
665
502
303
105
0
0
0
0
0
0
0
0
0
0
0
0
5
165
369
556
700
785
806
762
655
494
296
101
0
0
0
0
0
0
0
0
0
0
0
0
5
166
374
565
711
792
808
761
647
488
289
95
0
0
0
0
0
0
0
0
0
0
0
0
4
160
364
553
692
782
797
736
633
477
284
92
0
0
0
0
0
0
0
0
0
0
0
0
4
152
345
526
676
770
796
755
645
490
287
91
0
0
0
0
0
0
0
0
0
0
0
0
4
148
328
492
620
706
738
702
593
445
256
81
0
0
0
0
0
0
0
0
0
0
0
0
4
163
369
558
705
793
812
763
654
493
290
90
0
0
0
0
0
0
0
0
0
0
0
0
3
141
318
491
612
694
704
664
587
450
256
76
0
0
0
0
0
0
0
0
0
0
0
0
3
152
361
546
693
780
797
746
635
470
269
77
0
0
0
0
0
0
0
0
0
0
0
0
2
125
274
410
538
617
661
666
567
443
263
51
0
0
0
0
0
0
0
0
0
0
0
0
3
145
346
533
677
761
786
733
618
452
254
34
0
0
0
0
0
0
0
0
0
0
0
0
2
134
327
511
650
721
736
679
581
423
239
30
0
0
0
0
0
0
0
0
0
0
0
0
1
87
237
372
458
517
498
473
379
263
122
5
0
0
0
0
0
0
0
0
0
0
0
0
1
121
248
373
529
574
626
619
390
334
217
5
0
0
0
0
0
0
0
0
0
0
0
0
1
60
154
227
269
318
327
293
244
164
83
5
0
0
0
0
0
0
0
0
0
0
0
0
1
125
355
359
485
248
356
489
322
398
228
57
0
0
0
0
0
0
0
0
0
0
0
0
1
69
168
277
334
378
373
318
252
166
86
4
0
0
0
0
0
0
0
0
0
0
0
0
1
121
304
483
626
698
726
679
569
406
215
19
0
0
0
0
0
0
0
0
0
0
0
0
5
130
285
528
455
150
156
153
179
131
27
4
0
0
0
0
0
0
0
0
0
0
0
0
1
53
125
201
272
340
358
305
235
158
78
4
0
0
0
0
0
0
0
0
0
0
0
0
0
94
264
432
561
614
650
579
500
369
192
20
0
0
0
0
0
0
0
0
0
0
0
0
1
106
291
450
582
650
653
612
518
368
198
18
0
0
0
0
0
0
0
0
0
0
0
0
0
54
181
262
310
347
445
395
307
210
94
3
0
0
0
0
0
0
0
0
0
0
0
0
1
113
309
497
645
733
754
703
589
419
214
16
0
0
0
0
0
0
0
0
0
0
0
0
0
56
168
248
318
342
365
307
234
165
82
3
0
0
0
0
0
0
0
0
0
0
0
0
0
70
181
352
369
350
407
454
431
418
200
8
0
0
0
0
0
0
0
0
0
0
0
0
0
97
269
430
569
648
676
621
523
363
179
11
0
0
0
0
0
0
0
0
0
0
0
0
0
103
293
483
628
702
728
679
556
387
191
11
0
0
0
0
0
0
0
0
0
0
0
0
0
70
194
238
372
549
586
553
471
394
198
15
0
0
0
0
0
0
0
0
0
0
0
0
0
71
213
347
449
504
514
481
386
243
112
2
0
0
0
0
0
0
0
0
0
0
0
0
0
66
200
327
430
489
493
450
379
252
113
2
0
0
0
0
0
0
0
0
0
0
0
0
0
77
258
429
547
571
547
519
420
307
150
3
0
0
0
0
0
0
0
0
0
0
0
0
0
72
229
423
517
619
554
522
444
263
113
4
0
0
0
0
0
0
0
0
0
0
0
0
0
57
198
255
378
391
439
399
271
176
97
2
0
0
0
0
0
0
0
0
0
0
0
0
0
36
118
212
284
339
350
307
231
169
79
2
0
0
0
0
0
0
0
0
0
0
0
0
0
63
135
283
297
397
405
529
502
395
183
6
0
0
0
0
0
0
0
0
0
0
0
0
0
18
58
130
169
205
202
131
102
77
29
1
0
0
0
0
0
0
0
0
0
0
0
0
0
59
196
349
402
455
491
496
387
240
98
1
0
0
0
0
0
0
0
0
0
0
0
0
0
41
119
221
313
355
358
318
283
173
75
1
0
0
0
0
0
0
0
0
0
0
0
0
0
71
248
428
567
644
663
610
494
332
147
3
0
0
0
0
0
0
0
0
0
0
0
0
0
34
250
430
566
649
667
615
499
335
149
3
0
0
0
0
0
0
0
0
0
0
0
0
0
26
210
371
492
562
603
559
446
319
146
5
0
0
0
0
0
0
0
0
0
0
0
0
0
29
229
401
530
620
638
591
483
323
142
4
0
0
0
0
0
0
0
0
0
0
0
0
0
23
175
334
374
476
514
494
398
301
161
6
0
0
0
0
0
0
0
0
0
0
0
0
0
17
156
272
369
436
457
417
343
228
101
1
0
0
0
0
0
0
0
0
0
0
0
0
0
26
228
409
548
632
655
610
499
339
149
3
0
0
0
0
0
0
0
0
0
0
0
0
0
25
233
414
552
632
649
599
488
327
140
2
0
0
0
0
0
0
0
0
0
0
0
0
0
24
227
406
546
630
652
602
485
323
138
2
0
0
0
0
0
0
0
0
0
0
0
0
0
21
215
384
521
596
605
558
439
282
117
1
0
0
0
0
0
0
0
0
0
0
0
0
0
20
209
386
519
607
620
577
474
318
135
2
0
0
0
0
0
0
0
0
0
0
0
0
0
17
166
323
394
368
294
229
235
201
130
1
0
0
0
0
0
0
0
0
0
0
0
0
0
10
151
299
396
462
533
496
322
246
94
2
0
0
0
0
0
0
0
0
0
0
0
0
0
13
169
336
459
554
562
521
424
297
127
2
0
0
0
0
0
0
0
0
0
0
0
0
0
12
167
318
430
521
534
500
406
288
124
2
0
0
0
0
0
0
0
0
0
0
0
0
0
15
203
381
520
606
618
564
458
306
127
1
0
0
0
0
0
0
0
0
0
0
0
0
0
24
73
320
216
322
447
216
151
120
36
1
0
0
0
0
0
0
0
0
0
0
0
0
0
11
158
284
386
455
470
433
353
230
98
1
0
0
0
0
0
0
0
0
0
0
0
0
0
13
191
363
499
575
594
547
446
293
118
1
0
0
0
0
0
0
0
0
0
0
0
0
0
12
186
359
492
576
604
559
454
303
124
1
0
0
0
0
0
0
0
0
0
0
0
0
0
9
126
252
330
398
408
353
286
183
71
1
0
0
0
0
0
0
0
0
0
0
0
0
0
6
111
297
329
277
256
291
155
183
18
1
0
0
0
0
0
0
0
0
0
0
0
0
0
7
157
294
424
506
553
499
403
272
113
1
0
0
0
0
0
0
0
0
0
0
0
0
0
8
153
297
425
501
506
458
358
240
99
1
0
0
0
0
0
0
0
0
0
0
0
0
0
8
169
332
467
549
573
541
436
286
116
1
0
0
0
0
0
0
0
0
0
0
0
0
0
8
128
231
342
471
477
468
407
282
111
1
0
0
0
0
0
0
0
0
0
0
0
0
0
8
84
28
276
289
394
277
306
114
37
2
0
0
0
0
0
0
0
0
0
0
0
0
0
4
122
247
350
405
427
373
293
188
72
1
0
0
0
0
0
0
0
0
0
0
0
0
0
4
123
265
373
457
515
523
414
293
117
1
0
0
0
0
0
0
0
0
0
0
0
0
0
6
157
322
456
529
553
512
418
274
111
1
0
0
0
0
0
0
0
0
0
0
0
0
0
5
135
282
395
470
490
449
360
230
92
1
0
0
0
0
0
0
0
0
0
0
0
0
0
2
96
239
353
402
436
411
334
220
90
1
0
0
0
0
0
0
0
0
0
0
0
0
0
4
126
277
376
456
484
480
398
241
89
1
0
0
0
0
0
0
0
0
0
0
0
0
0
1
103
250
378
433
439
403
322
234
94
1
0
0
0
0
0
0
0
0
0
0
0
0
0
3
117
251
372
448
467
430
351
224
88
1
0
0
0
0
0
0
0
0
0
0
0
0
0
1
73
169
246
298
319
289
224
142
63
1
0
0
0
0
0
0
0
0
0
0
0
0
0
3
103
218
322
372
393
368
295
193
79
1
0
0
0
0
0
0
0
0
0
0
0
0
0
1
77
195
291
343
383
353
273
184
76
1
0
0
0
0
0
0
0
0
0
0
0
0
0
3
143
318
465
554
576
532
433
289
118
1
0
0
0
0
0
0
0
0
0
0
0
0
0
2
86
196
302
312
323
325
268
168
65
1
0
0
0
0
0
0
0
0
0
0
0
0
0
2
122
275
386
485
494
468
376
257
114
1
0
0
0
0
0
0
0
0
0
0
0
0
0
5
98
304
265
175
407
453
379
124
113
5
0
0
0
0
0
0
0
0
0
0
0
0
0
1
82
173
263
344
370
337
284
187
80
1
0
0
0
0
0
0
0
0
0
0
0
0
0
1
75
193
263
304
300
278
238
169
64
1
0
0
0
0
0
0
0
0
0
0
0
0
0
1
112
256
367
436
457
434
358
228
95
1
0
0
0
0
0
0
0
0
0
0
0
0
0
2
119
272
408
493
522
427
370
242
94
2
0
0
0
0
0
0
0
0
0
0
0
0
0
1
101
237
378
459
483
490
424
288
132
3
0
0
0
0
0
0
0
0
0
0
0
0
0
1
94
215
321
432
413
399
390
280
144
4
0
0
0
0
0
0
0
0
0
0
0
0
0
8
145
214
335
160
308
249
68
85
152
6
0
0
0
0
0
0
0
0
0
0
0
0
0
2
123
291
439
539
576
548
456
309
137
3
0
0
0
0
0
0
0
0
0
0
0
0
0
2
117
281
422
517
544
526
438
293
130
3
0
0
0
0
0
0
0
0
0
0
0
0
0
1
54
134
219
263
274
260
193
130
54
1
0
0
0
0
0
0
0
0
0
0
0
0
0
1
66
156
228
270
301
309
237
155
69
1
0
0
0
0
0
0