0
0
0
0
0
0
0
1
67
156
230
246
276
257
243
165
77
2
0
0
0
0
0
0
0
0
0
0
0
0
0
2
146
303
412
433
461
456
385
327
172
10
0
0
0
0
0
0
0
0
0
0
0
0
0
2
143
320
467
568
603
578
493
355
182
8
0
0
0
0
0
0
0
0
0
0
0
0
0
2
139
314
464
561
604
579
496
357
181
9
0
0
0
0
0
0
0
0
0
0
0
0
0
2
136
314
463
562
600
577
494
354
184
10
0
0
0
0
0
0
0
0
0
0
0
0
0
3
151
342
504
612
655
629
536
387
198
10
0
0
0
0
0
0
0
0
0
0
0
0
0
2
149
338
496
600
641
614
526
377
193
9
0
0
0
0
0
0
0
0
0
0
0
0
0
2
128
288
429
506
568
545
466
326
172
8
0
0
0
0
0
0
0
0
0
0
0
0
0
2
139
321
460
543
580
560
480
349
186
11
0
0
0
0
0
0
0
0
0
0
0
0
0
2
139
353
500
634
657
697
599
437
231
23
0
0
0
0
0
0
0
0
0
0
0
0
0
2
125
285
433
529
583
556
486
347
181
13
0
0
0
0
0
0
0
0
0
0
0
0
0
2
149
339
503
609
652
631
542
395
210
14
0
0
0
0
0
0
0
0
0
0
0
0
0
2
130
300
439
520
569
544
489
346
177
11
0
0
0
0
0
0
0
0
0
0
0
0
0
3
158
360
529
642
690
666
574
421
228
17
0
0
0
0
0
0
0
0
0
0
0
0
0
2
146
326
478
577
617
597
518
380
205
14
0
0
0
0
0
0
0
0
0
0
0
0
0
3
143
322
479
574
609
587
506
377
205
17
0
0
0
0
0
0
0
0
0
0
0
0
0
3
155
350
514
626
676
657
571
427
237
21
0
0
0
0
0
0
0
0
0
0
0
0
0
2
137
301
450
546
586
536
482
374
207
22
0
0
0
0
0
0
0
0
0
0
0
0
0
3
146
330
486
592
636
618
536
397
221
21
0
0
0
0
0
0
0
0
0
0
0
0
0
3
136
307
432
552
600
594
512
377
208
18
0
0
0
0
0
0
0
0
0
0
0
0
0
3
147
328
484
584
626
618
534
393
224
25
0
0
0
0
0
0
0
0
0
0
0
0
0
3
164
367
538
654
703
683
592
443
252
26
0
0
0
0
0
0
0
0
0
0
0
0
0
3
169
369
535
650
700
682
601
456
264
31
0
0
0
0
0
0
0
0
0
0
0
0
0
4
183
398
576
696
747
725
630
473
272
28
0
0
0
0
0
0
0
0
0
0
0
0
0
3
144
317
461
570
618
606
545
417
247
34
0
0
0
0
0
0
0
0
0
0
0
0
0
4
164
361
530
643
690
672
587
442
255
31
0
0
0
0
0
0
0
0
0
0
0
0
0
4
153
344
428
453
432
494
485
391
189
22
0
0
0
0
0
0
0
0
0
0
0
0
0
3
90
298
491
552
468
425
415
293
199
10
0
0
0
0
0
0
0
0
0
0
0
0
0
4
160
353
516
630
683
673
591
447
262
37
0
0
0
0
0
0
0
0
0
0
0
0
0
3
146
312
468
575
599
550
502
394
246
42
0
0
0
0
0
0
0
0
0
0
0
0
0
5
153
322
459
561
608
602
545
424
251
77
0
0
0
0
0
0
0
0
0
0
0
0
0
7
111
344
261
381
460
75
222
237
100
18
0
0
0
0
0
0
0
0
0
0
0
0
0
2
63
163
242
309
300
253
199
149
95
39
0
0
0
0
0
0
0
0
0
0
0
0
0
2
54
137
212
192
277
463
504
415
324
91
0
0
0
0
0
0
0
0
0
0
0
0
0
2
95
219
329
419
456
436
386
294
172
54
0
0
0
0
0
0
0
0
0
0
0
0
0
7
184
380
545
648
703
680
598
461
276
89
0
0
0
0
0
0
0
0
0
0
0
0
0
6
172
362
523
642
697
688
613
476
290
98
0
0
0
0
0
0
0
0
0
0
0
0
0
8
195
407
585
705
762
745
659
508
310
104
0
0
0
0
0
0
0
0
0
0
0
0
0
7
181
373
534
647
698
686
609
475
292
98
0
0
0
0
0
0
0
0
0
0
0
0
0
8
175
352
507
613
658
647
574
446
275
98
0
0
0
0
0
0
0
0
0
0
0
0
0
14
143
260
379
445
520
581
535
431
71
46
0
0
0
0
0
0
0
0
0
0
0
0
0
10
207
419
598
717
777
760
671
523
325
115
0
0
0
0
0
0
0
0
0
0
0
0
0
10
202
403
574
690
741
727
643
499
312
112
0
0
0
0
0
0
0
0
0
0
0
0
0
9
173
332
461
577
623
580
588
418
234
69
0
0
0
0
0
0
0
0
0
0
0
0
0
12
205
403
569
680
731
714
635
496
314
116
0
0
0
0
0
0
0
0
0
0
0
0
0
11
177
346
488
577
620
606
533
415
261
97
0
0
0
0
0
0
0
0
0
0
0
0
0
12
187
356
499
597
648
636
559
443
284
109
0
0
0
0
0
0
0
0
0
0
0
0
0
14
222
426
591
703
751
734
653
513
329
127
1
0
0
0
0
0
0
0
0
0
0
0
0
13
179
329
453
543
591
573
513
401
249
98
1
0
0
0
0
0
0
0
0
0
0
0
0
26
210
98
236
317
653
542
330
213
169
80
2
0
0
0
0
0
0
0
0
0
0
0
0
16
213
401
552
648
710
681
599
476
301
120
1
0
0
0
0
0
0
0
0
0
0
0
0
16
201
384
559
663
713
701
627
500
332
138
2
0
0
0
0
0
0
0
0
0
0
0
0
16
200
393
560
645
684
685
616
490
317
133
2
0
0
0
0
0
0
0
0
0
0
0
0
15
184
350
458
535
577
595
519
404
271
112
1
0
0
0
0
0
0
0
0
0
0
0
0
24
258
476
658
780
835
818
731
580
375
154
2
0
0
0
0
0
0
0
0
0
0
0
0
26
269
491
674
799
852
831
739
584
380
157
2
0
0
0
0
0
0
0
0
0
0
0
0
16
165
289
393
522
502
515
457
356
231
88
1
0
0
0
0
0
0
0
0
0
0
0
0
27
246
423
579
592
662
637
570
429
258
111
1
0
0
0
0
0
0
0
0
0
0
0
0
22
161
286
395
437
474
436
385
305
231
76
1
0
0
0
0
0
0
0
0
0
0
0
0
30
247
446
610
724
767
751
685
544
362
157
3
0
0
0
0
0
0
0
0
0
0
0
0
23
196
272
335
413
515
511
488
401
359
192
10
0
0
0
0
0
0
0
0
0
0
0
0
35
175
264
107
175
304
617
528
697
253
122
16
0
0
0
0
0
0
0
0
0
0
0
0
29
197
344
493
525
252
484
613
321
269
191
15
0
0
0
0
0
0
0
0
0
0
0
0
84
296
512
688
810
861
838
747
595
396
176
4
0
0
0
0
0
0
0
0
0
0
0
0
75
276
492
653
821
914
924
781
646
412
179
8
0
0
0
0
0
0
0
0
0
0
0
0
92
307
524
701
820
872
851
763
614
413
189
5
0
0
0
0
0
0
0
0
0
0
0
0
80
256
411
512
589
623
595
551
420
287
129
2
0
0
0
0
0
0
0
0
0
0
0
0
90
278
465
624
730
773
760
688
566
380
183
7
0
0
0
0
0
0
0
0
0
0
0
0
90
279
472
625
737
771
757
697
563
384
184
7
0
0
0
0
0
0
0
0
0
0
0
0
100
298
489
635
733
765
764
667
544
370
165
4
0
0
0
0
0
0
0
0
0
0
0
0
118
347
573
752
870
917
895
804
647
441
208
7
0
0
0
0
0
0
0
0
0
0
0
0
104
302
497
650
754
776
772
696
555
374
178
5
0
0
0
0
0
0
0
0
0
0
0
0
42
125
191
258
308
310
288
269
226
146
70
2
0
0
0
0
0
0
0
0
0
0
0
0
70
208
308
383
446
544
511
436
319
225
119
3
0
0
0
0
0
0
0
0
0
0
0
0
42
60
207
179
136
300
499
596
726
494
239
34
0
0
0
0
0
0
0
0
0
0
0
1
113
301
476
597
680
687
681
604
480
327
150
3
0
0
0
0
0
0
0
0
0
0
0
1
117
313
497
637
744
800
773
699
571
393
194
7
0
0
0
0
0
0
0
0
0
0
0
1
137
356
568
737
852
900
881
794
649
450
223
12
0
0
0
0
0
0
0
0
0
0
0
1
145
374
590
764
878
927
906
813
659
455
224
11
0
0
0
0
0
0
0
0
0
0
0
2
154
387
607
784
900
944
919
826
670
463
229
12
0
0
0
0
0
0
0
0
0
0
0
2
150
373
583
746
852
899
877
788
640
442
220
12
0
0
0
0
0
0
0
0
0
0
0
2
156
379
589
760
871
920
897
810
658
460
233
15
0
0
0
0
0
0
0
0
0
0
0
2
159
385
595
764
870
916
890
801
651
451
225
13
0
0
0
0
0
0
0
0
0
0
0
2
151
365
559
716
812
849
824
747
600
420
211
13
0
0
0
0
0
0
0
0
0
0
0
3
165
387
591
750
858
899
873
777
628
438
220
13
0
0
0
0
0
0
0
0
0
0
0
4
173
401
614
785
893
942
916
823
668
466
236
16
0
0
0
0
0
0
0
0
0
0
0
1
67
100
314
519
609
657
729
655
518
357
185
34
0
0
0
0
0
0
0
0
0
0
0
5
188
429
653
830
945
989
957
860
693
478
240
15
0
0
0
0
0
0
0
0
0
0
0
6
193
430
648
820
931
976
951
855
695
487
252
19
0
0
0
0
0
0
0
0
0
0
0
6
192
421
632
800
908
950
922
832
681
479
248
20
0
0
0
0
0
0
0
0
0
0
0
7
190
411
612
767
869
906
883
796
646
453
235
18
0
0
0
0
0
0
0
0
0
0
0
7
181
387
574
674
753
773
738
680
551
431
217
18
0
0
0
0
0
0
0
0
0
0
0
9
202
425
629
788
888
935
915
827
679
484
260
25
0
0
0
0
0
0
0
0
0
0
0
7
130
246
384
516
603
631
535
450
347
229
123
6
0
0
0
0
0
0
0
0
0
0
0
13
255
524
759
945
533
547
515
468
377
263
144
15
0
0
0
0
0
0
0
0
0
0
0
4
92
224
415
467
407
472
459
364
404
308
129
5
0
0
0
0
0
0
0
0
0
0
0
3
113
246
383
491
563
574
610
549
451
325
165
16
0
0
0
0
0
0
0
0
0
0
0
7
116
257
333
357
440
471
434
388
335
237
117
5
0
0
0
0
0
0
0
0
0
0
0
50
112
40
303
995
999
635
420
74
61
174
105
5
0
0
0
0
0
0
0
0
0
0
0
10
120
337
480
596
748
690
767
588
566
344
192
11
0
0
0
0
0
0
0
0
0
0
0
18
247
481
689
852
955
993
963
866
713
507
275
29
0
0
0
0
0
0
0
0
0
0
0
21
263
507
723
891
998
1035
1002
900
737
522
282
28
0
0
0
0
0
0
0
0
0
0
0
22
263
503
715
881
984
1022
993
893
732
524
288
31
0
0
0
0
0
0
0
0
0
0
0
21
227
440
623
767
853
878
855
777
633
452
245
27
0
0
0
0
0
0
0
0
0
0
0
24
261
492
700
861
955
992
960
862
699
494
266
26
0
0
0
0
0
0
0
0
0
0
0
24
246
467
664
816
902
939
904
825
677
481
259
29
0
0
0
0
0
0
0
0
0
0
0
25
238
445
637
795
886
914
884
795
649
457
255
32
0
0
0
0
0
0
0
0
0
0
0
28
256
476
670
823
924
961
938
840
692
498
278
37
0
0
0
0
0
0
0
0
0
0
0
27
254
467
639
794
890
909
853
764
622
447
240
27
0
0
0
0
0
0
0
0
0
0
0
31
257
473
663
815
907
948
917
828
691
494
278
40
0
0
0
0
0
0
0
0
0
0
0
35
280
513
722
876
975
1010
974
874
718
518
286
38
0
0
0
0
0
0
0
0
0
0
0
35
270
492
689
833
922
959
932
837
691
498
277
77
0
0
0
0
0
0
0
0
0
0
0
70
262
472
662
808
895
926
892
800
652
470
260
73
0
0
0
0
0
0
0
0
0
0
0
88
325
597
786
955
425
421
427
421
333
249
159
44
0
0
0
0
0
0
0
0
0
0
0
82
329
599
733
832
434
573
504
532
591
476
301
80
0
0
0
0
0
0
0
0
0
0
0
77
251
497
683
816
844
774
601
535
465
373
219
68
0
0
0
0
0
0
0
0
0
0
0
82
279
495
681
828
918
943
905
822
683
495
281
84
0
0
0
0
0
0
0
0
0
0
0
82
256
458
621
717
834
863
836
708
614
463
255
78
0
0
0
0
0
0
0
0
0
0
0
92
301
532
737
892
991
1031
1000
900
740
535
303
91
0
0
0
0
0
0
0
0
0
0
0
86
273
482
657
798
888
908
872
795
657
477
270
85
0
0
0
0
0
0
0
0
0
0
0
97
305
526
725
875
969
1001
962
863
710
514
291
90
0
0
0
0
0
0
0
0
0
0
0
101
315
545
746
898
995
1024
987
883
725
522
297
91
0
0
0
0
0
0
0
0
0
0
0
111
336
572
781
940
1036
1070
1030
930
768
559
322
103
0
0
0
0
0
0
0
0
0
0
0
114
338
574
776
930
1025
1051
1011
913
750
542
311
98
0
0
0
0
0
0
0
0
0
0
0
109
324
551
752
904
999
1034
1004
903
750
552
324
107
0
0
0
0
0
0
0
0
0
0
0
102
295
501
665
806
890
921
890
801
663
486
283
94
0
0
0
0
0
0
0
0
0
0
0
100
283
477
624
761
843
884
825
760
623
459
262
87
0
0
0
0
0
0
0
0
0
0
1
102
296
481
679
757
847
860
824
745
594
456
270
94
0
0
0
0
0
0
0
0
0
0
1
109
308
516
699
839
924
953
922
832
690
506
297
101
0
0
0
0
0
0
0
0
0
0
1
109
308
514
702
841
917
931
904
814
677
497
296
101
0
0
0
0
0
0
0
0
0
0
1
103
291
489
663
802
888
922
900
809
679
511
297
104
1
0
0
0
0
0
0
0
0
0
1
118
321
534
722
865
956
987
956
863
718
529
316
110
0
0
0
0
0
0
0
0
0
0
1
115
309
514
672
806
882
909
868
782
632
472
277
99
0
0
0
0
0
0
0
0
0
0
1
107
295
491
664
793
852
885
858
786
662
494
299
109
1
0
0
0
0
0
0
0
0
0
2
137
367
607
711
768
772
650
604
403
59
43
26
9
0
0
0
0
0
0
0
0
0
0
1
87
217
355
480
583
656
665
583
532
463
368
210
76
0
0
0
0
0
0
0
0
0
0
2
114
303
492
651
781
843
850
810
755
621
459
268
97
0
0
0
0
0
0
0
0
0
0
2
128
332
541
724
866
957
991
961
879
733
551
337
127
2
0
0
0
0
0
0
0
0
0
1
99
254
415
543
643
720
722
693
641
521
385
237
85
1
0
0
0
0
0
0
0
0
0
1
36
263
530
660
237
491
84
359
552
552
297
28
11
1
0
0
0
0
0
0
0
0
0
2
155
396
634
856
967
513
482
558
461
405
266
126
41
1
0
0
0
0
0
0
0
0
0
1
13
33
326
435
634
544
401
266
274
71
53
65
29
1
0
0
0
0
0
0
0
0
0
2
129
328
525
703
836
920
945
915
832
685
500
302
114
1
0
0
0
0
0
0
0
0
0
2
150
369
593
785
933
1024
1055
1021
926
780
586
362
142
2
0
0
0
0
0
0
0
0
0
2
145
359
576
764
909
1002
1032
1005
914
770
580
360
143
2
0
0
0
0
0
0
0
0
0
3
140
339
540
715
842
921
957
915
827
698
525
326
132
2
0
0
0
0
0
0
0
0
0
2
64
154
275
359
459
492
517
529
463
399
274
174
64
1
0
0
0
0
0
0
0
0
0
1
60
160
130
243
174
384
349
357
397
249
197
110
27
1
0
0
0
0
0
0
0
0
0
1
67
170
269
363
441
442
456
464
402
320
243
143
61
1
0
0
0
0
0
0
0
0
0
3
143
353
566
753
895
988
1014
985
892
748
558
344
137
2
0
0
0
0
0
0
0
0
0
3
148
359
575
764
908
999
1026
992
905
757
571
358
145
3
0
0
0
0
0
0
0
0
0
3
167
376
660
878
996
562
654
546
540
451
310
152
64
1
0
0
0
0
0
0
0
0
0
3
146
354
566
741
882
970
997
962
874
723
536
331
132
1
0
0
0
0
0
0
0
0
0
16
165
399
637
845
276
423
1137
1103
1004
845
637
399
165
16
0
0
0
0
0
0
0
0
0
4
159
382
609
807
957
1054
1083
1048
952
795
597
372
153
3
0
0
0
0
0
0
0
0
0
3
148
359
573
760
906
995
1033
1004
917
774
585
369
155
4
0
0
0
0
0
0
0
0
0
3
133
324
523
696
829
926
959
927
853
722
546
345
149
5
0
0
0
0
0
0
0
0
0
4
152
365
580
770
916
1005
1038
1004
914
768
578
363
151
3
0
0
0
0
0
0
0
0
0
4
158
377
596
788
936
1025
1057
1024
932
783
593
375
158
4
0
0
0
0
0
0
0
0
0
4
151
365
578
764
905
995
1019
990
902
761
576
364
154
4
0
0
0
0
0
0
0
0
0
2
65
168
275
363
413
496
514
531
466
352
282
163
68
2
0
0
0
0
0
0
0
0
0
3
137
334
536
717
863
957
991
968
887
750
576
369
159
6
0
0
0
0
0
0
0
0
0
4
163
406
627
760
1021
688
624
568
616
507
401
309
129
2
0
0
0
0
0
0
0
0
0
4
160
381
604
799
949
1041
1076
1043
947
799
605
385
165
4
0
0
0
0
0
0
0
0
0
4
158
378
599
793
941
1036
1067
1038
946
802
612
392
171
5
0
0
0
0
0
0
0
0
0
4
152
364
583
773
917
1011
1041
1009
920
777
587
373
162
5
0
0
0
0
0
0
0
0
0
2
96
239
374
499
565
641
702
636
567
465
352
194
82
2
0
0
0
0
0
0
0
0
0
3
118
278
432
543
686
768
755
706
642
515
405
257
104
2
0
0
0
0
0
0
0
0
0
3
138
333
539
718
856
931
972
946
864
729
558
362
157
6
0
0
0
0
0
0
0
0
0
3
124
306
494
680
832
902
917
858
769
637
477
302
128
2
0
0
0
0
0
0
0
0
0
2
58
163
250
358
442
475
517
518
448
413
299
190
69
2
0
0
0
0
0
0
0
0
0
4
126
320
502
632
744
841
843
860
783
687
525
344
156
7
0
0
0
0
0
0
0
0
0
2
117
296
472
628
772
840
888
866
781
647
521
328
141
5
0
0
0
0
0
0
0
0
0
3
147
369
593
790
959
591
614
602
553
458
334
213
87
2
0
0
0
0
0
0
0
0
0
3
135
334
540
723
866
952
984
959
878
743
563
359
157
5
0
0
0
0
0
0
0
0
0
3
136
333
525
705
843
931
952
933
866
732
558
358
159
6
0
0
0
0
0
0
0
0
0
2
124
321
498
647
775
851
884
844
786
669
520
339
158
7
0
0
0
0
0
0
0
0
0
2
105
268
438
565
703
761
761
726
659
555
420
265
114
2
0
0
0
0
0
0
0
0
0
3
139
345
556
743
892
984
1016
990
901
761
578
372
165
6
0
0
0
0
0
0
0
0
0
3
135
338
544
729
873
971
1002
979
896
760
581
371
165
7
0
0
0
0
0
0
0
0
0
2
128
323
526
707
847
936
967
927
853
719
548
351
155
5
0
0
0
0
0
0
0
0
0
3
146
370
602
806
960
1057
1090
1056
957
804
603
376
158
2
0
0
0
0
0
0
0
0
0
2
107
284
478
660
855
870
869
849
729
563
430
277
124
5
0
0
0
0
0
0
0
0
0
2
128
327
535
726
870
964
1005
992
908
773
594
383
174
8
0
0
0
0
0
0
0
0
0
2
112
293
489
666
801
872
916
903
840
713
553
361
158
7
0
0
0
0
0
0
0
0
0
2
133
342
561
757
908
1011
1053
1029
944
801
614
396
176
8
0
0
0
0
0
0
0
0
0
2
130
331
534
720
864
957
991
966
886
749
577
377
169
7
0
0
0
0
0
0
0
0
0
2
141
360
584
781
931
1028
1062
1032
940
793
601
382
167
4
0
0
0
0
0
0
0
0
0
2
133
341
554
742
887
981
1016
990
903
763
584
376
168
5
0
0
0
0
0
0
0
0
0
2
135
353
581
781
937
1032
1067
1036
941
792
598
379
164
3
0
0
0
0
0
0
0
0
0
2
132
349
574
776
932
1029
1071
1042
956
813
624
401
178
7
0
0
0
0
0
0
0
0
0
1
113
303
507
684
833
931
973
947
873
744
575
374
169
8
0
0
0
0
0
0
0
0
0
1
116
312
524
711
864
961
1004
986
911
778
598
386
173
8
0
0
0
0
0
0
0
0
0
1
115
307
512
696
823
906
945
905
825
697
526
332
142
3
0
0
0
0
0
0
0
0
0
1
134
368
617
839
995
497
494
492
435
367
262
165
66
2
0
0
0
0
0
0
0
0
0
1
112
312
523
710
858
952
991
968
888
757
580
368
160
6
0
0
0
0
0
0
0
0
0
1
117
326
547
749
905
1008
1046
1018
931
784
596
377
162
5
0
0
0
0
0
0
0
0
0
1
117
328
553
754
912
1012
1046
1020
929
787
591
368
155
3
0
0
0
0
0
0
0
0
0
1
108
306
523
716
867
963
1002
978
896
764
583
372
160
6
0
0
0
0
0
0
0
0
0
0
81
232
405
553
673
747
789
778
728
615
465
298
134
5
0
0
0
0
0
0
0
0
0
1
113
342
593
829
919
535
556
567
520
464
336
211
92
1
0
0
0
0
0
0
0
0
0
2
121
292
287
328
1015
651
607
264
77
415
654
251
170
6
0
0
0
0
0
0
0
0
0
0
84
255
435
595
747
810
825
788
720
650
511
324
152
5
0
0
0
0
0
0
0
0
0
0
118
341
580
792
958
1062
1098
1067
971
817
617
387
160
2
0
0
0
0
0
0
0
0
0
0
111
327
557
763
925
1030
1066
1036
946
801
605
379
156
3
0
0
0
0
0
0
0
0
0
1
113
331
524
715
862
825
1112
1088
997
844
640
404
170
13
0
0
0
0
0
0
0
0
0
0
96
288
501
690
837
939
981
959
878
741
565
352
145
4
0
0
0
0
0
0
0
0
0
1
44
311
590
696
417
125
88
227
362
191
349
411
33
1
0
0
0
0
0
0
0
0
0
0
65
209
361
498
630
705
709
723
645
547
419
251
104
1
0
0
0
0
0
0
0
0
0
0
96
298
520
720
878
980
1015
993
904
758
569
352
141
2
0
0
0
0
0
0
0
0
0
0
98
310
546
760
929
611
641
627
576
483
355
211
85
1
0
0
0
0
0
0
0
0
0
0
90
283
494
693
842
943
972
947
865
735
558
351
142
3
0
0
0
0
0
0
0
0
0
0
67
220
451
562
635
736
764
806
823
697
524
308
136
5
0
0
0
0
0
0
0
0
0
0
26
153
263
374
458
447
498
518
511
527
480
331
156
7
0
0
0
0
0
0
0
0
0
0
29
48
44
149
520
675
967
680
635
502
123
265
114
1
0
0
0
0
0
0
0
0
0
0
87
289
513
708
866
964
1005
980
888
746
553
338
130
1
0
0
0
0
0
0
0
0
0
0
74
244
429
588
720
793
822
803
730
642
486
293
105
1
0
0
0
0
0
0
0
0
0
0
55
176
295
415
508
599
677
652
574
435
326
196
77
1
0
0
0
0
0
0
0
0
0
0
76
229
425
668
914
925
1084
1058
965
809
585
365
136
3
0
0
0
0
0
0
0
0
0
0
85
295
527
736
896
1000
1038
1011
918
766
568
342
125
1
0
0
0
0
0
0
0
0
0
0
75
266
481
673
826
916
957
934
852
709
523
315
116
1
0
0
0
0
0
0
0
0
0
0
62
221
405
582
705
800
841
797
718
590
437
266
95
0
0
0
0
0
0
0
0
0
0
0
75
272
490
688
851
950
990
963
873
733
539
321
114
1
0
0
0
0
0
0
0
0
0
0
75
275
503
709
874
980
1023
997
908
760
560
334
118
1
0
0
0
0
0
0
0
0
0
0
67
252
465
661
810
913
950
924
849
711
528
318
113
1
0
0
0
0
0
0
0
0
0
0
37
278
510
722
887
991
1030
1004
913
760
558
327
111
0
0
0
0
0
0
0
0
0
0
0
30
231
423
598
734
820
854
831
756
630
464
272
93
0
0
0
0
0
0
0
0
0
0
0
32
256
472
670
825
921
963
941
858
714
529
313
106
0
0
0
0
0
0
0
0
0
0
0
32
255
473
666
816
920
953
931
843
705
515
302
99
0
0
0
0
0
0
0
0
0
0
0
35
290
532
749
916
1021
1061
1030
933
773
565
328
105
0
0
0
0
0
0
0
0
0
0
0
32
271
500
705
865
966
1006
977
886
730
529
303
95
0
0
0
0
0
0
0
0
0
0
0
27
237
447
622
746
802
858
853
753
600
414
232
70
0
0
0
0
0
0
0
0
0
0
0
23
203
375
579
667
771
821
831
716
637
439
245
79
0
0
0
0
0
0
0
0
0
0
0
26
220
428
604
749
826
871
818
761
604
438
252
75
0
0
0
0
0
0
0
0
0
0
0
28
264
500
713
879
984
1023
993
895
736
532
300
87
0
0
0
0
0
0
0
0
0
0
0
28
266
502
713
878
983
1017
985
887
731
526
293
84
0
0
0
0
0
0
0
0
0
0
0
26
258
488
696
856
961
998
969
871
714
512
286
80
0
0
0
0
0
0
0
0
0
0
0
24
243
462
659
818
921
959
937
847
703
505
286
44
0
0
0
0
0
0
0
0
0
0
0
18
128
198
320
512
603
636
613
588
437
323
156
7
0
0
0
0
0
0
0
0
0
0
0
24
232
374
429
574
669
766
686
697
539
417
248
67
0
0
0
0
0
0
0
0
0
0
0
21
228
440
632
784
885
921
878
793
649
459
246
29
0
0
0
0
0
0
0
0
0
0
0
15
187
371
561
699
782
828
824
762
616
457
257
35
0
0
0
0
0
0
0
0
0
0
0
21
251
487
696
860
959
995
963
865
701
494
262
25
0
0
0
0
0
0
0
0
0
0
0
20
231
444
637
782
863
898
877
785
639
455
242
23
0
0
0
0
0
0
0
0
0
0
0
21
266
512
746
931
561
575
545
477
382
264
133
14
0
0
0
0
0
0
0
0
0
0
0
10
153
288
414
516
579
599
587
489
368
271
134
5
0
0
0
0
0
0
0
0
0
0
0
18
240
470
678
838
938
969
934
839
675
468
241
19
0
0
0
0
0
0
0
0
0
0
0
17
225
445
645
799
904
938
908
813
659
461
239
20
0
0
0
0
0
0
0
0
0
0
0
18
253
499
719
890
994
1026
983
874
701
480
240
14
0
0
0
0
0
0
0
0
0
0
0
10
129
254
343
419
460
516
449
390
297
221
93
4
0
0
0
0
0
0
0
0
0
0
0
16
243
484
698
863
965
1000
959
848
677
460
224
11
0
0
0
0
0
0
0
0
0
0
0
11
103
201
326
413
418
417
403
358
271
164
81
3
0
0
0
0
0
0
0
0
0
0
0
15
237
471
680
840
940
968
928
821
657
449
218
10
0
0
0
0
0
0
0
0
0
0
0
14
227
456
662
824
923
955
920
819
661
452
222
12
0
0
0
0
0
0
0
0
0
0
0
15
243
484
700
867
967
1000
961
849
675
460
220
9
0
0
0
0
0
0
0
0
0
0
0
13
209
421
613
768
848
873
830
735
594
404
193
9
0
0
0
0
0
0
0
0
0
0
0
14
239
480
695
857
956
985
940
829
659
440
204
6
0
0
0
0
0
0
0
0
0
0
0
9
177
356
517
658
707
759
709
637
486
306
131
2
0
0
0
0
0
0
0
0
0
0
0
14
181
480
708
588
584
216
241
382
211
44
43
2
0
0
0
0
0
0
0
0
0
0
0
12
220
454
665
821
920
948
909
801
636
425
195
6
0
0
0
0
0
0
0
0
0
0
0
10
202
416
614
760
854
888
857
757
596
393
175
5
0
0
0
0
0
0
0
0
0
0
0
11
202
415
585
736
804
821
791
693
553
364
156
3
0
0
0
0
0
0
0
0
0
0
0
9
187
386
562
700
779
814
788
699
560
372
166
5
0
0
0
0
0
0
0
0
0
0
0
9
204
422
617
768
855
881
848
748
588
387
167
3
0
0
0
0
0
0
0
0
0
0
0
9
212
442
650
808
905
932
889
782
612
399
171
3
0
0
0
0
0
0
0
0
0
0
0
6
169
357
513
606
680
732
676
589
459
297
124
1
0
0
0
0
0
0
0
0
0
0
0
3
104
214
340
407
455
474
482
398
317
190
78
1
0
0
0
0
0
0
0
0
0
0
0
7
164
336
484
625
702
687
683
572
443
281
110
1
0
0
0
0
0
0
0
0
0
0
0
2
123
257
420
567
629
623
538
452
395
244
105
1
0
0
0
0
0
0
0
0
0
0
0
7
183
396
591
741
833
871
838
728
564
357
142
2
0
0
0
0
0
0
0
0
0
0
0
5
146
310
467
591
647
645
615
518
404
252
96
1
0
0
0
0
0
0
0
0
0
0
0
6
178
383
570
702
786
804
765
668
517
327
125
1
0
0
0
0
0
0
0
0
0
0
0
2
49
128
179
202
197
241
248
193
142
76
29
1
0
0
0
0
0
0
0
0
0
0
0
6
197
432
644
806
901
924
877
760
581
358
130
0
0
0
0
0
0
0
0
0
0
0
0
5
160
357
535
663
747
772
724
627
480
296
107
0
0
0
0
0
0
0
0
0
0
0
0
4
160
363
550
677
755
769
732
640
486
296
103
0
0
0
0
0
0
0
0
0
0
0
0
5
163
352
534
670
732
757
719
606
458
280
95
0
0
0
0
0
0
0
0
0
0
0
0
4
150
332
503
643
721
758
726
645
507
301
101
0
0
0
0
0
0
0
0
0
0
0
0
4
166
372
552
693
769
794
757
655
500
301
101
0
0
0
0
0
0
0
0
0
0
0
0
4
192
430
643
800
893
909
856
729
546
323
102
0
0
0
0
0
0
0
0
0
0
0
0
4
186
423
634
792
882
904
850
726
544
322
101
0
0
0
0
0
0
0
0
0
0
0
0
3
155
349
530
660
745
772
733
632
481
284
89
0
0
0
0
0
0
0
0
0
0
0
0
2
137
335
494
635
746
721
513
402
244
145
55
0
0
0
0
0
0
0
0
0
0
0
0
2
90
313
361
592
691
690
664
268
151
103
8
0
0
0
0
0
0
0
0
0
0
0
0
3
159
376
574
726
814
840
792
676
504
291
84
0
0
0
0
0
0
0
0
0
0
0
0
2
160
384
587
740
833
852
801
679
501
284
36
0
0
0
0
0
0
0
0
0
0
0
0
1
94
226
338
466
460
518
491
364
289
115
7
0
0
0
0
0
0
0
0
0
0
0
0
1
91
240
382
456
516
511
477
446
337
199
28
0
0
0
0
0
0
0
0
0
0
0
0
2
139
341
525
672
755
780
734
623
457
261
32
0
0
0
0
0
0
0
0
0
0
0
0
2
136
332
509
641
721
748
699
589
437
241
28
0
0
0
0
0
0
0
0
0
0
0
0
1
128
324
493
630
709
733
688
585
428
242
31
0
0
0
0
0
0
0
0
0
0
0
0
1
120
302
486
615
687
683
641
530
395
216
19
0
0
0
0
0
0
0
0
0
0
0
0
1
135
345
537
682
765
783
736
622
449
243
22
0
0
0
0
0
0
0
0
0
0
0
0
1
125
321
505
637
713
735
695
590
432
234
22
0
0
0
0
0
0
0
0
0
0
0
0
1
61
32
50
63
71
563
686
614
528
242
5
0
0
0
0
0
0
0
0
0
0
0
0
1
113
298
477
621
705
714
670
554
403
213
16
0
0
0
0
0
0
0
0
0
0
0
0
1
124
326
516
660
742
757
711
605
438
237
20
0
0
0
0
0
0
0
0
0
0
0
0
0
11
37
46
62
76
71
544
461
333
176
13
0
0
0
0
0
0
0
0
0
0
0
0
0
65
175
265
344
392
378
328
266
187
99
4
0
0
0
0
0
0
0
0
0
0
0
0
0
92
270
431
539
610
600
566
459
320
151
4
0
0
0
0
0
0
0
0
0
0
0
0
0
127
314
466
724
771
838
782
466
440
242
3
0
0
0
0
0
0
0
0
0
0
0
0
0
81
220
366
525
584
557
495
394
265
120
4
0
0
0
0
0
0
0
0
0
0
0
0
0
74
218
336
410
483
497
447
369
245
116
3
0
0
0
0
0
0
0
0
0
0
0
0
0
110
315
508
655
745
764
713
598
427
218
13
0
0
0
0
0
0
0
0
0
0
0
0
0
108
356
370
506
250
367
511
332
407
218
35
0
0
0
0
0
0
0
0
0
0
0
0
0
86
259
416
538
588
606
523
428
300
139
3
0
0
0
0
0
0
0
0
0
0
0
0
0
102
298
480
617
699
710
660
550
387
193
8
0
0
0
0
0
0
0
0
0
0
0
0
0
93
279
455
588
669
676
630
520
367
183
7
0
0
0
0
0
0
0
0
0
0
0
0
0
105
320
523
675
765
782
726
601
421
207
8
0
0
0
0
0
0
0
0
0
0
0
0
0
98
302
499
647
734
752
699
580
406
200
8
0
0
0
0
0
0
0
0
0
0
0
0
0
95
297
493
644
729
750
698
579
404
197
7
0
0
0
0
0
0
0
0
0
0
0
0
0
80
259
438
568
659
677
629
518
359
172
6
0
0
0
0
0
0
0
0
0
0
0
0
0
92
298
496
644
729
745
691
570
395
188
5
0
0
0
0
0
0
0
0
0
0
0
0
0
86
285
479
626
715
734
685
567
396
191
7
0
0
0
0
0
0
0
0
0
0
0
0
0
81
276
468
613
698
715
666
553
385
183
6
0
0
0
0
0
0
0
0
0
0
0
0
0
39
269
457
596
687
710
661
548
382
186
7
0
0
0
0
0
0
0
0
0
0
0
0
0
37
269
458
600
685
703
653
538
373
176
5
0
0
0
0
0
0
0
0
0
0
0
0
0
25
219
371
522
593
600
554
467
340
147
4
0
0
0
0
0
0
0
0
0
0
0
0
0
6
33
53
59
67
63
522
428
305
140
3
0
0
0
0
0
0
0
0
0
0
0
0
0
32
253
439
580
665
680
631
524
359
167
4
0
0
0
0
0
0
0
0
0
0
0
0
0
33
271
469
623
713
731
681
565
390
181
5
0
0
0
0
0
0
0
0
0
0
0
0
0
30
263
460
612
702
721
666
548
374
170
3
0
0
0
0
0
0
0
0
0
0
0
0
0
28
257
452
603
686
701
652
537
366
166
3
0
0
0
0
0
0
0
0
0
0
0
0
0
24
231
416
561
650
670
623
513
348
157
4
0
0
0
0
0
0
0
0
0
0
0
0
0
4
63
86
205
137
352
516
469
392
145
6
0
0
0
0
0
0
0
0
0
0
0
0
0
16
180
133
230
409
639
476
377
256
125
4
0
0
0
0
0
0
0
0
0
0
0
0
0
21
225
409
554
637
653
601
490
330
146
2
0
0
0
0
0
0
0
0
0
0
0
0
0
16
187
330
446
507
534
501
409
274
120
1
0
0
0
0
0
0
0
0
0
0
0
0
0
22
248
446
597
687
710
662
547
376
172
3
0
0
0
0
0
0
0
0
0
0
0
0
0
19
227
409
552
637
657
616
510
350
159
3
0
0
0
0
0
0
0
0
0
0
0
0
0
16
198
366
488
575
587
542
447
315
142
3
0
0
0
0
0
0
0
0
0
0
0
0
0
5
20
256
242
216
516
322
151
88
154
6
0
0
0
0
0
0
0
0
0
0
0
0
0
13
172
318
432
501
513
484
394
268
114
1
0
0
0
0
0
0
0
0
0
0
0
0
0
11
161
299
406
463
490
457
378
251
110
1
0
0
0
0
0
0
0
0
0
0
0
0
0
13
194
366
504
587
605
568
470
326
147
3
0
0
0
0
0
0
0
0
0
0
0
0
0
10
166
304
422
483
491
468
386
251
114
1
0
0
0
0
0
0
0
0
0
0
0
0
0
11
172
313
453
520
550
553
445
313
149
4
0
0
0
0
0
0
0
0
0
0
0
0
0
10
182
360
501
577
588
546
439
297
130
2
0
0
0
0
0
0
0
0
0
0
0
0
0
11
210
406
560
654
680
636
525
358
160
3
0
0
0
0
0
0
0
0
0
0
0
0
0
3
61
113
124
160
190
138
103
90
42
1
0
0
0
0
0
0
0
0
0
0
0
0
0
6
104
196
277
336
338
326
243
168
74
1
0
0
0
0
0
0
0
0
0
0
0
0
0
9
182
357
498
585
610
577
477
327
149
3
0
0
0
0
0
0
0
0
0
0
0
0
0
5
123
229
347
384
387
346
272
197
87
1
0
0
0
0
0
0
0
0
0
0
0
0
0
8
188
375
525
615
640
597
495
336
149
2
0
0
0
0
0
0
0
0
0
0
0
0
0
7
174
357
507
598
627
585
481
326
145
2
0
0
0
0
0
0
0
0
0
0
0
0
0
7
176
362
514
606
637
597
494
336
151
3
0
0
0
0
0
0
0
0
0
0
0
0
0
5
135
293
426
531
538
508
431
288
131
2
0
0
0
0
0
0
0
0
0
0
0
0
0
6
163
335
471
555
587
546
446
299
134
2
0
0
0
0
0
0
0
0
0
0
0
0
0
6
177
369
525
622
654
615
512
351
158
3
0
0
0
0
0
0
0
0
0
0
0
0
0
5
158
331
469
558
587
548
456
305
133
1
0
0
0
0
0
0
0
0
0
0
0
0
0
5
166
348
497
592
625
591
491
338
154
3
0
0
0
0
0
0
0
0
0
0
0
0
0
5
167
353
501
594
624
587
486
333
151
3
0
0
0
0
0
0
0
0
0
0
0
0
0
5
165
347
498
595
632
596
501
346
161
4
0
0
0
0
0
0
0
0
0
0
0
0
0
4
164
351
502
600
632
599
500
346
161
4
0
0
0
0
0
0
0
0
0
0
0
0
0
4
160
341
490
587
620
585
488
337
156
4
0
0
0
0
0
0
0
0
0
0
0
0
0
4
144
318
442
524
559
501
428
278
131
3
0
0
0
0
0
0
0
0
0
0
0
0
0
3
133
297
435
514
559
554
453
316
149
5
0
0
0
0
0
0
0
0
0
0
0
0
0
3
136
304
445
548
558
524
420
272
131
2
0
0
0
0
0
0
0
0
0
0
0
0
0
3
127
287
428
498
574
533
441
319
145
4
0
0
0
0
0
0
0
0
0
0
0
0
0
3
154
339
491
590
625
593
500
350
168
5
0
0
0
0
0
0
0
0
0
0
0
0
0
2
125
269
401
517
472
484
384
288
137
2
0
0
0
0
0
0
0
0
0
0
0
0
0
3
154
343
501
605
648
617
521
367
176
6
0
0
0
0
0
0
0
0
0
0
0
0
0
3
147
332
485
583
618
587
488
340
160
4
0
0
0
0
0
0
0
0
0
0
0
0
0
2
129
310
441
522
566
547
450
313
160
7
0
0
0
0
0
0
0
0
0
0
0
0
0
2
136
311
460
556
588
560
473
333
161
6
0
0
0
0
0
0