0
0
0
0
0
0
0
0
94
244
381
485
522
511
437
319
163
10
0
0
0
0
0
0
0
0
0
0
0
0
0
1
87
218
363
419
501
548
430
342
181
11
0
0
0
0
0
0
0
0
0
0
0
0
0
1
93
259
431
537
525
481
373
297
163
11
0
0
0
0
0
0
0
0
0
0
0
0
0
1
108
278
431
520
572
551
488
351
182
12
0
0
0
0
0
0
0
0
0
0
0
0
0
1
109
281
445
559
605
594
516
379
201
16
0
0
0
0
0
0
0
0
0
0
0
0
0
1
105
261
414
523
571
555
486
354
189
14
0
0
0
0
0
0
0
0
0
0
0
0
0
1
101
275
421
532
581
553
489
357
191
15
0
0
0
0
0
0
0
0
0
0
0
0
0
1
111
283
432
527
573
561
484
367
200
17
0
0
0
0
0
0
0
0
0
0
0
0
0
1
107
275
425
539
580
567
493
366
204
18
0
0
0
0
0
0
0
0
0
0
0
0
0
1
105
275
432
538
594
578
506
375
202
21
0
0
0
0
0
0
0
0
0
0
0
0
0
1
112
293
456
571
623
610
531
392
219
22
0
0
0
0
0
0
0
0
0
0
0
0
0
1
105
276
433
544
597
582
501
376
206
19
0
0
0
0
0
0
0
0
0
0
0
0
0
1
113
292
454
567
617
600
526
380
204
17
0
0
0
0
0
0
0
0
0
0
0
0
0
1
106
273
430
526
596
582
506
367
206
19
0
0
0
0
0
0
0
0
0
0
0
0
0
0
94
262
395
507
540
566
488
365
213
25
0
0
0
0
0
0
0
0
0
0
0
0
0
1
100
258
417
523
592
571
511
373
207
26
0
0
0
0
0
0
0
0
0
0
0
0
0
1
108
279
445
546
591
588
509
375
211
23
0
0
0
0
0
0
0
0
0
0
0
0
0
1
110
284
437
566
624
623
543
400
223
27
0
0
0
0
0
0
0
0
0
0
0
0
0
1
115
295
454
562
620
606
541
402
227
27
0
0
0
0
0
0
0
0
0
0
0
0
0
1
118
301
474
595
652
638
569
431
248
35
0
0
0
0
0
0
0
0
0
0
0
0
0
1
117
300
463
574
632
622
546
409
241
35
0
0
0
0
0
0
0
0
0
0
0
0
0
1
115
293
465
567
606
591
516
396
227
34
0
0
0
0
0
0
0
0
0
0
0
0
0
1
83
206
199
147
83
198
257
231
78
8
0
0
0
0
0
0
0
0
0
0
0
0
0
1
106
285
449
548
570
554
500
377
232
65
0
0
0
0
0
0
0
0
0
0
0
0
0
1
127
318
487
609
671
669
592
451
267
81
0
0
0
0
0
0
0
0
0
0
0
0
0
1
126
314
484
608
668
653
566
434
256
79
0
0
0
0
0
0
0
0
0
0
0
0
0
1
126
314
488
612
668
652
580
445
267
85
0
0
0
0
0
0
0
0
0
0
0
0
0
1
116
280
434
545
605
614
553
421
255
84
0
0
0
0
0
0
0
0
0
0
0
0
0
2
129
316
488
600
651
641
568
436
260
85
0
0
0
0
0
0
0
0
0
0
0
0
0
2
124
308
465
579
641
636
567
433
270
93
0
0
0
0
0
0
0
0
0
0
0
0
0
2
128
318
486
614
677
674
594
461
279
96
0
0
0
0
0
0
0
0
0
0
0
0
0
2
135
323
486
610
669
660
576
448
274
93
0
0
0
0
0
0
0
0
0
0
0
0
0
2
136
322
493
615
676
673
600
459
281
96
0
0
0
0
0
0
0
0
0
0
0
0
0
4
118
357
358
497
584
278
372
343
174
48
0
0
0
0
0
0
0
0
0
0
0
0
0
4
135
292
395
522
571
600
549
398
223
81
0
0
0
0
0
0
0
0
0
0
0
0
0
3
138
325
490
597
655
651
583
457
288
106
0
0
0
0
0
0
0
0
0
0
0
0
0
3
141
328
503
627
687
688
612
478
303
112
1
0
0
0
0
0
0
0
0
0
0
0
0
3
122
282
427
532
591
583
523
403
250
91
0
0
0
0
0
0
0
0
0
0
0
0
0
5
121
154
158
364
442
514
375
60
24
9
0
0
0
0
0
0
0
0
0
0
0
0
0
1
96
129
53
368
630
587
367
395
339
129
6
0
0
0
0
0
0
0
0
0
0
0
0
3
117
264
390
480
539
529
474
350
212
70
1
0
0
0
0
0
0
0
0
0
0
0
0
3
145
313
481
598
619
551
550
431
254
102
1
0
0
0
0
0
0
0
0
0
0
0
0
5
135
289
397
548
526
647
499
360
232
86
1
0
0
0
0
0
0
0
0
0
0
0
0
2
90
203
349
392
454
442
404
298
189
73
1
0
0
0
0
0
0
0
0
0
0
0
0
6
175
380
559
691
758
749
671
531
342
138
2
0
0
0
0
0
0
0
0
0
0
0
0
6
169
357
522
639
690
699
633
500
328
134
2
0
0
0
0
0
0
0
0
0
0
0
0
7
174
372
542
674
726
730
649
522
345
147
2
0
0
0
0
0
0
0
0
0
0
0
0
7
156
341
478
562
624
597
531
426
280
116
1
0
0
0
0
0
0
0
0
0
0
0
0
7
176
373
536
648
706
706
622
489
309
130
1
0
0
0
0
0
0
0
0
0
0
0
0
9
181
369
517
616
661
633
570
445
302
129
1
0
0
0
0
0
0
0
0
0
0
0
0
9
185
376
532
666
722
709
631
491
321
139
2
0
0
0
0
0
0
0
0
0
0
0
0
3
138
290
447
573
664
645
561
442
300
116
1
0
0
0
0
0
0
0
0
0
0
0
0
13
178
365
492
608
655
671
608
446
297
128
3
0
0
0
0
0
0
0
0
0
0
0
0
7
114
239
325
389
449
441
443
356
220
85
1
0
0
0
0
0
0
0
0
0
0
0
0
13
205
414
592
709
770
749
664
527
345
147
2
0
0
0
0
0
0
0
0
0
0
0
0
12
158
344
507
589
641
606
559
426
288
119
1
0
0
0
0
0
0
0
0
0
0
0
0
15
195
383
526
644
713
709
650
499
324
144
4
0
0
0
0
0
0
0
0
0
0
0
0
16
211
417
584
707
760
759
669
536
359
163
5
0
0
0
0
0
0
0
0
0
0
0
0
16
207
401
559
668
732
727
644
510
347
152
6
0
0
0
0
0
0
0
0
0
0
0
0
18
223
427
604
728
791
778
703
565
379
169
5
0
0
0
0
0
0
0
0
0
0
0
0
13
148
317
438
558
564
565
501
390
246
115
2
0
0
0
0
0
0
0
0
0
0
0
0
22
246
463
649
781
845
836
753
605
405
187
6
0
0
0
0
0
0
0
0
0
0
0
0
16
186
376
524
675
726
682
593
523
365
193
15
0
0
0
0
0
0
0
0
0
0
0
0
21
201
410
505
604
708
724
651
569
353
145
4
0
0
0
0
0
0
0
0
0
0
0
0
27
228
411
567
705
706
652
567
453
294
123
2
0
0
0
0
0
0
0
0
0
0
0
0
29
250
462
641
759
823
817
741
599
409
197
10
0
0
0
0
0
0
0
0
0
0
0
0
32
271
490
668
792
853
845
763
615
419
203
9
0
0
0
0
0
0
0
0
0
0
0
0
33
261
472
644
765
822
823
750
615
426
209
13
0
0
0
0
0
0
0
0
0
0
0
0
6
86
218
379
633
675
180
356
385
385
121
4
0
0
0
0
0
0
0
0
0
0
0
0
74
267
482
658
773
831
823
737
597
416
207
12
0
0
0
0
0
0
0
0
0
0
0
0
79
276
475
634
751
775
766
680
567
397
195
10
0
0
0
0
0
0
0
0
0
0
0
0
89
305
530
718
845
903
891
811
660
460
230
14
0
0
0
0
0
0
0
0
0
0
0
0
66
233
385
576
684
763
670
637
493
358
178
14
0
0
0
0
0
0
0
0
0
0
0
0
67
248
458
609
718
750
667
556
427
258
115
3
0
0
0
0
0
0
0
0
0
0
0
0
52
137
306
358
379
506
630
664
699
483
243
38
0
0
0
0
0
0
0
0
0
0
0
0
97
302
512
681
797
842
833
751
609
422
210
12
0
0
0
0
0
0
0
0
0
0
0
0
99
302
512
670
790
836
820
750
618
423
211
12
0
0
0
0
0
0
0
0
0
0
0
0
81
246
397
562
669
749
779
698
578
411
206
18
0
0
0
0
0
0
0
0
0
0
0
0
105
314
550
739
857
905
911
833
676
483
248
22
0
0
0
0
0
0
0
0
0
0
0
0
112
322
533
708
827
876
859
779
637
447
230
17
0
0
0
0
0
0
0
0
0
0
0
0
99
289
472
604
684
752
753
684
568
396
209
19
0
0
0
0
0
0
0
0
0
0
0
1
126
349
571
757
883
944
929
845
692
490
258
23
0
0
0
0
0
0
0
0
0
0
0
1
123
337
548
726
839
895
876
796
653
458
237
20
0
0
0
0
0
0
0
0
0
0
0
1
130
352
570
750
868
921
904
822
669
473
247
22
0
0
0
0
0
0
0
0
0
0
0
1
115
302
489
660
751
838
816
739
606
434
228
23
0
0
0
0
0
0
0
0
0
0
0
1
78
175
383
576
679
732
776
702
566
396
210
38
0
0
0
0
0
0
0
0
0
0
0
1
120
308
504
669
778
847
836
777
629
433
228
23
0
0
0
0
0
0
0
0
0
0
0
2
137
349
559
730
848
900
876
802
648
452
237
23
0
0
0
0
0
0
0
0
0
0
0
1
92
284
464
573
664
656
679
623
508
332
173
5
0
0
0
0
0
0
0
0
0
0
0
3
152
371
580
756
861
911
892
805
663
467
248
25
0
0
0
0
0
0
0
0
0
0
0
3
166
398
619
798
916
964
944
853
696
490
262
27
0
0
0
0
0
0
0
0
0
0
0
4
168
396
613
790
912
965
949
863
713
510
279
34
0
0
0
0
0
0
0
0
0
0
0
1
77
179
300
371
376
396
406
391
320
218
126
15
0
0
0
0
0
0
0
0
0
0
0
5
175
398
606
781
891
941
920
834
686
493
272
32
0
0
0
0
0
0
0
0
0
0
0
5
182
413
633
806
921
971
949
862
712
511
281
34
0
0
0
0
0
0
0
0
0
0
0
6
167
375
585
758
865
913
875
797
647
457
249
30
0
0
0
0
0
0
0
0
0
0
0
6
180
403
609
777
879
920
898
812
661
476
262
31
0
0
0
0
0
0
0
0
0
0
0
6
166
354
536
679
756
813
810
752
620
450
253
37
0
0
0
0
0
0
0
0
0
0
0
6
158
357
557
706
819
844
827
733
597
433
237
31
0
0
0
0
0
0
0
0
0
0
0
9
178
372
565
700
777
833
837
757
622
453
258
74
0
0
0
0
0
0
0
0
0
0
0
8
159
347
526
679
751
840
855
779
659
470
246
73
0
0
0
0
0
0
0
0
0
0
0
11
210
439
656
832
943
992
968
883
733
534
304
89
0
0
0
0
0
0
0
0
0
0
0
11
206
428
632
795
904
949
927
843
694
498
279
81
0
0
0
0
0
0
0
0
0
0
0
12
204
425
628
795
906
950
930
848
703
507
288
85
0
0
0
0
0
0
0
0
0
0
0
14
219
451
665
836
955
1003
980
892
743
537
304
90
0
0
0
0
0
0
0
0
0
0
0
15
206
421
624
788
897
946
929
835
691
498
283
86
0
0
0
0
0
0
0
0
0
0
0
16
217
438
638
802
906
955
932
843
703
510
292
89
0
0
0
0
0
0
0
0
0
0
0
17
224
447
652
812
922
960
935
849
702
503
283
85
0
0
0
0
0
0
0
0
0
0
0
16
202
410
595
743
832
853
846
774
646
472
273
83
0
0
0
0
0
0
0
0
0
0
0
17
196
404
583
722
805
824
868
767
628
440
253
81
0
0
0
0
0
0
0
0
0
0
0
19
192
359
513
679
778
900
837
739
628
460
261
91
0
0
0
0
0
0
0
0
0
0
0
21
224
441
645
803
920
962
942
843
693
505
295
94
0
0
0
0
0
0
0
0
0
0
0
22
218
431
625
767
869
918
898
802
666
475
274
87
0
0
0
0
0
0
0
0
0
0
0
29
266
513
741
911
570
576
542
500
401
272
141
41
0
0
0
0
0
0
0
0
0
0
0
26
227
414
577
720
817
868
797
733
617
455
254
78
0
0
0
0
0
0
0
0
0
0
0
24
242
484
669
768
831
819
788
665
521
333
179
51
0
0
0
0
0
0
0
0
0
0
0
11
143
420
612
921
768
478
552
451
682
375
130
41
0
0
0
0
0
0
0
0
0
0
0
37
188
370
599
740
835
796
683
635
442
386
127
10
0
0
0
0
0
0
0
0
0
0
0
31
236
439
623
771
872
930
915
829
684
499
293
100
1
0
0
0
0
0
0
0
0
0
0
67
253
470
673
816
919
966
939
846
708
519
305
105
0
0
0
0
0
0
0
0
0
0
0
55
210
387
587
750
818
832
881
754
570
395
270
89
0
0
0
0
0
0
0
0
0
0
0
61
180
367
519
635
765
713
756
744
653
494
326
117
1
0
0
0
0
0
0
0
0
0
0
64
229
423
593
685
756
860
828
695
597
459
285
107
1
0
0
0
0
0
0
0
0
0
0
74
244
456
630
712
822
863
855
744
597
438
272
105
1
0
0
0
0
0
0
0
0
0
0
89
289
542
779
899
519
496
500
439
361
235
139
51
0
0
0
0
0
0
0
0
0
0
0
84
281
499
691
844
945
980
949
856
712
526
317
114
1
0
0
0
0
0
0
0
0
0
0
80
265
475
665
819
920
955
926
840
709
515
307
111
1
0
0
0
0
0
0
0
0
0
0
83
273
489
686
847
937
972
943
861
712
523
312
113
1
0
0
0
0
0
0
0
0
0
0
85
275
488
680
841
939
982
952
867
718
530
317
116
1
0
0
0
0
0
0
0
0
0
0
78
248
456
646
784
856
882
850
793
634
475
282
101
1
0
0
0
0
0
0
0
0
0
0
7
67
196
514
373
277
290
486
580
635
439
229
131
9
0
0
0
0
0
0
0
0
0
0
91
284
497
697
840
951
982
947
863
721
534
325
125
2
0
0
0
0
0
0
0
0
0
0
91
280
485
672
819
916
951
926
849
716
534
324
123
2
0
0
0
0
0
0
0
0
0
0
95
289
505
702
856
959
995
970
885
739
549
335
131
2
0
0
0
0
0
0
0
0
0
0
88
263
471
659
794
885
944
906
801
659
489
304
125
3
0
0
0
0
0
0
0
0
0
0
98
293
511
706
859
950
990
969
871
723
534
318
120
1
0
0
0
0
0
0
0
0
0
0
100
290
497
664
818
909
942
910
809
667
499
300
114
1
0
0
0
0
0
0
0
0
0
0
102
297
512
703
856
958
996
968
887
748
561
346
139
3
0
0
0
0
0
0
0
0
0
1
105
302
516
707
863
959
997
968
875
735
547
341
137
2
0
0
0
0
0
0
0
0
0
1
107
305
516
694
836
908
937
915
838
706
530
326
134
2
0
0
0
0
0
0
0
0
0
1
91
261
434
590
730
804
834
807
752
629
451
274
109
1
0
0
0
0
0
0
0
0
0
1
106
303
516
711
858
958
994
966
877
735
548
343
140
3
0
0
0
0
0
0
0
0
0
1
108
303
516
706
868
969
1011
990
901
762
573
359
149
5
0
0
0
0
0
0
0
0
0
1
117
325
548
750
907
1006
1045
1023
936
791
599
379
159
5
0
0
0
0
0
0
0
0
0
1
112
312
531
729
878
974
1017
995
917
773
587
371
157
5
0
0
0
0
0
0
0
0
0
1
123
336
561
764
920
1026
1064
1038
948
800
607
386
164
4
0
0
0
0
0
0
0
0
0
1
115
313
526
719
869
963
997
971
888
747
568
358
152
5
0
0
0
0
0
0
0
0
0
1
108
298
505
684
806
875
908
886
806
689
525
334
143
5
0
0
0
0
0
0
0
0
0
1
107
285
485
682
803
868
927
930
847
705
529
328
140
5
0
0
0
0
0
0
0
0
0
1
107
292
488
678
822
915
957
928
853
713
542
337
144
5
0
0
0
0
0
0
0
0
0
1
112
305
507
692
838
930
967
944
871
735
557
352
155
6
0
0
0
0
0
0
0
0
0
1
111
300
505
689
833
926
963
937
862
728
550
347
153
6
0
0
0
0
0
0
0
0
0
1
115
309
522
718
871
973
1010
989
906
768
588
374
164
8
0
0
0
0
0
0
0
0
0
1
115
313
529
722
872
972
1006
981
900
758
575
367
161
7
0
0
0
0
0
0
0
0
0
1
115
302
504
692
823
916
956
928
856
718
549
356
157
6
0
0
0
0
0
0
0
0
0
1
114
304
516
697
851
944
982
957
873
742
569
362
162
8
0
0
0
0
0
0
0
0
0
1
112
301
506
683
831
921
975
956
873
728
548
347
155
7
0
0
0
0
0
0
0
0
0
1
114
307
518
709
861
968
1005
995
922
787
602
385
171
11
0
0
0
0
0
0
0
0
0
1
117
311
518
702
838
938
975
957
874
741
563
362
163
7
0
0
0
0
0
0
0
0
0
2
117
312
523
716
864
958
1007
984
893
760
580
370
163
7
0
0
0
0
0
0
0
0
0
1
113
296
494
679
830
933
968
955
874
751
571
368
171
9
0
0
0
0
0
0
0
0
0
2
109
293
492
676
815
923
963
958
882
752
578
375
172
10
0
0
0
0
0
0
0
0
0
2
129
345
579
779
883
397
410
428
435
396
295
191
94
6
0
0
0
0
0
0
0
0
0
5
116
318
474
433
311
147
504
678
962
708
559
424
192
30
0
0
0
0
0
0
0
0
0
2
108
284
486
667
820
926
938
917
823
692
535
354
160
9
0
0
0
0
0
0
0
0
0
2
114
301
511
701
841
932
969
961
879
754
590
387
181
12
0
0
0
0
0
0
0
0
0
1
113
303
508
696
842
936
976
949
865
738
557
361
165
9
0
0
0
0
0
0
0
0
0
1
115
307
514
696
832
907
942
926
858
731
562
367
169
10
0
0
0
0
0
0
0
0
0
1
111
296
501
687
830
919
964
951
874
742
564
365
166
9
0
0
0
0
0
0
0
0
0
1
98
279
469
634
779
889
948
896
806
656
478
326
147
8
0
0
0
0
0
0
0
0
0
1
102
285
467
675
808
911
936
902
810
687
533
353
171
12
0
0
0
0
0
0
0
0
0
1
96
254
446
596
725
822
889
892
848
745
565
370
179
16
0
0
0
0
0
0
0
0
0
1
94
244
420
585
685
745
806
787
721
584
458
282
120
2
0
0
0
0
0
0
0
0
0
1
97
274
471
654
807
886
919
899
835
700
548
349
166
10
0
0
0
0
0
0
0
0
0
1
118
324
552
726
854
540
616
562
491
386
316
208
83
2
0
0
0
0
0
0
0
0
0
1
91
238
405
595
718
768
814
752
714
594
446
273
116
2
0
0
0
0
0
0
0
0
0
1
105
282
481
667
807
902
969
945
865
739
564
368
171
11
0
0
0
0
0
0
0
0
0
1
101
278
468
638
791
893
895
871
823
704
543
342
161
11
0
0
0
0
0
0
0
0
0
1
101
262
460
636
781
873
905
882
812
680
529
343
153
9
0
0
0
0
0
0
0
0
0
1
93
270
462
619
765
848
870
847
750
620
464
285
128
3
0
0
0
0
0
0
0
0
0
1
109
315
543
699
743
395
411
463
463
515
428
298
147
16
0
0
0
0
0
0
0
0
0
0
87
255
444
631
784
887
914
906
837
733
536
348
168
14
0
0
0
0
0
0
0
0
0
1
102
283
490
678
829
922
961
929
859
724
556
360
162
8
0
0
0
0
0
0
0
0
0
1
95
271
468
638
788
887
939
933
867
747
582
380
178
14
0
0
0
0
0
0
0
0
0
1
96
279
486
683
836
935
969
955
888
754
587
380
178
12
0
0
0
0
0
0
0
0
0
1
97
283
465
637
783
863
909
865
768
659
497
313
139
4
0
0
0
0
0
0
0
0
0
1
95
271
466
646
788
877
922
904
831
680
511
331
157
9
0
0
0
0
0
0
0
0
0
1
96
283
487
677
830
935
983
970
899
769
594
394
190
14
0
0
0
0
0
0
0
0
0
1
102
294
503
694
852
953
1000
984
912
779
604
398
190
13
0
0
0
0
0
0
0
0
0
0
94
277
482
670
818
917
954
920
849
721
554
355
162
8
0
0
0
0
0
0
0
0
0
0
86
259
457
644
785
845
887
889
845
706
542
343
165
10
0
0
0
0
0
0
0
0
0
0
94
279
492
684
835
935
987
967
889
751
572
366
168
9
0
0
0
0
0
0
0
0
0
0
88
265
472
658
819
919
969
948
879
751
571
373
177
12
0
0
0
0
0
0
0
0
0
0
83
253
454
626
762
846
876
889
818
700
544
352
167
10
0
0
0
0
0
0
0
0
0
0
94
289
515
726
883
427
466
444
378
244
196
125
49
2
0
0
0
0
0
0
0
0
0
0
84
262
450
631
773
845
914
914
839
719
561
359
170
13
0
0
0
0
0
0
0
0
0
0
83
260
464
650
806
915
965
956
882
754
582
377
173
11
0
0
0
0
0
0
0
0
0
0
76
250
453
633
776
882
877
876
810
659
518
309
136
4
0
0
0
0
0
0
0
0
0
0
81
258
454
649
809
919
978
975
893
764
591
380
172
12
0
0
0
0
0
0
0
0
0
0
71
232
425
594
743
882
944
932
876
730
553
361
164
10
0
0
0
0
0
0
0
0
0
0
78
255
454
648
807
899
955
930
858
726
543
346
157
7
0
0
0
0
0
0
0
0
0
0
71
239
429
611
747
854
891
892
821
694
562
349
155
8
0
0
0
0
0
0
0
0
0
0
80
263
468
665
814
924
976
964
887
748
570
367
164
7
0
0
0
0
0
0
0
0
0
0
73
243
426
603
761
878
919
911
834
711
539
352
162
9
0
0
0
0
0
0
0
0
0
0
76
255
464
661
816
930
976
958
885
749
571
364
162
7
0
0
0
0
0
0
0
0
0
0
74
253
460
656
810
924
967
955
874
735
557
357
159
7
0
0
0
0
0
0
0
0
0
0
49
159
311
451
604
715
793
782
712
642
512
367
158
12
0
0
0
0
0
0
0
0
0
0
63
250
457
627
796
819
883
796
653
566
444
286
120
4
0
0
0
0
0
0
0
0
0
0
62
241
442
589
731
802
845
843
802
656
487
254
124
4
0
0
0
0
0
0
0
0
0
0
36
145
288
289
427
421
689
974
755
784
497
374
161
9
0
0
0
0
0
0
0
0
0
0
63
230
433
629
781
877
936
914
839
715
538
336
140
4
0
0
0
0
0
0
0
0
0
0
61
227
423
617
779
881
926
915
835
707
537
339
142
5
0
0
0
0
0
0
0
0
0
0
61
224
414
602
743
853
910
898
834
742
568
363
155
7
0
0
0
0
0
0
0
0
0
0
52
200
382
530
633
729
790
732
671
560
420
261
96
1
0
0
0
0
0
0
0
0
0
0
30
232
437
630
793
896
946
931
860
725
547
348
148
4
0
0
0
0
0
0
0
0
0
0
29
235
442
639
797
908
956
947
880
746
572
360
149
5
0
0
0
0
0
0
0
0
0
0
28
229
439
643
799
907
960
947
862
725
553
337
137
4
0
0
0
0
0
0
0
0
0
0
19
149
416
490
869
691
578
432
470
564
523
223
52
1
0
0
0
0
0
0
0
0
0
0
25
202
393
565
709
807
834
805
753
615
455
265
105
1
0
0
0
0
0
0
0
0
0
0
23
221
419
588
769
878
879
828
766
625
463
287
121
2
0
0
0
0
0
0
0
0
0
0
26
241
459
670
860
584
606
585
515
438
336
204
76
2
0
0
0
0
0
0
0
0
0
0
25
225
435
636
793
894
949
939
848
718
535
326
130
2
0
0
0
0
0
0
0
0
0
0
21
213
413
611
782
892
953
945
856
698
512
306
118
2
0
0
0
0
0
0
0
0
0
0
22
216
421
609
767
872
914
895
814
688
517
305
115
1
0
0
0
0
0
0
0
0
0
0
23
220
430
631
791
906
936
925
840
714
530
319
119
1
0
0
0
0
0
0
0
0
0
0
21
213
410
624
771
863
925
902
821
692
504
296
108
1
0
0
0
0
0
0
0
0
0
0
16
169
341
478
581
689
732
737
662
551
408
245
84
1
0
0
0
0
0
0
0
0
0
0
18
182
359
553
693
813
847
839
784
645
482
274
101
1
0
0
0
0
0
0
0
0
0
0
16
182
366
546
674
777
792
773
696
590
427
257
92
0
0
0
0
0
0
0
0
0
0
0
16
169
344
473
609
661
691
666
601
512
378
224
75
0
0
0
0
0
0
0
0
0
0
0
16
187
384
573
719
815
847
841
771
629
475
273
94
0
0
0
0
0
0
0
0
0
0
0
16
194
388
574
725
824
864
847
772
644
472
276
95
0
0
0
0
0
0
0
0
0
0
0
14
169
341
506
639
722
757
741
686
562
416
239
82
0
0
0
0
0
0
0
0
0
0
0
14
185
381
566
718
818
867
852
773
642
464
266
90
0
0
0
0
0
0
0
0
0
0
0
14
191
380
568
715
845
863
880
803
652
460
275
88
0
0
0
0
0
0
0
0
0
0
0
15
191
393
596
749
863
882
873
785
648
475
271
85
0
0
0
0
0
0
0
0
0
0
0
11
142
253
471
583
778
739
751
761
637
537
306
97
1
0
0
0
0
0
0
0
0
0
0
13
194
405
607
769
884
928
909
818
670
485
279
86
0
0
0
0
0
0
0
0
0
0
0
12
184
395
592
749
857
882
838
766
623
447
240
70
0
0
0
0
0
0
0
0
0
0
0
12
194
406
609
771
889
920
905
834
688
497
282
87
0
0
0
0
0
0
0
0
0
0
0
11
181
381
575
732
839
855
838
737
609
417
228
63
0
0
0
0
0
0
0
0
0
0
0
12
196
411
620
787
902
945
916
832
680
486
267
77
0
0
0
0
0
0
0
0
0
0
0
11
187
390
594
739
849
880
865
759
625
438
232
64
0
0
0
0
0
0
0
0
0
0
0
12
176
374
554
679
787
830
734
669
542
410
225
61
0
0
0
0
0
0
0
0
0
0
0
10
192
407
611
782
888
935
909
817
676
483
263
35
0
0
0
0
0
0
0
0
0
0
0
7
157
340
538
620
756
736
709
673
588
394
190
28
0
0
0
0
0
0
0
0
0
0
0
8
164
349
548
693
796
867
833
708
548
393
238
29
0
0
0
0
0
0
0
0
0
0
0
8
172
367
546
696
762
798
815
743
607
423
226
28
0
0
0
0
0
0
0
0
0
0
0
8
166
367
557
702
805
854
811
736
602
436
225
26
0
0
0
0
0
0
0
0
0
0
0
9
181
383
568
712
816
847
841
750
594
418
216
21
0
0
0
0
0
0
0
0
0
0
0
8
176
382
577
745
845
885
858
774
623
433
222
21
0
0
0
0
0
0
0
0
0
0
0
13
200
439
666
753
462
512
625
539
344
294
112
4
0
0
0
0
0
0
0
0
0
0
0
7
162
342
528
691
794
860
841
752
590
410
206
17
0
0
0
0
0
0
0
0
0
0
0
7
175
379
573
706
811
837
789
707
553
392
196
14
0
0
0
0
0
0
0
0
0
0
0
4
96
221
325
416
439
481
509
409
317
206
100
4
0
0
0
0
0
0
0
0
0
0
0
6
170
374
571
725
826
867
847
764
624
431
213
17
0
0
0
0
0
0
0
0
0
0
0
6
173
387
587
747
846
893
862
772
618
426
213
15
0
0
0
0
0
0
0
0
0
0
0
5
145
327
507
654
761
849
831
731
575
407
195
12
0
0
0
0
0
0
0
0
0
0
0
7
163
354
516
634
703
743
725
663
547
368
173
8
0
0
0
0
0
0
0
0
0
0
0
6
145
323
427
612
694
723
684
658
603
390
201
15
0
0
0
0
0
0
0
0
0
0
0
5
153
351
555
724
814
839
784
685
535
353
164
6
0
0
0
0
0
0
0
0
0
0
0
5
174
396
605
769
875
911
876
776
616
410
190
7
0
0
0
0
0
0
0
0
0
0
0
5
161
369
569
720
821
855
813
718
574
384
176
6
0
0
0
0
0
0
0
0
0
0
0
4
159
366
567
719
820
861
838
739
582
383
176
6
0
0
0
0
0
0
0
0
0
0
0
4
149
353
538
685
789
835
792
706
559
370
170
7
0
0
0
0
0
0
0
0
0
0
0
1
120
303
395
553
647
777
698
595
460
351
185
9
0
0
0
0
0
0
0
0
0
0
0
4
95
184
281
436
605
512
533
536
425
214
113
2
0
0
0
0
0
0
0
0
0
0
0
4
159
376
585
751
854
896
861
759
592
385
168
4
0
0
0
0
0
0
0
0
0
0
0
3
148
344
531
685
772
816
784
698
548
359
155
4
0
0
0
0
0
0
0
0
0
0
0
1
110
274
420
537
636
650
642
564
431
268
124
3
0
0
0
0
0
0
0
0
0
0
0
2
123
306
473
608
682
710
667
582
451
286
116
1
0
0
0
0
0
0
0
0
0
0
0
1
112
296
464
604
700
736
713
630
479
308
129
3
0
0
0
0
0
0
0
0
0
0
0
2
145
353
545
699
802
835
808
706
547
346
138
2
0
0
0
0
0
0
0
0
0
0
0
2
140
345
539
689
778
813
775
678
513
325
126
1
0
0
0
0
0
0
0
0
0
0
0
2
114
285
451
579
665
689
658
568
428
266
101
1
0
0
0
0
0
0
0
0
0
0
0
1
83
212
308
401
461
501
511
409
287
188
76
2
0
0
0
0
0
0
0
0
0
0
0
1
120
300
485
628
731
790
761
680
540
334
128
2
0
0
0
0
0
0
0
0
0
0
0
1
115
293
464
578
689
737
732
653
506
326
121
2
0
0
0
0
0
0
0
0
0
0
0
2
131
331
529
680
779
813
775
675
523
327
121
1
0
0
0
0
0
0
0
0
0
0
0
1
132
336
531
680
773
806
766
663
510
316
114
1
0
0
0
0
0
0
0
0
0
0
0
1
107
278
442
566
647
672
637
550
420
254
86
0
0
0
0
0
0
0
0
0
0
0
0
2
139
313
445
457
486
594
343
382
319
107
8
0
0
0
0
0
0
0
0
0
0
0
0
1
107
301
468
591
643
683
694
617
459
285
99
0
0
0
0
0
0
0
0
0
0
0
0
1
69
140
303
334
509
600
498
476
440
301
100
1
0
0
0
0
0
0
0
0
0
0
0
0
74
231
344
444
482
485
498
466
327
202
62
0
0
0
0
0
0
0
0
0
0
0
0
1
105
287
467
625
704
721
674
578
452
273
88
0
0
0
0
0
0
0
0
0
0
0
0
0
110
295
487
634
736
765
722
612
457
268
83
0
0
0
0
0
0
0
0
0
0
0
0
1
102
283
462
585
675
716
677
595
455
265
84
0
0
0
0
0
0
0
0
0
0
0
0
0
73
245
406
529
415
514
420
393
219
22
30
0
0
0
0
0
0
0
0
0
0
0
0
0
91
266
452
585
650
657
597
505
379
212
60
0
0
0
0
0
0
0
0
0
0
0
0
0
101
274
472
604
696
734
674
584
413
227
63
0
0
0
0
0
0
0
0
0
0
0
0
0
102
296
496
650
726
758
702
580
422
235
27
0
0
0
0
0
0
0
0
0
0
0
0
0
93
274
456
604
697
725
688
587
429
240
31
0
0
0
0
0
0
0
0
0
0
0
0
0
94
280
468
617
711
737
696
595
435
243
30
0
0
0
0
0
0
0
0
0
0
0
0
0
92
279
469
623
712
740
709
597
435
245
32
0
0
0
0
0
0
0
0
0
0
0
0
0
86
212
400
551
550
639
603
544
360
181
6
0
0
0
0
0
0
0
0
0
0
0
0
0
80
257
427
569
643
676
644
551
409
237
34
0
0
0
0
0
0
0
0
0
0
0
0
0
76
243
403
551
635
618
525
446
322
194
31
0
0
0
0
0
0
0
0
0
0
0
0
0
79
262
439
586
648
658
629
534
390
197
20
0
0
0
0
0
0
0
0
0
0
0
0
0
89
276
469
615
707
729
681
578
418
226
21
0
0
0
0
0
0
0
0
0
0
0
0
0
81
260
441
589
661
693
650
549
386
200
17
0
0
0
0
0
0
0
0
0
0
0
0
0
74
243
427
549
647
675
612
515
384
220
27
0
0
0
0
0
0
0
0
0
0
0
0
0
75
252
432
571
670
694
651
554
392
208
19
0
0
0
0
0
0
0
0
0
0
0
0
0
71
243
403
519
604
668
644
530
382
186
14
0
0
0
0
0
0
0
0
0
0
0
0
0
67
229
360
483
601
631
623
507
372
193
13
0
0
0
0
0
0
0
0
0
0
0
0
0
49
114
238
372
419
635
744
415
225
150
15
0
0
0
0
0
0
0
0
0
0
0
0
0
35
246
427
583
668
676
645
549
396
200
14
0
0
0
0
0
0
0
0
0
0
0
0
0
36
229
394
544
617
599
618
481
361
179
12
0
0
0
0
0
0
0
0
0
0
0
0
0
23
222
401
506
590
596
552
502
328
158
12
0
0
0
0
0
0
0
0
0
0
0
0
0
28
154
238
339
413
516
606
405
387
184
22
0
0
0
0
0
0
0
0
0
0
0
0
0
28
235
409
563
638
664
629
526
376
191
10
0
0
0
0
0
0
0
0
0
0
0
0
0
26
226
392
543
622
646
598
495
342
163
7
0
0
0
0
0
0
0
0
0
0
0
0
0
27
229
393
517
603
621
599
522
374
186
11
0
0
0
0
0
0
0
0
0
0
0
0
0
23
219
398
536
629
646
623
528
364
175
7
0
0
0
0
0
0
0
0
0
0
0
0
0
22
208
387
533
629
647
600
506
368
185
13
0
0
0
0
0
0
0
0
0
0
0
0
0
23
199
382
507
588
588
546
454
286
143
8
0
0
0
0
0
0
0
0
0
0
0
0
0
19
190
360
476
540
533
513
495
317
138
2
0
0
0
0
0
0
0
0
0
0
0
0
0
20
216
395
542
639
668
628
524
369
181
9
0
0
0
0
0
0
0
0
0
0
0
0
0
19
215
397
554
644
668
629
522
363
176
7
0
0
0
0
0
0
0
0
0
0
0
0
0
16
174
352
455
546
555
528
479
364
178
8
0
0
0
0
0
0
0
0
0
0
0
0
0
13
168
340
452
526
542
517
416
279
136
2
0
0
0
0
0
0
0
0
0
0
0
0
0
17
149
291
360
468
598
537
476
338
172
13
0
0
0
0
0
0
0
0
0
0
0
0
0
16
191
337
458
559
586
566
518
371
186
11
0
0
0
0
0
0
0
0
0
0
0
0
0
3
71
154
341
329
384
319
256
176
92
5
0
0
0
0
0
0
0
0
0
0
0
0
0
12
184
351
487
590
602
575
477
323
147
5
0
0
0
0
0
0
0
0
0
0
0
0
0
12
182
368
512
595
626
595
501
341
154
4
0
0
0
0
0
0
0
0
0
0
0
0
0
11
186
368
518
606
635
602
499
343
160
5
0
0
0
0
0
0
0
0
0
0
0
0
0
11
194
384
539
641
671
635
532
370
178
7
0
0
0
0
0
0
0
0
0
0
0
0
0
11
194
376
518
610
629
586
491
341
166
5
0
0
0
0
0
0
0
0
0
0
0
0
0
10
193
383
536
633
664
626
519
361
172
5
0
0
0
0
0
0
0
0
0
0
0
0
0
9
188
378
533
631
658
626
525
365
172
6
0
0
0
0
0
0
0
0
0
0
0
0
0
8
180
367
520
615
641
606
502
348
164
5
0
0
0
0
0
0
0
0
0
0
0
0
0
8
173
359
511
608
634
593
497
344
160
5
0
0
0
0
0
0
0
0
0
0
0
0
0
11
99
292
401
543
413
290
283
262
178
16
0
0
0
0
0
0
0
0
0
0
0
0
0
7
164
344
498
597
633
600
498
347
167
6
0
0
0
0
0
0
0
0
0
0
0
0
0
6
164
344
494
594
622
582
486
338
159
5
0
0
0
0
0
0
0
0
0
0
0
0
0
6
161
337
489
585
620
587
489
336
156
4
0
0
0
0
0
0
0
0
0
0
0
0
0
5
147
326
471
559
593
556
455
311
140
4
0
0
0
0
0
0
0
0
0
0
0
0
0
5
116
266
396
467
527
561
407
277
149
8
0
0
0
0
0
0
0
0
0
0
0
0
0
2
101
213
313
375
371
348
268
204
84
2
0
0
0
0
0
0
0
0
0
0
0
0
0
2
64
142
207
262
286
247
189
128
63
2
0
0
0
0
0
0
0
0
0
0
0
0
0
4
154
334
485
584
618
589
489
335
155
4
0
0
0
0
0
0
0
0
0
0
0
0
0
2
121
279
400
469
536
529
423
298
137
5
0
0
0
0
0
0
0
0
0
0
0
0
0
3
136
305
445
535
583
555
459
319
151
5
0
0
0
0
0
0
0
0
0
0
0
0
0
1
99
238
368
491
516
527
438
313
156
9
0
0
0
0
0
0
0
0
0
0
0
0
0
3
135
308
435
523
525
501
431
291
130
4
0
0
0
0
0
0
0
0
0
0
0
0
0
2
121
282
428
524
550
524
423
304
138
5
0
0
0
0
0
0
0
0
0
0
0
0
0
1
94
248
400
489
537
463
404
241
116
2
0
0
0
0
0
0
0
0
0
0
0
0
0
2
142
212
294
337
350
343
263
184
63
2
0
0
0
0
0
0
0
0
0
0
0
0
0
2
124
288
439
535
584
555
464
332
156
7
0
0
0
0
0
0
0
0
0
0
0
0
0
2
115
283
428
523
563
552
454
311
138
4
0
0
0
0
0
0
0
0
0
0
0
0
0
2
110
269
446
468
492
430
357
229
128
9
0
0
0
0
0
0
0
0
0
0
0
0
0
2
117
288
431
525
555
526
431
305
141
5
0
0
0
0
0
0
0
0
0
0
0
0
0
1
115
284
417
511
558
540
455
314
153
5
0
0
0
0
0
0
0
0
0
0
0
0
0
2
118
287
435
543
577
554
462
324
157
7
0
0
0
0
0
0
0
0
0
0
0
0
0
1
119
287
442
544
572
557
463
325
157
5
0
0
0
0
0
0
0
0
0
0
0
0
0
1
124
300
459
563
607
581
489
347
171
8
0
0
0
0
0
0
0
0
0
0
0
0
0
1
119
278
407
496
529
520
456
332
155
7
0
0
0
0
0
0
0
0
0
0
0
0
0
1
89
219
336
405
458
414
368
266
130
6
0
0
0
0
0
0
0
0
0
0
0
0
0
1
111
279
439
541
539
501
410
291
137
2
0
0
0
0
0
0
0
0
0
0
0
0
0
1
118
295
454
568
618
590
504
360
184
11
0
0
0
0
0
0
0
0
0
0
0
0
0
1
108
260
397
517
552
545
468
340
168
9
0
0
0
0
0
0
0
0
0
0
0
0
0
1
98
239
366
463
472
476
418
326
158
8
0
0
0
0
0
0
0
0
0
0
0
0
0
1
100
258
410
520
546
529
436
319
166
9
0
0
0
0
0
0
0
0
0
0
0
0
0
1
100
262
410
503
543
517
441
335
177
12
0
0
0
0
0
0