0
0
0
0
0
0
0
4
160
337
483
582
613
578
484
338
161
4
0
0
0
0
0
0
0
0
0
0
0
0
0
5
168
354
505
602
635
603
507
359
175
6
0
0
0
0
0
0
0
0
0
0
0
0
0
5
184
390
557
666
702
667
561
396
193
6
0
0
0
0
0
0
0
0
0
0
0
0
0
5
172
364
521
623
657
623
530
377
186
7
0
0
0
0
0
0
0
0
0
0
0
0
0
4
150
319
461
538
582
544
463
332
163
7
0
0
0
0
0
0
0
0
0
0
0
0
0
5
178
381
546
652
686
651
551
389
192
6
0
0
0
0
0
0
0
0
0
0
0
0
0
5
176
375
538
646
685
655
554
396
200
8
0
0
0
0
0
0
0
0
0
0
0
0
0
5
172
366
527
630
670
642
545
392
199
9
0
0
0
0
0
0
0
0
0
0
0
0
0
4
165
354
512
614
649
620
525
380
195
10
0
0
0
0
0
0
0
0
0
0
0
0
0
5
181
384
551
660
700
669
566
407
207
9
0
0
0
0
0
0
0
0
0
0
0
0
0
4
174
374
540
646
688
658
564
407
210
11
0
0
0
0
0
0
0
0
0
0
0
0
0
4
163
349
508
613
651
628
540
395
207
13
0
0
0
0
0
0
0
0
0
0
0
0
0
4
170
368
530
638
679
649
556
402
210
12
0
0
0
0
0
0
0
0
0
0
0
0
0
4
167
356
511
610
650
625
535
393
208
13
0
0
0
0
0
0
0
0
0
0
0
0
0
5
171
363
521
627
666
641
551
404
217
14
0
0
0
0
0
0
0
0
0
0
0
0
0
4
131
289
425
519
560
537
446
345
183
11
0
0
0
0
0
0
0
0
0
0
0
0
0
5
175
371
533
638
679
652
562
409
219
15
0
0
0
0
0
0
0
0
0
0
0
0
0
5
178
378
543
650
695
669
575
422
229
17
0
0
0
0
0
0
0
0
0
0
0
0
0
5
166
354
504
598
637
615
530
391
215
17
0
0
0
0
0
0
0
0
0
0
0
0
0
4
157
341
487
591
627
617
531
393
218
19
0
0
0
0
0
0
0
0
0
0
0
0
0
5
185
393
569
683
728
704
607
447
246
21
0
0
0
0
0
0
0
0
0
0
0
0
0
2
199
418
601
573
772
690
645
479
159
5
0
0
0
0
0
0
0
0
0
0
0
0
0
6
192
396
562
671
717
693
601
450
256
25
0
0
0
0
0
0
0
0
0
0
0
0
0
6
198
407
580
692
737
712
618
461
261
24
0
0
0
0
0
0
0
0
0
0
0
0
0
6
185
385
551
659
702
677
588
440
250
26
0
0
0
0
0
0
0
0
0
0
0
0
0
7
200
415
593
711
761
735
637
476
270
28
0
0
0
0
0
0
0
0
0
0
0
0
0
7
198
411
588
704
748
719
618
456
254
23
0
0
0
0
0
0
0
0
0
0
0
0
0
7
192
397
569
682
730
710
619
465
269
33
0
0
0
0
0
0
0
0
0
0
0
0
0
7
191
396
567
680
727
704
611
458
265
31
0
0
0
0
0
0
0
0
0
0
0
0
0
8
203
418
594
712
760
735
638
478
276
32
0
0
0
0
0
0
0
0
0
0
0
0
0
6
165
340
483
593
640
626
565
433
258
39
0
0
0
0
0
0
0
0
0
0
0
0
0
8
202
410
583
699
745
723
631
477
279
37
0
0
0
0
0
0
0
0
0
0
0
0
0
8
191
388
550
663
715
697
608
465
278
41
0
0
0
0
0
0
0
0
0
0
0
0
0
9
200
407
577
691
738
719
631
480
282
41
0
0
0
0
0
0
0
0
0
0
0
0
0
10
206
418
594
707
755
729
636
481
283
83
0
0
0
0
0
0
0
0
0
0
0
0
0
10
203
405
573
685
733
716
625
482
291
90
0
0
0
0
0
0
0
0
0
0
0
0
0
10
201
403
572
684
728
706
621
474
285
88
0
0
0
0
0
0
0
0
0
0
0
0
0
11
199
398
561
674
725
713
627
478
287
90
0
0
0
0
0
0
0
0
0
0
0
0
0
11
207
408
577
691
736
709
624
477
288
92
0
0
0
0
0
0
0
0
0
0
0
0
0
13
217
424
593
705
755
736
651
502
309
102
0
0
0
0
0
0
0
0
0
0
0
0
0
12
203
396
558
671
722
702
621
481
300
101
0
0
0
0
0
0
0
0
0
0
0
0
0
15
233
447
624
742
792
770
676
521
317
105
0
0
0
0
0
0
0
0
0
0
0
0
0
15
209
399
559
667
715
692
621
488
301
102
0
0
0
0
0
0
0
0
0
0
0
0
0
16
232
444
620
740
790
773
684
536
337
119
0
0
0
0
0
0
0
0
0
0
0
0
0
32
187
153
53
127
358
566
538
369
308
138
2
0
0
0
0
0
0
0
0
0
0
0
0
18
236
438
608
721
770
745
657
512
320
114
0
0
0
0
0
0
0
0
0
0
0
0
0
21
258
475
651
769
819
798
707
553
350
129
0
0
0
0
0
0
0
0
0
0
0
0
0
22
258
473
648
765
814
794
701
550
350
131
0
0
0
0
0
0
0
0
0
0
0
0
0
23
258
474
649
769
819
801
712
558
355
134
1
0
0
0
0
0
0
0
0
0
0
0
0
24
257
466
637
751
799
777
687
539
343
130
0
0
0
0
0
0
0
0
0
0
0
0
0
23
240
427
591
692
733
727
637
504
323
124
0
0
0
0
0
0
0
0
0
0
0
0
0
27
264
480
657
775
826
805
713
558
352
133
1
0
0
0
0
0
0
0
0
0
0
0
0
27
250
450
615
725
768
748
658
515
329
127
1
0
0
0
0
0
0
0
0
0
0
0
0
22
206
365
487
569
607
568
512
388
250
100
1
0
0
0
0
0
0
0
0
0
0
0
0
28
247
434
595
696
750
730
656
518
339
139
2
0
0
0
0
0
0
0
0
0
0
0
0
34
179
172
334
549
750
725
478
270
77
12
5
0
0
0
0
0
0
0
0
0
0
0
0
28
225
396
540
632
672
645
568
436
285
112
1
0
0
0
0
0
0
0
0
0
0
0
0
36
247
425
535
625
669
667
598
516
348
151
3
0
0
0
0
0
0
0
0
0
0
0
0
33
252
441
575
636
716
697
600
482
312
131
2
0
0
0
0
0
0
0
0
0
0
0
0
72
251
423
573
694
743
717
644
511
332
139
2
0
0
0
0
0
0
0
0
0
0
0
0
88
302
522
699
819
867
844
750
592
386
161
2
0
0
0
0
0
0
0
0
0
0
0
0
89
294
502
668
777
820
794
706
555
367
154
2
0
0
0
0
0
0
0
0
0
0
0
0
104
340
573
760
882
928
899
794
625
405
169
1
0
0
0
0
0
0
0
0
0
0
0
0
97
312
525
696
808
851
824
732
578
376
160
2
0
0
0
0
0
0
0
0
0
0
0
0
102
321
538
710
823
867
838
744
586
384
162
2
0
0
0
0
0
0
0
0
0
0
0
0
110
337
559
737
855
899
874
776
614
403
173
3
0
0
0
0
0
0
0
0
0
0
0
0
110
329
541
710
820
870
855
766
614
412
185
5
0
0
0
0
0
0
0
0
0
0
0
0
120
348
568
746
863
906
882
786
627
418
186
4
0
0
0
0
0
0
0
0
0
0
0
0
125
354
571
743
853
895
866
766
607
404
178
2
0
0
0
0
0
0
0
0
0
0
0
0
127
355
575
749
861
908
885
789
631
424
192
5
0
0
0
0
0
0
0
0
0
0
0
0
138
380
610
793
911
958
930
828
661
443
200
5
0
0
0
0
0
0
0
0
0
0
0
1
138
372
594
767
881
925
898
800
639
430
197
5
0
0
0
0
0
0
0
0
0
0
0
1
139
375
603
785
902
949
921
821
657
440
200
6
0
0
0
0
0
0
0
0
0
0
0
1
132
349
554
723
833
876
854
763
611
411
188
6
0
0
0
0
0
0
0
0
0
0
0
1
147
383
608
787
902
946
919
820
658
444
206
7
0
0
0
0
0
0
0
0
0
0
0
1
134
343
534
696
802
840
818
727
589
396
183
6
0
0
0
0
0
0
0
0
0
0
0
1
136
343
539
694
791
821
793
713
567
379
177
5
0
0
0
0
0
0
0
0
0
0
0
2
164
403
627
802
917
959
928
824
658
443
206
6
0
0
0
0
0
0
0
0
0
0
0
2
155
376
580
745
851
897
874
780
630
431
208
9
0
0
0
0
0
0
0
0
0
0
0
3
163
390
602
767
873
911
888
794
638
434
207
8
0
0
0
0
0
0
0
0
0
0
0
5
190
352
572
699
857
973
1013
906
730
499
240
13
0
0
0
0
0
0
0
0
0
0
0
4
192
441
671
852
966
1010
980
875
703
483
233
10
0
0
0
0
0
0
0
0
0
0
0
4
159
366
559
706
799
838
832
742
600
411
201
10
0
0
0
0
0
0
0
0
0
0
0
4
171
385
579
732
838
882
850
761
620
429
213
12
0
0
0
0
0
0
0
0
0
0
0
5
196
437
660
835
943
984
954
857
691
475
234
12
0
0
0
0
0
0
0
0
0
0
0
5
185
409
616
779
884
927
893
798
643
443
218
11
0
0
0
0
0
0
0
0
0
0
0
6
186
407
605
762
861
903
870
785
632
436
218
12
0
0
0
0
0
0
0
0
0
0
0
6
179
393
587
740
840
884
860
757
612
424
209
13
0
0
0
0
0
0
0
0
0
0
0
8
208
443
653
816
916
952
920
820
660
448
219
10
0
0
0
0
0
0
0
0
0
0
0
9
205
430
638
796
892
929
894
797
645
446
225
13
0
0
0
0
0
0
0
0
0
0
0
10
209
437
644
806
908
946
913
812
660
462
236
16
0
0
0
0
0
0
0
0
0
0
0
11
209
426
626
771
874
906
869
764
616
423
215
11
0
0
0
0
0
0
0
0
0
0
0
13
237
477
694
860
965
1001
967
866
701
487
250
16
0
0
0
0
0
0
0
0
0
0
0
14
234
464
669
825
923
959
933
836
683
481
251
18
0
0
0
0
0
0
0
0
0
0
0
17
273
538
772
955
1066
1099
1055
933
746
509
252
10
0
0
0
0
0
0
0
0
0
0
0
16
243
481
694
863
963
1001
966
864
700
486
248
17
0
0
0
0
0
0
0
0
0
0
0
18
264
517
741
911
1019
1051
1011
897
720
495
249
13
0
0
0
0
0
0
0
0
0
0
0
19
257
498
712
878
982
1015
978
874
710
496
258
19
0
0
0
0
0
0
0
0
0
0
0
20
245
469
667
819
910
935
904
809
652
454
236
17
0
0
0
0
0
0
0
0
0
0
0
21
254
486
689
839
936
966
931
833
671
470
244
18
0
0
0
0
0
0
0
0
0
0
0
26
283
533
756
925
1031
1065
1029
923
752
532
282
24
0
0
0
0
0
0
0
0
0
0
0
26
269
500
706
863
966
1000
964
862
700
494
263
23
0
0
0
0
0
0
0
0
0
0
0
30
292
538
751
911
1010
1039
995
885
716
498
260
17
0
0
0
0
0
0
0
0
0
0
0
30
287
529
745
910
1013
1045
1007
904
735
519
275
25
0
0
0
0
0
0
0
0
0
0
0
28
249
446
618
745
817
857
802
744
616
427
228
20
0
0
0
0
0
0
0
0
0
0
0
41
246
446
520
618
661
751
636
617
538
436
161
9
0
0
0
0
0
0
0
0
0
0
0
32
261
475
660
812
896
916
883
791
635
464
250
26
0
0
0
0
0
0
0
0
0
0
0
41
319
572
797
966
1069
1097
1053
936
757
530
281
24
0
0
0
0
0
0
0
0
0
0
0
36
261
468
660
798
891
927
889
803
652
460
249
27
0
0
0
0
0
0
0
0
0
0
0
84
301
535
739
896
990
1019
978
880
717
511
276
30
0
0
0
0
0
0
0
0
0
0
0
84
298
527
731
879
967
990
950
847
689
487
261
26
0
0
0
0
0
0
0
0
0
0
0
84
290
513
710
863
955
989
948
850
698
495
271
32
0
0
0
0
0
0
0
0
0
0
0
37
186
235
676
487
169
139
295
290
556
135
295
78
0
0
0
0
0
0
0
0
0
0
0
99
329
575
787
945
1040
1067
1020
908
735
517
277
27
0
0
0
0
0
0
0
0
0
0
0
109
349
600
819
985
1084
1112
1063
946
768
541
293
30
0
0
0
0
0
0
0
0
0
0
0
94
293
508
693
836
929
953
919
828
673
478
265
32
0
0
0
0
0
0
0
0
0
0
0
103
323
557
760
917
1015
1042
1004
903
741
529
292
39
0
0
0
0
0
0
0
0
0
0
0
99
308
527
718
862
953
983
940
837
686
490
269
36
0
0
0
0
0
0
0
0
0
0
0
100
305
525
713
855
950
976
942
844
691
494
274
75
0
0
0
0
0
0
0
0
0
0
0
110
330
558
758
908
998
1022
985
877
717
512
283
79
0
0
0
0
0
0
0
0
0
0
0
85
261
508
713
804
913
986
1090
894
804
578
325
93
0
0
0
0
0
0
0
0
0
0
0
114
333
560
762
908
1000
1026
979
875
712
509
282
80
0
0
0
0
0
0
0
0
0
0
0
118
333
554
748
891
981
1004
970
870
713
514
292
86
0
0
0
0
0
0
0
0
0
0
1
128
360
595
797
949
1038
1060
1016
906
740
530
298
87
0
0
0
0
0
0
0
0
0
0
1
120
335
555
745
891
977
1004
962
864
712
513
291
88
0
0
0
0
0
0
0
0
0
0
1
116
318
527
705
839
933
967
925
832
678
492
283
89
0
0
0
0
0
0
0
0
0
0
1
123
335
553
740
886
969
995
957
862
713
514
294
91
0
0
0
0
0
0
0
0
0
0
1
129
352
581
781
929
1018
1042
1001
896
735
527
298
91
0
0
0
0
0
0
0
0
0
0
1
132
353
580
773
915
1000
1024
982
876
722
523
299
93
0
0
0
0
0
0
0
0
0
0
1
111
300
494
657
781
858
893
834
761
633
443
252
80
0
0
0
0
0
0
0
0
0
0
1
113
296
492
652
782
874
917
875
784
645
484
284
94
0
0
0
0
0
0
0
0
0
0
1
134
348
564
749
890
980
1012
976
878
730
536
311
103
0
0
0
0
0
0
0
0
0
0
2
140
361
585
779
921
1012
1039
1004
903
748
547
319
107
0
0
0
0
0
0
0
0
0
0
2
149
381
616
819
973
1066
1093
1053
948
784
573
335
111
0
0
0
0
0
0
0
0
0
0
2
138
353
572
764
906
993
1024
993
901
750
552
325
111
0
0
0
0
0
0
0
0
0
0
2
136
345
559
748
891
974
996
961
872
720
530
309
104
0
0
0
0
0
0
0
0
0
0
2
143
361
585
777
924
1008
1035
995
897
742
543
317
107
0
0
0
0
0
0
0
0
0
0
2
151
374
598
790
935
1024
1051
1013
913
756
555
328
113
0
0
0
0
0
0
0
0
0
0
3
155
378
603
794
937
1026
1053
1017
920
764
563
337
119
0
0
0
0
0
0
0
0
0
0
3
160
386
611
803
949
1037
1061
1022
921
765
564
338
120
0
0
0
0
0
0
0
0
0
0
3
157
380
604
798
944
1031
1056
1016
916
758
557
332
117
0
0
0
0
0
0
0
0
0
0
3
153
372
593
785
931
1014
1041
1006
908
758
561
338
123
1
0
0
0
0
0
0
0
0
0
3
136
325
515
676
799
870
895
863
782
653
481
288
104
0
0
0
0
0
0
0
0
0
0
4
173
409
642
843
993
1084
1110
1069
965
802
593
357
130
1
0
0
0
0
0
0
0
0
0
4
164
387
609
801
944
1031
1054
1016
918
764
566
342
126
1
0
0
0
0
0
0
0
0
0
4
176
409
639
834
983
1072
1096
1055
953
793
588
358
133
1
0
0
0
0
0
0
0
0
0
4
164
383
600
786
926
1009
1036
1005
910
762
568
348
132
1
0
0
0
0
0
0
0
0
0
4
156
367
579
763
898
982
1001
962
869
723
535
321
119
1
0
0
0
0
0
0
0
0
0
4
156
367
574
753
888
974
995
968
874
729
543
332
126
1
0
0
0
0
0
0
0
0
0
4
133
308
501
671
795
872
904
873
788
657
488
308
112
2
0
0
0
0
0
0
0
0
0
3
129
300
453
645
720
778
811
835
769
654
488
287
112
1
0
0
0
0
0
0
0
0
0
4
160
379
596
782
928
1012
1036
1000
907
752
558
337
129
1
0
0
0
0
0
0
0
0
0
5
170
397
622
816
961
1048
1072
1034
932
775
573
347
132
1
0
0
0
0
0
0
0
0
0
5
170
396
621
815
959
1048
1069
1030
929
774
573
350
134
1
0
0
0
0
0
0
0
0
0
5
165
382
597
784
927
1015
1046
1009
911
762
570
351
140
2
0
0
0
0
0
0
0
0
0
5
156
363
572
756
903
986
1007
973
886
744
560
349
140
3
0
0
0
0
0
0
0
0
0
5
161
374
589
773
917
1006
1030
997
905
757
569
354
141
2
0
0
0
0
0
0
0
0
0
5
155
358
566
746
885
974
1008
981
889
742
554
345
140
3
0
0
0
0
0
0
0
0
0
5
173
396
619
810
954
1041
1069
1034
938
789
594
372
152
3
0
0
0
0
0
0
0
0
0
5
158
365
572
749
886
969
996
960
872
731
555
345
141
3
0
0
0
0
0
0
0
0
0
5
166
382
597
783
923
1006
1038
1006
910
763
573
357
145
2
0
0
0
0
0
0
0
0
0
5
162
376
592
778
918
1009
1041
1006
913
761
572
354
143
2
0
0
0
0
0
0
0
0
0
5
157
364
571
743
875
946
965
932
845
703
533
335
135
2
0
0
0
0
0
0
0
0
0
5
163
373
582
761
900
986
1016
984
895
755
571
358
148
3
0
0
0
0
0
0
0
0
0
5
173
394
615
804
945
1030
1053
1017
921
771
578
360
147
2
0
0
0
0
0
0
0
0
0
5
158
358
556
725
858
938
960
927
830
691
514
318
130
1
0
0
0
0
0
0
0
0
0
5
175
405
631
830
979
1069
1098
1064
967
811
611
381
157
3
0
0
0
0
0
0
0
0
0
4
148
338
524
698
829
896
925
884
791
673
516
325
136
3
0
0
0
0
0
0
0
0
0
5
151
352
551
729
865
952
976
957
878
741
563
354
147
4
0
0
0
0
0
0
0
0
0
5
148
347
551
734
863
948
970
948
865
735
560
355
150
5
0
0
0
0
0
0
0
0
0
5
158
369
582
767
908
999
1025
991
899
762
577
366
155
4
0
0
0
0
0
0
0
0
0
4
152
357
565
750
890
976
1010
978
891
755
578
366
155
5
0
0
0
0
0
0
0
0
0
5
159
375
593
783
932
1021
1049
1019
925
777
583
363
151
3
0
0
0
0
0
0
0
0
0
5
171
405
648
854
1005
595
609
586
543
459
339
207
85
1
0
0
0
0
0
0
0
0
0
4
146
347
552
732
862
938
965
927
854
714
540
341
143
3
0
0
0
0
0
0
0
0
0
4
146
344
547
722
865
954
985
967
890
754
572
364
157
5
0
0
0
0
0
0
0
0
0
1
79
191
330
411
507
552
550
572
499
427
267
172
70
1
0
0
0
0
0
0
0
0
0
4
148
354
564
747
886
974
999
971
883
746
565
357
151
4
0
0
0
0
0
0
0
0
0
4
155
369
588
775
919
1011
1039
1006
916
769
581
366
155
4
0
0
0
0
0
0
0
0
0
4
142
338
539
725
863
954
988
957
867
723
547
343
144
4
0
0
0
0
0
0
0
0
0
4
137
321
530
695
808
873
909
889
799
688
519
320
135
4
0
0
0
0
0
0
0
0
0
3
153
372
596
789
938
1025
1053
1019
922
771
575
356
146
1
0
0
0
0
0
0
0
0
0
3
139
337
543
727
866
951
978
950
867
738
562
356
151
4
0
0
0
0
0
0
0
0
0
3
150
367
591
786
938
1035
1066
1035
946
796
599
376
159
4
0
0
0
0
0
0
0
0
0
2
125
305
477
651
764
855
883
848
803
660
503
315
138
5
0
0
0
0
0
0
0
0
0
3
138
339
546
726
865
949
982
951
866
733
550
350
149
4
0
0
0
0
0
0
0
0
0
3
142
347
553
736
871
960
995
970
887
754
575
366
158
4
0
0
0
0
0
0
0
0
0
3
157
382
610
812
966
1061
1096
1068
977
828
632
406
176
5
0
0
0
0
0
0
0
0
0
3
151
369
590
782
931
1022
1053
1024
937
795
607
388
167
4
0
0
0
0
0
0
0
0
0
2
118
287
439
592
713
828
889
868
817
684
537
355
151
5
0
0
0
0
0
0
0
0
0
2
128
297
498
638
774
840
864
800
733
630
479
299
119
2
0
0
0
0
0
0
0
0
0
2
117
305
503
669
793
876
938
883
807
678
506
317
130
3
0
0
0
0
0
0
0
0
0
2
138
357
581
779
932
1031
1065
1037
948
801
605
382
160
4
0
0
0
0
0
0
0
0
0
2
145
371
602
804
957
1052
1083
1050
952
797
596
370
150
1
0
0
0
0
0
0
0
0
0
2
129
337
553
746
894
994
1033
1004
916
776
588
372
157
4
0
0
0
0
0
0
0
0
0
1
123
321
531
714
853
942
975
946
860
722
545
343
141
3
0
0
0
0
0
0
0
0
0
1
113
339
383
331
758
770
633
642
80
332
341
221
60
1
0
0
0
0
0
0
0
0
0
1
108
266
357
470
655
759
803
762
770
545
397
234
101
2
0
0
0
0
0
0
0
0
0
1
116
306
504
686
826
924
956
934
855
721
551
351
145
4
0
0
0
0
0
0
0
0
0
1
100
266
483
636
768
840
865
855
812
651
457
294
121
2
0
0
0
0
0
0
0
0
0
1
121
330
550
744
893
989
1021
995
905
759
571
354
143
3
0
0
0
0
0
0
0
0
0
1
112
298
487
658
791
873
913
895
822
695
525
328
135
2
0
0
0
0
0
0
0
0
0
1
125
342
565
763
914
1013
1048
1019
928
784
591
369
150
2
0
0
0
0
0
0
0
0
0
1
121
332
552
746
894
991
1025
998
909
770
580
362
147
2
0
0
0
0
0
0
0
0
0
1
122
340
570
773
928
1029
1064
1036
947
797
599
373
150
2
0
0
0
0
0
0
0
0
0
1
116
328
549
745
895
990
1026
1002
912
768
577
358
142
2
0
0
0
0
0
0
0
0
0
1
113
327
552
757
914
1014
1044
1013
918
763
565
342
130
1
0
0
0
0
0
0
0
0
0
0
41
193
271
724
947
993
711
569
499
651
556
369
152
10
0
0
0
0
0
0
0
0
0
0
90
238
438
609
763
835
874
839
783
692
531
350
124
2
0
0
0
0
0
0
0
0
0
0
100
293
497
689
832
911
950
927
839
694
517
314
121
1
0
0
0
0
0
0
0
0
0
0
60
202
241
398
434
515
439
431
241
310
161
108
12
1
0
0
0
0
0
0
0
0
0
0
92
274
467
639
771
858
890
868
791
662
494
301
115
1
0
0
0
0
0
0
0
0
0
0
94
248
470
648
838
448
609
636
605
511
374
274
118
4
0
0
0
0
0
0
0
0
0
0
94
287
497
678
826
928
950
926
849
713
530
319
120
1
0
0
0
0
0
0
0
0
0
0
74
185
46
111
332
707
524
532
288
533
506
367
136
3
0
0
0
0
0
0
0
0
0
0
88
270
463
646
777
861
882
855
768
650
489
294
108
1
0
0
0
0
0
0
0
0
0
0
95
297
513
710
856
958
994
970
886
743
553
337
125
1
0
0
0
0
0
0
0
0
0
0
87
278
480
663
796
889
922
886
808
687
505
299
109
1
0
0
0
0
0
0
0
0
0
0
80
249
425
571
743
825
861
858
775
669
493
282
106
1
0
0
0
0
0
0
0
0
0
0
90
290
506
699
847
939
967
940
853
710
523
310
108
0
0
0
0
0
0
0
0
0
0
0
94
309
542
751
911
1011
1049
1016
923
770
566
335
115
0
0
0
0
0
0
0
0
0
0
0
82
268
466
651
795
881
914
893
806
675
503
300
103
0
0
0
0
0
0
0
0
0
0
0
80
269
479
666
813
905
940
919
833
691
504
297
100
0
0
0
0
0
0
0
0
0
0
0
80
271
484
659
805
897
915
895
792
652
469
271
86
0
0
0
0
0
0
0
0
0
0
0
75
260
464
651
800
886
922
904
833
694
516
303
101
0
0
0
0
0
0
0
0
0
0
0
78
267
478
674
825
920
961
930
843
704
518
303
99
0
0
0
0
0
0
0
0
0
0
0
86
298
533
741
900
1003
1037
1007
910
751
546
316
99
0
0
0
0
0
0
0
0
0
0
0
85
300
538
746
908
1005
1037
1003
902
741
532
301
91
0
0
0
0
0
0
0
0
0
0
0
77
273
489
684
835
934
973
945
860
713
526
305
95
0
0
0
0
0
0
0
0
0
0
0
76
269
481
662
793
876
903
883
794
659
476
271
80
0
0
0
0
0
0
0
0
0
0
0
65
248
448
620
753
834
847
810
729
584
424
239
64
0
0
0
0
0
0
0
0
0
0
0
39
291
525
732
891
991
1023
992
890
731
525
294
84
0
0
0
0
0
0
0
0
0
0
0
36
282
514
721
879
974
1007
974
875
717
514
287
81
0
0
0
0
0
0
0
0
0
0
0
45
314
560
807
922
619
568
571
464
478
331
166
28
0
0
0
0
0
0
0
0
0
0
0
24
216
395
560
716
824
836
819
709
581
401
239
31
0
0
0
0
0
0
0
0
0
0
0
33
267
488
684
838
937
971
940
842
687
491
269
33
0
0
0
0
0
0
0
0
0
0
0
33
273
499
700
855
954
986
952
854
699
497
271
31
0
0
0
0
0
0
0
0
0
0
0
31
266
491
690
845
944
977
945
850
696
499
273
33
0
0
0
0
0
0
0
0
0
0
0
30
263
484
683
841
935
971
938
844
692
491
265
31
0
0
0
0
0
0
0
0
0
0
0
30
275
509
719
879
974
1005
973
871
708
499
267
26
0
0
0
0
0
0
0
0
0
0
0
27
254
474
670
825
911
943
908
818
665
465
245
23
0
0
0
0
0
0
0
0
0
0
0
27
210
348
528
686
748
802
786
679
563
373
201
24
0
0
0
0
0
0
0
0
0
0
0
26
254
477
674
825
919
952
914
814
652
457
237
20
0
0
0
0
0
0
0
0
0
0
0
28
280
522
733
895
995
1024
982
870
701
486
249
17
0
0
0
0
0
0
0
0
0
0
0
9
154
324
147
351
696
585
264
431
175
288
254
44
0
0
0
0
0
0
0
0
0
0
0
17
146
273
408
578
639
612
574
515
403
282
145
4
0
0
0
0
0
0
0
0
0
0
0
21
236
451
624
761
838
873
843
769
610
420
214
13
0
0
0
0
0
0
0
0
0
0
0
24
266
506
720
884
983
1011
974
867
697
478
238
14
0
0
0
0
0
0
0
0
0
0
0
18
221
427
583
726
805
823
805
717
560
400
194
12
0
0
0
0
0
0
0
0
0
0
0
20
225
438
629
756
803
811
766
677
549
377
186
9
0
0
0
0
0
0
0
0
0
0
0
21
254
489
698
856
952
982
943
832
663
449
217
10
0
0
0
0
0
0
0
0
0
0
0
20
251
483
690
843
939
964
927
819
652
439
209
9
0
0
0
0
0
0
0
0
0
0
0
15
163
346
465
543
635
640
607
547
417
266
119
3
0
0
0
0
0
0
0
0
0
0
0
16
219
410
581
728
807
845
804
714
576
384
182
6
0
0
0
0
0
0
0
0
0
0
0
16
215
416
605
738
822
852
821
710
572
379
183
7
0
0
0
0
0
0
0
0
0
0
0
19
254
491
701
860
956
981
935
823
653
438
202
7
0
0
0
0
0
0
0
0
0
0
0
18
248
482
690
847
940
971
929
821
651
436
200
7
0
0
0
0
0
0
0
0
0
0
0
4
21
248
609
919
1022
1052
683
886
701
466
210
23
0
0
0
0
0
0
0
0
0
0
0
17
250
493
710
871
968
994
951
837
662
438
196
5
0
0
0
0
0
0
0
0
0
0
0
9
153
312
452
530
586
617
584
480
385
239
92
2
0
0
0
0
0
0
0
0
0
0
0
12
203
394
567
704
782
816
754
681
530
330
143
2
0
0
0
0
0
0
0
0
0
0
0
14
217
434
615
754
833
852
814
713
558
359
151
2
0
0
0
0
0
0
0
0
0
0
0
15
245
484
695
853
946
973
927
809
636
412
174
2
0
0
0
0
0
0
0
0
0
0
0
13
226
454
658
814
909
935
890
783
618
402
171
3
0
0
0
0
0
0
0
0
0
0
0
13
225
449
646
793
882
903
860
749
583
375
153
2
0
0
0
0
0
0
0
0
0
0
0
13
230
460
667
818
910
933
886
772
600
383
152
1
0
0
0
0
0
0
0
0
0
0
0
12
227
458
662
815
908
931
883
770
597
379
150
1
0
0
0
0
0
0
0
0
0
0
0
11
219
447
648
800
888
910
862
751
580
367
142
1
0
0
0
0
0
0
0
0
0
0
0
8
170
346
497
605
681
687
658
571
437
270
103
1
0
0
0
0
0
0
0
0
0
0
0
9
191
394
576
709
790
810
767
663
509
314
115
0
0
0
0
0
0
0
0
0
0
0
0
8
177
367
538
668
759
787
753
666
506
323
115
1
0
0
0
0
0
0
0
0
0
0
0
9
214
448
654
810
901
922
872
752
573
352
125
0
0
0
0
0
0
0
0
0
0
0
0
10
237
510
745
840
530
577
557
448
333
198
84
0
0
0
0
0
0
0
0
0
0
0
0
6
185
388
566
709
727
662
650
530
402
203
59
0
0
0
0
0
0
0
0
0
0
0
0
8
200
423
621
770
861
875
828
718
545
331
113
0
0
0
0
0
0
0
0
0
0
0
0
8
205
434
642
794
882
903
851
732
552
331
109
0
0
0
0
0
0
0
0
0
0
0
0
7
210
448
662
821
912
928
873
746
560
330
104
0
0
0
0
0
0
0
0
0
0
0
0
6
188
407
602
746
833
851
802
690
519
306
96
0
0
0
0
0
0
0
0
0
0
0
0
5
165
360
511
650
732
738
711
592
451
262
84
0
0
0
0
0
0
0
0
0
0
0
0
6
175
369
544
680
753
770
723
615
464
275
81
0
0
0
0
0
0
0
0
0
0
0
0
6
198
428
632
784
870
890
836
713
533
313
93
0
0
0
0
0
0
0
0
0
0
0
0
8
16
35
463
840
935
955
897
766
571
332
96
0
0
0
0
0
0
0
0
0
0
0
0
7
147
403
669
534
801
946
888
757
563
324
91
0
0
0
0
0
0
0
0
0
0
0
0
5
180
399
595
740
826
841
784
666
491
281
35
0
0
0
0
0
0
0
0
0
0
0
0
2
105
234
306
413
512
537
562
486
355
179
22
0
0
0
0
0
0
0
0
0
0
0
0
1
114
278
447
591
651
619
616
529
403
237
31
0
0
0
0
0
0
0
0
0
0
0
0
4
180
408
613
765
851
868
813
686
502
279
30
0
0
0
0
0
0
0
0
0
0
0
0
3
139
329
491
622
717
719
675
568
429
248
30
0
0
0
0
0
0
0
0
0
0
0
0
3
145
344
513
650
732
748
705
599
431
239
26
0
0
0
0
0
0
0
0
0
0
0
0
3
172
400
605
756
844
857
798
671
486
264
24
0
0
0
0
0
0
0
0
0
0
0
0
3
162
384
582
729
812
826
771
649
470
256
23
0
0
0
0
0
0
0
0
0
0
0
0
2
126
322
469
571
688
705
651
529
370
192
13
0
0
0
0
0
0
0
0
0
0
0
0
2
145
350
536
674
748
768
718
598
427
227
18
0
0
0
0
0
0
0
0
0
0
0
0
2
139
330
509
643
723
732
687
574
413
213
17
0
0
0
0
0
0
0
0
0
0
0
0
2
159
385
589
741
825
837
778
648
460
239
16
0
0
0
0
0
0
0
0
0
0
0
0
1
125
294
460
574
598
599
573
481
332
158
4
0
0
0
0
0
0
0
0
0
0
0
0
2
101
236
366
455
508
500
468
348
221
107
4
0
0
0
0
0
0
0
0
0
0
0
0
1
121
279
452
558
646
669
615
528
385
194
16
0
0
0
0
0
0
0
0
0
0
0
0
1
139
346
534
677
751
766
708
584
412
210
10
0
0
0
0
0
0
0
0
0
0
0
0
1
133
339
527
670
753
770
714
601
430
222
15
0
0
0
0
0
0
0
0
0
0
0
0
1
139
361
562
712
797
809
748
617
429
212
9
0
0
0
0
0
0
0
0
0
0
0
0
1
75
198
335
432
525
527
489
401
273
126
3
0
0
0
0
0
0
0
0
0
0
0
0
1
132
351
552
702
787
799
740
608
424
207
8
0
0
0
0
0
0
0
0
0
0
0
0
1
123
327
517
658
740
751
695
573
397
194
8
0
0
0
0
0
0
0
0
0
0
0
0
0
99
281
426
532
596
617
598
521
371
178
12
0
0
0
0
0
0
0
0
0
0
0
0
0
127
344
543
693
777
789
729
601
416
201
7
0
0
0
0
0
0
0
0
0
0
0
0
0
124
341
540
687
772
784
724
599
416
200
7
0
0
0
0
0
0
0
0
0
0
0
0
0
112
313
500
641
724
735
682
567
394
190
7
0
0
0
0
0
0
0
0
0
0
0
0
0
123
344
547
696
777
782
717
585
400
187
4
0
0
0
0
0
0
0
0
0
0
0
0
0
100
286
462
586
653
669
622
523
357
169
5
0
0
0
0
0
0
0
0
0
0
0
0
0
93
271
441
556
619
642
585
474
338
166
6
0
0
0
0
0
0
0
0
0
0
0
0
0
108
320
519
671
753
763
703
571
389
178
4
0
0
0
0
0
0
0
0
0
0
0
0
0
105
314
511
659
740
753
697
571
391
180
4
0
0
0
0
0
0
0
0
0
0
0
0
0
106
319
521
671
755
768
710
584
399
184
4
0
0
0
0
0
0
0
0
0
0
0
0
0
96
297
492
636
723
737
680
560
385
179
5
0
0
0
0
0
0
0
0
0
0
0
0
0
95
296
490
637
719
735
680
559
382
175
4
0
0
0
0
0
0
0
0
0
0
0
0
0
79
254
414
528
587
593
560
450
301
129
2
0
0
0
0
0
0
0
0
0
0
0
0
0
85
272
446
579
660
671
616
510
350
160
4
0
0
0
0
0
0
0
0
0
0
0
0
0
88
289
480
625
712
722
668
544
370
167
3
0
0
0
0
0
0
0
0
0
0
0
0
0
82
274
459
596
671
686
629
516
352
157
3
0
0
0
0
0
0
0
0
0
0
0
0
0
85
288
485
634
718
733
676
555
377
168
3
0
0
0
0
0
0
0
0
0
0
0
0
0
28
189
312
412
485
490
441
359
227
96
1
0
0
0
0
0
0
0
0
0
0
0
0
0
33
238
416
551
633
649
590
482
328
149
3
0
0
0
0
0
0
0
0
0
0
0
0
0
33
258
446
591
672
688
637
517
346
150
2
0
0
0
0
0
0
0
0
0
0
0
0
0
32
255
444
589
667
686
631
514
344
148
2
0
0
0
0
0
0
0
0
0
0
0
0
0
25
193
301
451
541
566
574
458
310
130
3
0
0
0
0
0
0
0
0
0
0
0
0
0
15
87
363
476
472
570
258
340
281
144
3
0
0
0
0
0
0
0
0
0
0
0
0
0
27
236
407
544
628
641
597
491
329
142
2
0
0
0
0
0
0
0
0
0
0
0
0
0
31
281
487
644
734
751
693
565
381
166
2
0
0
0
0
0
0
0
0
0
0
0
0
0
25
235
411
545
622
638
593
485
327
141
1
0
0
0
0
0
0
0
0
0
0
0
0
0
27
261
460
612
701
720
664
544
366
159
2
0
0
0
0
0
0
0
0
0
0
0
0
0
20
202
338
446
505
546
541
457
309
124
1
0
0
0
0
0
0
0
0
0
0
0
0
0
16
193
356
444
493
562
512
452
326
151
4
0
0
0
0
0
0
0
0
0
0
0
0
0
19
204
375
514
593
616
572
471
313
137
2
0
0
0
0
0
0
0
0
0
0
0
0
0
16
207
359
484
567
598
548
453
307
135
2
0
0
0
0
0
0
0
0
0
0
0
0
0
19
227
413
562
651
674
625
514
347
151
2
0
0
0
0
0
0
0
0
0
0
0
0
0
17
215
393
533
615
641
596
493
334
145
2
0
0
0
0
0
0
0
0
0
0
0
0
0
17
224
416
567
654
674
625
507
339
143
1
0
0
0
0
0
0
0
0
0
0
0
0
0
16
215
400
543
629
650
605
497
334
143
2
0
0
0
0
0
0
0
0
0
0
0
0
0
16
230
426
577
667
687
637
520
349
149
1
0
0
0
0
0
0
0
0
0
0
0
0
0
10
177
348
472
533
555
508
422
283
123
2
0
0
0
0
0
0
0
0
0
0
0
0
0
14
216
406
552
640
662
616
504
341
147
2
0
0
0
0
0
0
0
0
0
0
0
0
0
12
204
386
526
610
629
583
476
319
134
1
0
0
0
0
0
0
0
0
0
0
0
0
0
12
207
398
548
637
661
616
507
340
146
2
0
0
0
0
0
0
0
0
0
0
0
0
0
11
194
377
525
620
646
604
496
335
144
2
0
0
0
0
0
0
0
0
0
0
0
0
0
11
199
387
536
627
650
604
494
333
142
2
0
0
0
0
0
0
0
0
0
0
0
0
0
7
162
319
448
525
553
510
418
283
117
1
0
0
0
0
0
0
0
0
0
0
0
0
0
7
119
246
361
426
439
402
331
218
88
1
0
0
0
0
0
0
0
0
0
0
0
0
0
9
196
389
542
636
659
612
499
336
144
2
0
0
0
0
0
0
0
0
0
0
0
0
0
9
190
379
531
627
651
608
500
338
147
2
0
0
0
0
0
0
0
0
0
0
0
0
0
9
199
396
552
649
676
630
518
351
154
2
0
0
0
0
0
0
0
0
0
0
0
0
0
8
187
377
529
626
655
617
511
349
155
3
0
0
0
0
0
0
0
0
0
0
0
0
0
8
195
392
549
649
679
634
524
356
157
2
0
0
0
0
0
0
0
0
0
0
0
0
0
7
165
334
477
558
580
541
449
315
144
3
0
0
0
0
0
0
0
0
0
0
0
0
0
7
175
359
503
599
627
594
493
338
151
3
0
0
0
0
0
0
0
0
0
0
0
0
0
6
173
355
506
600
632
597
499
348
159
4
0
0
0
0
0
0
0
0
0
0
0
0
0
7
189
385
543
641
671
632
529
366
167
3
0
0
0
0
0
0
0
0
0
0
0
0
0
6
153
308
452
541
567
531
436
301
142
4
0
0
0
0
0
0
0
0
0
0
0
0
0
6
169
348
495
590
620
587
492
340
157
4
0
0
0
0
0
0
0
0
0
0
0
0
0
5
169
349
496
589
620
586
487
337
156
3
0
0
0
0
0
0
0
0
0
0
0
0
0
5
171
356
503
599
630
597
501
350
164
4
0
0
0
0
0
0
0
0
0
0
0
0
0
5
170
361
518
616
649
616
514
356
166
4
0
0
0
0
0
0
0
0
0
0
0
0
0
4
139
297
415
540
562
541
439
315
152
6
0
0
0
0
0
0
0
0
0
0
0
0
0
4
149
324
452
542
562
525
447
315
147
4
0
0
0
0
0
0
0
0
0
0
0
0
0
5
162
342
491
585
615
587
492
343
163
5
0
0
0
0
0
0