0
0
0
0
0
0
0
2
120
263
385
474
495
459
375
249
103
1
0
0
0
0
0
0
0
0
0
0
0
0
0
1
98
226
335
422
438
422
349
242
102
1
0
0
0
0
0
0
0
0
0
0
0
0
0
3
105
221
310
399
417
406
324
216
99
1
0
0
0
0
0
0
0
0
0
0
0
0
0
3
120
265
397
463
508
505
402
285
126
2
0
0
0
0
0
0
0
0
0
0
0
0
0
3
141
319
471
568
597
562
463
316
139
2
0
0
0
0
0
0
0
0
0
0
0
0
0
2
125
285
419
475
515
480
421
281
121
2
0
0
0
0
0
0
0
0
0
0
0
0
0
2
143
294
400
417
441
431
357
293
138
5
0
0
0
0
0
0
0
0
0
0
0
0
0
2
119
256
370
480
479
459
391
278
143
4
0
0
0
0
0
0
0
0
0
0
0
0
0
3
94
233
359
449
489
459
356
275
123
1
0
0
0
0
0
0
0
0
0
0
0
0
0
2
110
254
404
459
473
467
380
249
111
1
0
0
0
0
0
0
0
0
0
0
0
0
0
2
132
300
437
542
580
558
465
318
145
4
0
0
0
0
0
0
0
0
0
0
0
0
0
3
137
308
450
539
576
545
464
319
147
4
0
0
0
0
0
0
0
0
0
0
0
0
0
3
141
317
471
570
606
575
488
342
162
6
0
0
0
0
0
0
0
0
0
0
0
0
0
2
125
290
414
478
520
500
421
287
150
7
0
0
0
0
0
0
0
0
0
0
0
0
0
2
102
225
347
415
413
395
325
216
99
2
0
0
0
0
0
0
0
0
0
0
0
0
0
3
143
322
393
405
375
428
412
313
126
4
0
0
0
0
0
0
0
0
0
0
0
0
0
3
130
283
421
499
534
524
423
322
166
9
0
0
0
0
0
0
0
0
0
0
0
0
0
3
127
296
442
526
539
510
438
308
157
6
0
0
0
0
0
0
0
0
0
0
0
0
0
3
130
294
427
519
563
559
475
332
164
8
0
0
0
0
0
0
0
0
0
0
0
0
0
3
149
332
485
588
628
597
499
356
177
8
0
0
0
0
0
0
0
0
0
0
0
0
0
3
149
328
481
583
619
587
501
360
184
10
0
0
0
0
0
0
0
0
0
0
0
0
0
3
126
295
447
528
517
504
460
328
179
14
0
0
0
0
0
0
0
0
0
0
0
0
0
1
22
50
70
93
102
88
73
52
25
3
0
0
0
0
0
0
0
0
0
0
0
0
0
3
117
213
344
445
496
403
333
235
102
3
0
0
0
0
0
0
0
0
0
0
0
0
0
4
160
346
502
600
640
612
520
377
198
12
0
0
0
0
0
0
0
0
0
0
0
0
0
5
162
347
500
606
646
622
531
388
205
14
0
0
0
0
0
0
0
0
0
0
0
0
0
5
163
354
514
620
667
639
546
396
210
15
0
0
0
0
0
0
0
0
0
0
0
0
0
5
142
322
460
565
571
504
452
332
171
13
0
0
0
0
0
0
0
0
0
0
0
0
0
5
168
357
513
615
664
638
545
397
213
16
0
0
0
0
0
0
0
0
0
0
0
0
0
6
161
343
494
596
632
607
522
385
207
17
0
0
0
0
0
0
0
0
0
0
0
0
0
6
169
358
519
626
668
640
545
397
216
18
0
0
0
0
0
0
0
0
0
0
0
0
0
8
143
367
374
490
555
301
355
302
143
6
0
0
0
0
0
0
0
0
0
0
0
0
0
5
130
315
473
520
468
493
424
347
204
19
0
0
0
0
0
0
0
0
0
0
0
0
0
7
180
372
534
644
689
663
566
416
229
22
0
0
0
0
0
0
0
0
0
0
0
0
0
7
159
333
533
604
538
441
330
262
129
5
0
0
0
0
0
0
0
0
0
0
0
0
0
8
172
350
507
613
649
626
544
402
226
25
0
0
0
0
0
0
0
0
0
0
0
0
0
4
155
341
497
578
597
599
478
312
150
14
0
0
0
0
0
0
0
0
0
0
0
0
0
6
143
294
427
529
565
543
466
313
155
6
0
0
0
0
0
0
0
0
0
0
0
0
0
3
45
90
130
151
156
149
130
91
54
6
0
0
0
0
0
0
0
0
0
0
0
0
0
11
197
392
558
674
717
698
607
461
268
39
0
0
0
0
0
0
0
0
0
0
0
0
0
12
205
407
574
688
734
707
617
466
272
39
0
0
0
0
0
0
0
0
0
0
0
0
0
16
179
350
526
595
616
534
459
349
209
28
0
0
0
0
0
0
0
0
0
0
0
0
0
13
201
393
554
663
705
687
607
465
278
84
0
0
0
0
0
0
0
0
0
0
0
0
0
12
187
374
520
628
664
646
563
419
239
73
0
0
0
0
0
0
0
0
0
0
0
0
0
12
158
317
443
550
605
627
541
382
235
83
0
0
0
0
0
0
0
0
0
0
0
0
0
15
196
374
521
614
656
635
554
420
254
79
0
0
0
0
0
0
0
0
0
0
0
0
0
17
221
412
567
671
715
693
607
458
278
90
0
0
0
0
0
0
0
0
0
0
0
0
0
16
201
373
498
632
671
632
571
442
267
89
0
0
0
0
0
0
0
0
0
0
0
0
0
16
164
331
464
634
682
553
515
389
209
67
0
0
0
0
0
0
0
0
0
0
0
0
0
18
205
390
544
641
675
655
584
447
289
98
0
0
0
0
0
0
0
0
0
0
0
0
0
21
174
319
443
562
617
546
487
358
272
108
0
0
0
0
0
0
0
0
0
0
0
0
0
25
197
124
211
161
527
184
527
268
165
117
0
0
0
0
0
0
0
0
0
0
0
0
0
51
244
394
675
678
396
300
281
304
211
34
0
0
0
0
0
0
0
0
0
0
0
0
0
26
233
428
586
700
744
716
631
483
296
106
0
0
0
0
0
0
0
0
0
0
0
0
0
27
227
406
552
647
685
664
584
450
277
99
0
0
0
0
0
0
0
0
0
0
0
0
0
6
98
175
251
325
346
350
328
244
148
61
0
0
0
0
0
0
0
0
0
0
0
0
0
19
139
270
314
53
322
523
240
264
298
134
1
0
0
0
0
0
0
0
0
0
0
0
0
25
232
490
664
617
466
360
373
239
125
36
0
0
0
0
0
0
0
0
0
0
0
0
0
59
208
362
490
585
593
587
522
385
238
90
0
0
0
0
0
0
0
0
0
0
0
0
0
65
205
341
503
564
623
657
640
477
296
111
2
0
0
0
0
0
0
0
0
0
0
0
0
74
246
429
577
668
696
695
563
422
266
107
1
0
0
0
0
0
0
0
0
0
0
0
0
72
236
396
528
604
637
608
546
416
260
102
1
0
0
0
0
0
0
0
0
0
0
0
0
48
96
468
628
538
594
635
349
217
231
138
4
0
0
0
0
0
0
0
0
0
0
0
0
83
261
449
558
667
686
682
603
487
291
104
1
0
0
0
0
0
0
0
0
0
0
0
0
65
201
317
411
494
534
536
478
348
213
82
1
0
0
0
0
0
0
0
0
0
0
0
0
107
320
533
704
815
859
830
733
575
370
150
2
0
0
0
0
0
0
0
0
0
0
0
0
109
315
518
677
784
819
795
702
551
358
149
2
0
0
0
0
0
0
0
0
0
0
0
0
89
257
419
546
618
644
632
558
440
288
117
1
0
0
0
0
0
0
0
0
0
0
0
0
122
340
552
721
829
869
841
745
587
383
162
2
0
0
0
0
0
0
0
0
0
0
0
0
122
333
537
698
805
849
822
727
574
377
161
3
0
0
0
0
0
0
0
0
0
0
0
1
121
324
518
674
776
811
783
692
549
357
151
2
0
0
0
0
0
0
0
0
0
0
0
1
138
362
577
742
849
883
853
752
589
383
164
2
0
0
0
0
0
0
0
0
0
0
0
1
134
351
561
730
837
879
845
748
587
384
166
3
0
0
0
0
0
0
0
0
0
0
0
1
125
321
507
652
752
785
781
680
530
354
159
4
0
0
0
0
0
0
0
0
0
0
0
1
125
307
498
652
744
774
751
672
521
334
142
3
0
0
0
0
0
0
0
0
0
0
0
2
142
350
544
702
802
839
806
713
559
368
162
3
0
0
0
0
0
0
0
0
0
0
0
2
145
348
543
697
793
835
803
712
565
375
168
4
0
0
0
0
0
0
0
0
0
0
0
2
134
326
506
653
748
783
760
677
530
353
162
5
0
0
0
0
0
0
0
0
0
0
0
3
155
364
561
718
815
855
830
735
580
389
176
6
0
0
0
0
0
0
0
0
0
0
0
4
135
272
417
557
672
697
643
596
463
312
125
2
0
0
0
0
0
0
0
0
0
0
0
1
65
177
232
297
486
547
464
538
354
233
156
26
0
0
0
0
0
0
0
0
0
0
0
2
128
301
471
617
734
799
702
632
489
357
177
9
0
0
0
0
0
0
0
0
0
0
0
10
194
458
694
665
534
701
338
244
303
197
17
2
0
0
0
0
0
0
0
0
0
0
0
6
211
454
664
877
606
620
564
438
393
283
145
10
0
0
0
0
0
0
0
0
0
0
0
7
165
353
531
659
766
793
760
668
524
374
173
7
0
0
0
0
0
0
0
0
0
0
0
16
194
276
443
690
803
590
606
305
313
146
102
15
0
0
0
0
0
0
0
0
0
0
0
8
181
388
577
694
769
787
746
667
524
344
156
4
0
0
0
0
0
0
0
0
0
0
0
4
166
327
425
361
451
457
679
412
486
450
212
24
0
0
0
0
0
0
0
0
0
0
0
10
192
398
584
734
825
850
826
735
589
401
196
10
0
0
0
0
0
0
0
0
0
0
0
8
173
376
521
676
762
818
769
695
554
371
187
10
0
0
0
0
0
0
0
0
0
0
0
12
194
393
568
697
795
839
814
739
602
406
198
14
0
0
0
0
0
0
0
0
0
0
0
15
231
463
669
827
926
954
914
808
645
439
215
11
0
0
0
0
0
0
0
0
0
0
0
16
226
448
645
800
897
927
889
785
630
430
212
12
0
0
0
0
0
0
0
0
0
0
0
18
221
417
614
749
820
836
811
727
580
409
207
12
0
0
0
0
0
0
0
0
0
0
0
4
115
199
318
390
398
511
411
370
272
207
104
4
0
0
0
0
0
0
0
0
0
0
0
9
143
245
361
444
473
578
549
514
380
269
114
4
0
0
0
0
0
0
0
0
0
0
0
20
224
433
622
755
837
878
851
752
595
405
200
13
0
0
0
0
0
0
0
0
0
0
0
18
215
408
565
705
798
803
781
729
604
406
206
19
0
0
0
0
0
0
0
0
0
0
0
21
102
109
200
248
218
394
415
253
160
174
78
14
0
0
0
0
0
0
0
0
0
0
0
18
195
329
398
446
496
563
633
574
417
263
126
4
0
0
0
0
0
0
0
0
0
0
0
30
258
472
666
817
904
931
896
794
639
443
229
18
0
0
0
0
0
0
0
0
0
0
0
26
231
407
578
685
773
830
804
703
602
437
233
23
0
0
0
0
0
0
0
0
0
0
0
33
260
464
645
773
858
879
856
762
619
431
223
19
0
0
0
0
0
0
0
0
0
0
0
31
233
425
575
713
787
822
778
721
585
427
224
26
0
0
0
0
0
0
0
0
0
0
0
75
268
477
664
810
900
927
890
796
639
445
232
21
0
0
0
0
0
0
0
0
0
0
0
79
279
501
693
840
936
965
935
833
677
474
250
27
0
0
0
0
0
0
0
0
0
0
0
80
268
473
654
794
873
913
871
776
627
438
232
24
0
0
0
0
0
0
0
0
0
0
0
63
236
384
525
603
623
669
698
591
490
332
165
5
0
0
0
0
0
0
0
0
0
0
0
91
297
522
714
867
959
986
937
831
668
461
239
21
0
0
0
0
0
0
0
0
0
0
0
98
311
488
695
804
1019
1065
1023
870
685
481
278
44
0
0
0
0
0
0
0
0
0
0
0
102
331
538
744
897
570
567
522
520
417
260
148
19
0
0
0
0
0
0
0
0
0
0
0
81
269
438
613
736
816
829
805
697
597
422
242
33
0
0
0
0
0
0
0
0
0
0
0
89
273
467
633
774
852
888
862
772
633
456
249
33
0
0
0
0
0
0
0
0
0
0
0
87
258
441
603
724
801
812
779
694
561
394
213
26
0
0
0
0
0
0
0
0
0
0
1
112
330
584
773
908
531
554
497
427
344
264
141
24
0
0
0
0
0
0
0
0
0
0
0
68
237
351
488
547
615
523
655
525
327
291
86
6
0
0
0
0
0
0
0
0
0
0
1
99
266
421
607
741
754
757
779
687
624
477
262
41
0
0
0
0
0
0
0
0
0
0
1
118
334
560
761
910
997
1017
968
857
691
484
258
69
0
0
0
0
0
0
0
0
0
0
1
103
294
498
641
760
861
885
851
732
599
421
227
63
0
0
0
0
0
0
0
0
0
0
1
119
324
537
723
862
945
967
924
825
671
474
262
75
0
0
0
0
0
0
0
0
0
0
1
121
324
537
722
863
941
966
924
824
668
475
260
75
0
0
0
0
0
0
0
0
0
0
1
121
319
532
700
838
914
932
893
788
648
462
258
75
0
0
0
0
0
0
0
0
0
0
2
136
354
578
771
914
1002
1024
980
874
711
506
283
83
0
0
0
0
0
0
0
0
0
0
1
123
299
438
705
1032
728
607
527
320
361
431
293
101
1
0
0
0
0
0
0
0
0
0
1
12
242
412
658
767
495
498
593
440
198
44
25
8
0
0
0
0
0
0
0
0
0
0
1
114
325
542
577
657
674
514
664
676
536
405
268
80
0
0
0
0
0
0
0
0
0
0
1
101
262
484
670
769
818
855
678
638
529
315
199
39
0
0
0
0
0
0
0
0
0
0
2
128
318
518
674
808
893
920
894
812
659
475
275
90
0
0
0
0
0
0
0
0
0
0
3
142
347
556
738
870
953
986
952
854
706
509
293
96
0
0
0
0
0
0
0
0
0
0
3
86
179
248
352
420
527
584
619
557
449
366
234
99
1
0
0
0
0
0
0
0
0
0
3
139
338
540
702
823
883
879
838
754
627
452
260
84
0
0
0
0
0
0
0
0
0
0
4
155
371
589
780
918
1004
1026
984
883
724
525
303
100
0
0
0
0
0
0
0
0
0
0
4
158
371
585
776
918
1000
1024
985
883
725
527
307
103
0
0
0
0
0
0
0
0
0
0
2
76
190
308
353
446
537
528
459
442
335
271
177
62
1
0
0
0
0
0
0
0
0
0
2
52
172
268
414
468
532
601
539
507
350
262
130
9
0
0
0
0
0
0
0
0
0
0
8
158
100
323
133
660
598
668
872
519
462
287
71
9
0
0
0
0
0
0
0
0
0
0
5
147
344
545
723
859
948
970
937
842
695
511
303
109
1
0
0
0
0
0
0
0
0
0
6
171
390
607
797
936
1021
1041
996
895
736
537
315
111
0
0
0
0
0
0
0
0
0
0
6
168
378
591
777
919
1003
1026
984
890
743
547
329
119
1
0
0
0
0
0
0
0
0
0
7
174
387
597
781
919
1003
1027
990
890
736
544
328
120
1
0
0
0
0
0
0
0
0
0
6
151
338
516
679
789
841
871
833
755
615
449
267
96
1
0
0
0
0
0
0
0
0
0
8
171
411
650
839
1001
469
425
459
330
296
256
135
52
1
0
0
0
0
0
0
0
0
0
7
138
317
491
631
728
809
808
786
706
578
413
249
90
1
0
0
0
0
0
0
0
0
0
7
159
348
530
691
813
885
902
869
774
638
471
284
105
1
0
0
0
0
0
0
0
0
0
6
146
328
502
626
739
820
839
830
755
643
487
310
110
1
0
0
0
0
0
0
0
0
0
9
182
394
603
782
920
999
1020
981
878
732
543
331
128
1
0
0
0
0
0
0
0
0
0
7
140
293
457
623
709
803
809
770
729
610
453
279
103
1
0
0
0
0
0
0
0
0
0
8
160
356
539
693
832
891
902
875
786
658
479
290
113
2
0
0
0
0
0
0
0
0
0
8
152
321
493
648
763
834
855
825
725
604
436
266
98
1
0
0
0
0
0
0
0
0
0
5
118
261
403
516
631
688
723
684
588
498
355
214
79
1
0
0
0
0
0
0
0
0
0
10
185
398
611
793
932
1009
1031
989
886
734
543
329
128
1
0
0
0
0
0
0
0
0
0
9
167
365
549
718
842
930
950
912
805
670
492
297
118
2
0
0
0
0
0
0
0
0
0
9
157
327
480
663
770
808
812
820
735
618
487
294
106
1
0
0
0
0
0
0
0
0
0
9
168
359
548
716
840
913
936
893
807
685
516
320
130
4
0
0
0
0
0
0
0
0
0
10
181
388
596
775
908
991
1016
974
882
736
553
340
139
3
0
0
0
0
0
0
0
0
0
10
179
382
584
761
891
975
994
950
857
712
531
326
130
2
0
0
0
0
0
0
0
0
0
9
168
359
552
717
849
918
941
901
825
695
520
319
130
3
0
0
0
0
0
0
0
0
0
10
169
368
564
728
862
932
948
915
824
679
508
316
129
3
0
0
0
0
0
0
0
0
0
11
185
390
595
770
902
984
1016
979
886
737
552
343
141
3
0
0
0
0
0
0
0
0
0
11
187
399
608
791
928
1012
1037
1003
904
752
563
351
144
3
0
0
0
0
0
0
0
0
0
12
201
424
643
836
969
607
621
599
536
440
326
209
87
1
0
0
0
0
0
0
0
0
0
11
180
387
597
775
907
990
1017
981
882
733
541
335
137
3
0
0
0
0
0
0
0
0
0
11
180
387
593
769
908
992
1019
987
895
745
559
347
147
5
0
0
0
0
0
0
0
0
0
10
167
362
547
707
819
907
909
889
816
688
523
333
140
5
0
0
0
0
0
0
0
0
0
11
171
363
557
726
854
934
960
923
844
719
542
343
150
6
0
0
0
0
0
0
0
0
0
10
174
371
570
738
870
955
971
935
843
705
521
325
136
3
0
0
0
0
0
0
0
0
0
11
183
392
601
782
921
1008
1030
992
896
749
563
353
150
5
0
0
0
0
0
0
0
0
0
11
176
375
578
748
877
963
988
954
862
720
540
340
145
4
0
0
0
0
0
0
0
0
0
10
174
376
578
760
897
976
997
962
866
725
542
336
141
4
0
0
0
0
0
0
0
0
0
11
125
307
450
577
476
705
715
686
587
596
603
346
160
12
0
0
0
0
0
0
0
0
0
9
159
343
542
722
839
906
902
859
767
637
478
296
119
2
0
0
0
0
0
0
0
0
0
10
175
380
589
770
907
992
1020
983
890
748
562
350
149
5
0
0
0
0
0
0
0
0
0
9
161
346
529
685
823
892
921
897
828
690
518
331
146
6
0
0
0
0
0
0
0
0
0
9
156
340
532
695
818
894
929
871
777
644
494
309
130
4
0
0
0
0
0
0
0
0
0
10
173
376
585
766
900
985
1006
966
870
728
545
339
143
4
0
0
0
0
0
0
0
0
0
8
149
317
492
662
734
789
746
697
649
540
404
235
102
2
0
0
0
0
0
0
0
0
0
9
163
347
532
706
822
893
912
889
800
687
519
332
143
6
0
0
0
0
0
0
0
0
0
8
158
349
548
722
856
940
963
942
851
723
546
345
154
8
0
0
0
0
0
0
0
0
0
7
150
336
503
657
784
900
908
884
810
683
514
324
144
6
0
0
0
0
0
0
0
0
0
4
132
283
469
634
736
838
882
819
794
641
479
265
110
4
0
0
0
0
0
0
0
0
0
6
164
346
621
824
975
522
417
491
557
420
267
173
64
2
0
0
0
0
0
0
0
0
0
8
170
376
590
777
917
1006
1033
998
906
756
567
355
151
5
0
0
0
0
0
0
0
0
0
7
148
335
526
694
816
893
944
904
812
682
533
342
150
8
0
0
0
0
0
0
0
0
0
7
158
357
562
741
879
967
993
957
871
726
543
339
143
4
0
0
0
0
0
0
0
0
0
7
154
347
543
720
854
944
986
959
881
752
567
360
158
7
0
0
0
0
0
0
0
0
0
6
141
319
493
663
797
891
929
906
838
709
546
355
161
9
0
0
0
0
0
0
0
0
0
7
164
370
579
760
900
993
1027
998
908
765
582
372
164
7
0
0
0
0
0
0
0
0
0
7
167
375
585
771
916
1006
1037
1007
916
769
583
369
161
6
0
0
0
0
0
0
0
0
0
6
154
348
545
719
847
928
957
930
846
710
538
342
148
5
0
0
0
0
0
0
0
0
0
6
154
351
556
737
875
956
987
963
873
734
552
348
149
5
0
0
0
0
0
0
0
0
0
6
161
370
584
774
919
1010
1039
1010
919
775
586
372
161
6
0
0
0
0
0
0
0
0
0
5
154
358
569
757
895
986
1015
978
883
737
554
346
145
4
0
0
0
0
0
0
0
0
0
5
142
334
538
723
859
952
982
950
865
730
556
351
151
6
0
0
0
0
0
0
0
0
0
5
147
347
552
736
878
970
1001
971
887
749
568
360
156
6
0
0
0
0
0
0
0
0
0
4
141
334
535
710
849
939
970
933
847
714
533
329
139
4
0
0
0
0
0
0
0
0
0
4
135
322
512
675
811
916
921
897
795
668
502
321
134
4
0
0
0
0
0
0
0
0
0
3
127
309
485
666
785
845
859
828
749
624
464
284
113
1
0
0
0
0
0
0
0
0
0
4
137
331
537
723
863
948
978
939
848
704
527
325
136
4
0
0
0
0
0
0
0
0
0
4
128
296
476
641
797
860
892
861
780
653
473
294
124
2
0
0
0
0
0
0
0
0
0
3
130
323
528
712
854
942
958
933
843
705
525
323
132
3
0
0
0
0
0
0
0
0
0
3
133
329
534
712
854
942
971
938
855
712
524
316
128
2
0
0
0
0
0
0
0
0
0
3
136
337
548
735
882
975
1008
977
890
749
565
352
147
4
0
0
0
0
0
0
0
0
0
3
137
338
548
734
878
971
1007
979
891
751
568
354
149
4
0
0
0
0
0
0
0
0
0
2
128
320
521
694
833
912
947
918
836
708
524
323
128
2
0
0
0
0
0
0
0
0
0
2
134
341
559
756
902
994
1028
994
899
753
563
348
142
3
0
0
0
0
0
0
0
0
0
2
120
305
507
680
814
908
955
920
837
706
526
330
134
4
0
0
0
0
0
0
0
0
0
2
116
304
506
687
820
914
951
931
846
713
535
325
129
3
0
0
0
0
0
0
0
0
0
2
109
288
483
654
804
905
930
905
813
680
504
303
124
3
0
0
0
0
0
0
0
0
0
2
119
310
520
707
854
943
972
942
848
710
530
320
126
2
0
0
0
0
0
0
0
0
0
1
104
276
460
623
751
829
856
827
745
616
453
271
102
1
0
0
0
0
0
0
0
0
0
1
119
318
530
720
867
958
988
952
856
710
522
313
119
1
0
0
0
0
0
0
0
0
0
1
123
331
550
747
894
986
1015
977
880
728
535
321
120
1
0
0
0
0
0
0
0
0
0
1
113
308
516
705
854
950
982
958
868
728
548
335
129
2
0
0
0
0
0
0
0
0
0
1
114
312
528
719
872
971
1009
982
893
744
554
335
125
2
0
0
0
0
0
0
0
0
0
1
108
292
496
671
794
891
900
873
796
671
490
295
109
1
0
0
0
0
0
0
0
0
0
1
113
314
529
725
878
976
1007
980
890
745
553
334
124
2
0
0
0
0
0
0
0
0
0
1
104
295
499
687
831
926
962
940
855
715
529
319
120
2
0
0
0
0
0
0
0
0
0
1
110
312
530
724
878
976
1012
982
893
744
549
328
118
1
0
0
0
0
0
0
0
0
0
1
96
277
474
647
780
867
889
859
774
637
463
269
94
0
0
0
0
0
0
0
0
0
0
1
97
282
484
661
798
882
917
899
817
682
505
301
109
1
0
0
0
0
0
0
0
0
0
1
104
305
524
717
867
960
994
961
868
715
522
304
105
1
0
0
0
0
0
0
0
0
0
0
104
305
523
718
869
966
999
968
878
730
532
312
107
1
0
0
0
0
0
0
0
0
0
0
92
275
477
657
797
883
910
878
789
650
470
271
91
0
0
0
0
0
0
0
0
0
0
0
107
261
311
562
711
614
567
739
539
466
430
270
103
1
0
0
0
0
0
0
0
0
0
0
93
288
513
657
814
904
951
923
852
693
503
293
91
0
0
0
0
0
0
0
0
0
0
0
86
268
475
657
794
872
914
885
792
652
476
275
90
0
0
0
0
0
0
0
0
0
0
0
61
205
373
497
621
672
734
778
743
645
483
294
98
0
0
0
0
0
0
0
0
0
0
0
85
261
456
648
773
855
872
836
763
638
452
258
79
0
0
0
0
0
0
0
0
0
0
0
89
280
491
684
828
917
944
912
828
683
492
282
86
0
0
0
0
0
0
0
0
0
0
0
87
275
485
670
809
892
920
891
797
655
477
270
82
0
0
0
0
0
0
0
0
0
0
0
89
286
503
695
846
940
971
937
839
690
499
281
83
0
0
0
0
0
0
0
0
0
0
0
87
283
499
694
840
924
948
910
815
668
478
262
74
0
0
0
0
0
0
0
0
0
0
0
81
268
475
658
800
894
923
892
801
649
463
257
72
0
0
0
0
0
0
0
0
0
0
0
78
259
467
650
783
884
898
868
775
636
452
244
34
0
0
0
0
0
0
0
0
0
0
0
77
261
473
657
793
886
913
883
795
651
464
251
34
0
0
0
0
0
0
0
0
0
0
0
78
270
482
673
824
914
942
911
816
658
460
248
32
0
0
0
0
0
0
0
0
0
0
0
79
273
487
681
831
922
949
911
812
657
459
246
28
0
0
0
0
0
0
0
0
0
0
0
78
274
496
696
849
940
972
939
836
679
475
252
29
0
0
0
0
0
0
0
0
0
0
0
71
251
455
635
785
863
889
853
754
617
430
225
24
0
0
0
0
0
0
0
0
0
0
0
76
274
497
694
846
940
970
930
830
667
464
240
23
0
0
0
0
0
0
0
0
0
0
0
68
250
455
642
789
882
909
879
789
635
440
231
23
0
0
0
0
0
0
0
0
0
0
0
26
226
401
589
689
821
868
814
675
512
334
179
13
0
0
0
0
0
0
0
0
0
0
0
25
216
430
534
644
704
756
787
732
597
429
214
24
0
0
0
0
0
0
0
0
0
0
0
32
256
467
656
804
894
922
879
785
631
437
222
18
0
0
0
0
0
0
0
0
0
0
0
32
256
471
662
812
907
934
893
790
630
432
218
17
0
0
0
0
0
0
0
0
0
0
0
29
246
455
638
787
871
898
863
759
609
412
203
14
0
0
0
0
0
0
0
0
0
0
0
28
240
446
635
778
855
882
836
729
578
390
188
10
0
0
0
0
0
0
0
0
0
0
0
27
236
442
627
770
856
883
847
747
595
400
191
10
0
0
0
0
0
0
0
0
0
0
0
28
252
472
672
823
916
948
908
803
637
430
207
12
0
0
0
0
0
0
0
0
0
0
0
21
170
338
461
648
769
802
716
658
538
385
189
17
0
0
0
0
0
0
0
0
0
0
0
25
240
454
644
788
878
899
857
747
587
388
179
7
0
0
0
0
0
0
0
0
0
0
0
22
218
415
611
743
837
842
805
715
563
374
172
7
0
0
0
0
0
0
0
0
0
0
0
25
250
474
671
821
914
938
895
788
622
412
189
7
0
0
0
0
0
0
0
0
0
0
0
23
238
452
648
798
885
907
868
762
605
400
185
8
0
0
0
0
0
0
0
0
0
0
0
22
226
428
610
759
854
878
837
736
588
392
181
8
0
0
0
0
0
0
0
0
0
0
0
23
248
472
673
823
913
937
891
778
611
400
177
5
0
0
0
0
0
0
0
0
0
0
0
21
242
465
663
811
903
922
878
769
604
396
174
5
0
0
0
0
0
0
0
0
0
0
0
17
203
403
579
712
787
807
768
676
522
334
146
4
0
0
0
0
0
0
0
0
0
0
0
13
138
278
421
509
538
559
532
482
363
235
100
1
0
0
0
0
0
0
0
0
0
0
0
17
158
350
493
619
626
608
595
521
410
219
96
1
0
0
0
0
0
0
0
0
0
0
0
11
142
256
370
484
543
578
535
474
367
223
92
1
0
0
0
0
0
0
0
0
0
0
0
19
207
406
548
658
726
767
668
540
439
297
113
1
0
0
0
0
0
0
0
0
0
0
0
11
151
294
429
535
581
575
516
466
371
227
84
1
0
0
0
0
0
0
0
0
0
0
0
12
165
332
449
544
590
595
592
491
385
246
99
1
0
0
0
0
0
0
0
0
0
0
0
12
84
241
222
292
387
400
462
430
228
316
153
4
0
0
0
0
0
0
0
0
0
0
0
11
166
328
469
565
620
649
620
521
389
242
89
1
0
0
0
0
0
0
0
0
0
0
0
15
196
379
532
637
701
720
670
589
438
289
113
1
0
0
0
0
0
0
0
0
0
0
0
10
158
318
461
556
622
647
614
525
408
246
91
0
0
0
0
0
0
0
0
0
0
0
0
13
215
432
627
774
857
871
821
706
535
327
116
0
0
0
0
0
0
0
0
0
0
0
0
10
179
367
535
661
735
754
707
604
454
274
94
0
0
0
0
0
0
0
0
0
0
0
0
7
169
371
554
677
697
666
644
552
403
247
91
0
0
0
0
0
0
0
0
0
0
0
0
8
166
352
524
663
683
705
663
578
467
276
96
0
0
0
0
0
0
0
0
0
0
0
0
10
194
404
594
735
818
827
776
665
497
298
97
0
0
0
0
0
0
0
0
0
0
0
0
9
187
388
572
703
781
791
746
644
480
284
90
0
0
0
0
0
0
0
0
0
0
0
0
8
182
382
558
688
754
770
723
612
456
258
76
0
0
0
0
0
0
0
0
0
0
0
0
4
117
263
385
544
577
605
577
554
455
287
98
0
0
0
0
0
0
0
0
0
0
0
0
2
124
276
439
516
621
607
595
526
472
285
88
0
0
0
0
0
0
0
0
0
0
0
0
6
71
121
222
406
473
479
503
492
420
228
86
0
0
0
0
0
0
0
0
0
0
0
0
8
142
323
479
576
607
642
586
408
336
169
7
0
0
0
0
0
0
0
0
0
0
0
0
6
175
381
555
670
728
721
669
562
412
228
26
0
0
0
0
0
0
0
0
0
0
0
0
6
160
346
510
642
725
704
672
575
437
247
36
0
0
0
0
0
0
0
0
0
0
0
0
6
180
394
587
732
813
824
766
647
470
261
30
0
0
0
0
0
0
0
0
0
0
0
0
2
54
63
112
252
354
447
557
462
396
288
70
0
0
0
0
0
0
0
0
0
0
0
0
2
129
301
452
566
677
641
625
475
368
199
24
0
0
0
0
0
0
0
0
0
0
0
0
5
160
372
512
600
610
574
585
493
377
211
24
0
0
0
0
0
0
0
0
0
0
0
0
4
165
375
568
707
786
795
739
613
436
227
18
0
0
0
0
0
0
0
0
0
0
0
0
3
143
325
496
642
713
715
664
549
385
200
13
0
0
0
0
0
0
0
0
0
0
0
0
3
144
335
502
637
713
740
692
581
415
222
20
0
0
0
0
0
0
0
0
0
0
0
0
3
150
352
535
673
750
764
710
588
415
213
15
0
0
0
0
0
0
0
0
0
0
0
0
3
141
333
517
646
725
742
686
577
413
215
18
0
0
0
0
0
0
0
0
0
0
0
0
2
121
319
478
609
615
681
558
449
305
160
4
0
0
0
0
0
0
0
0
0
0
0
0
2
150
352
534
676
748
755
698
576
404
204
12
0
0
0
0
0
0
0
0
0
0
0
0
4
125
284
437
542
640
536
440
395
249
123
3
0
0
0
0
0
0
0
0
0
0
0
0
2
127
308
488
592
663
669
609
491
349
173
10
0
0
0
0
0
0
0
0
0
0
0
0
1
123
294
465
585
651
672
603
511
349
174
8
0
0
0
0
0
0
0
0
0
0
0
0
1
114
268
404
543
600
636
582
426
341
160
8
0
0
0
0
0
0
0
0
0
0
0
0
1
138
344
535
674
749
759
701
576
401
193
8
0
0
0
0
0
0
0
0
0
0
0
0
1
126
317
499
625
682
680
631
514
353
169
6
0
0
0
0
0
0
0
0
0
0
0
0
1
126
321
501
640
718
731
674
558
389
188
9
0
0
0
0
0
0
0
0
0
0
0
0
2
126
290
457
551
590
523
506
427
277
118
7
0
0
0
0
0
0
0
0
0
0
0
0
1
106
279
447
583
640
641
594
491
346
161
7
0
0
0
0
0
0
0
0
0
0
0
0
1
79
204
283
325
435
427
393
295
201
91
2
0
0
0
0
0
0
0
0
0
0
0
0
1
93
232
352
436
478
499
499
397
264
112
2
0
0
0
0
0
0
0
0
0
0
0
0
0
82
221
361
456
512
520
487
389
265
117
3
0
0
0
0
0
0
0
0
0
0
0
0
0
104
288
457
582
661
671
605
499
331
148
3
0
0
0
0
0
0
0
0
0
0
0
0
0
112
313
500
643
721
731
670
543
366
164
4
0
0
0
0
0
0
0
0
0
0
0
0
0
112
313
500
641
717
727
665
538
362
161
3
0
0
0
0
0
0
0
0
0
0
0
0
0
102
288
464
595
671
684
630
506
339
150
3
0
0
0
0
0
0
0
0
0
0
0
0
0
97
281
457
585
657
669
614
501
333
147
3
0
0
0
0
0
0
0
0
0
0
0
0
0
91
272
433
566
640
645
584
472
311
130
2
0
0
0
0
0
0
0
0
0
0
0
0
0
89
259
411
538
589
592
557
461
297
126
2
0
0
0
0
0
0
0
0
0
0
0
0
0
71
219
360
467
530
526
482
388
251
102
1
0
0
0
0
0
0
0
0
0
0
0
0
0
13
40
71
93
104
105
97
82
53
18
1
0
0
0
0
0
0
0
0
0
0
0
0
0
73
122
261
397
231
207
202
109
82
12
1
0
0
0
0
0
0
0
0
0
0
0
0
0
22
63
81
165
353
368
225
218
77
59
3
0
0
0
0
0
0
0
0
0
0
0
0
0
47
147
239
309
348
346
344
232
150
59
1
0
0
0
0
0
0
0
0
0
0
0
0
0
69
224
354
489
553
558
526
405
275
113
1
0
0
0
0
0
0
0
0
0
0
0
0
0
79
263
443
577
653
662
608
489
321
130
1
0
0
0
0
0
0
0
0
0
0
0
0
0
36
254
427
556
622
632
581
468
302
120
1
0
0
0
0
0
0
0
0
0
0
0
0
0
33
242
413
545
619
615
562
451
295
118
1
0
0
0
0
0
0
0
0
0
0
0
0
0
33
244
418
547
613
619
567
456
294
114
1
0
0
0
0
0
0
0
0
0
0
0
0
0
29
230
398
526
595
614
560
451
296
116
1
0
0
0
0
0
0
0
0
0
0
0
0
0
28
227
398
525
594
608
550
445
291
114
1
0
0
0
0
0
0
0
0
0
0
0
0
0
17
156
288
383
435
428
391
303
198
75
0
0
0
0
0
0
0
0
0
0
0
0
0
0
22
207
370
489
558
566
517
415
266
100
0
0
0
0
0
0
0
0
0
0
0
0
0
0
17
161
298
413
500
548
524
422
300
106
1
0
0
0
0
0
0
0
0
0
0
0
0
0
20
195
350
470
537
548
498
398
256
96
0
0
0
0
0
0
0
0
0
0
0
0
0
0
18
184
329
434
496
510
471
373
239
91
0
0
0
0
0
0
0
0
0
0
0
0
0
0
21
222
393
523
598
611
559
448
290
111
0
0
0
0
0
0
0
0
0
0
0
0
0
0
20
222
399
533
609
620
567
453
294
112
0
0
0
0
0
0
0
0
0
0
0
0
0
0
20
230
416
559
641
654
600
480
308
116
0
0
0
0
0
0
0
0
0
0
0
0
0
0
18
215
394
531
610
625
577
462
296
111
0
0
0
0
0
0
0
0
0
0
0
0
0
0
10
233
431
479
439
451
318
96
25
9
0
0
0
0
0
0
0
0
0
0
0
0
0
0
12
168
338
375
440
481
441
280
218
64
0
0
0
0
0
0
0
0
0
0
0
0
0
0
9
160
316
446
499
489
460
400
259
104
0
0
0
0
0
0
0
0
0
0
0
0
0
0
12
110
243
384
549
566
328
222
28
43
0
0
0
0
0
0
0
0
0
0
0
0
0
0
13
172
224
227
232
292
290
493
308
117
1
0
0
0
0
0
0
0
0
0
0
0
0
0
6
100
190
313
447
508
536
347
258
97
1
0
0
0
0
0
0
0
0
0
0
0
0
0
11
188
362
500
580
599
548
438
281
104
0
0
0
0
0
0
0
0
0
0
0
0
0
0
10
176
342
473
539
556
523
417
270
101
0
0
0
0
0
0
0
0
0
0
0
0
0
0
8
139
281
369
427
495
464
400
243
101
1
0
0
0
0
0
0
0
0
0
0
0
0
0
9
171
328
460
544
558
513
408
265
101
0
0
0
0
0
0
0
0
0
0
0
0
0
0
9
174
344
478
558
575
530
424
271
101
0
0
0
0
0
0
0
0
0
0
0
0
0
0
8
175
350
484
568
588
541
435
279
103
0
0
0
0
0
0
0
0
0
0
0
0
0
0
2
99
144
360
493
447
363
194
209
107
1
0
0
0
0
0
0
0
0
0
0
0
0
0
9
141
196
421
313
242
443
393
158
80
0
0
0
0
0
0
0
0
0
0
0
0
0
0
3
93
157
230
206
256
298
237
203
107
2
0
0
0
0
0
0
0
0
0
0
0
0
0
2
30
61
86
114
140
473
373
239
96
0
0
0
0
0
0
0
0
0
0
0
0
0
0
6
161
338
476
566
588
543
437
284
107
1
0
0
0
0
0
0
0
0
0
0
0
0
0
5
148
307
436
514
534
492
395
253
96
0
0
0
0
0
0
0
0
0
0
0
0
0
0
6
159
332
471
555
578
535
430
276
106
0
0
0
0
0
0
0
0
0
0
0
0
0
0
4
120
252
372
441
463
420
336
219
80
0
0
0
0
0
0
0
0
0
0
0
0
0
0
5
155
324
461
546
567
521
423
277
107
0
0
0
0
0
0
0
0
0
0
0
0
0
0
5
159
334
476
564
588
546
440
286
110
0
0
0
0
0
0
0
0
0
0
0
0
0
0
2
104
237
305
332
360
297
292
252
120
3
0
0
0
0
0
0
0
0
0
0
0
0
0
4
159
341
489
579
603
561
452
294
115
0
0
0
0
0
0
0
0
0
0
0
0
0
0
1
116
243
375
465
468
455
383
273
102
1
0
0
0
0
0
0
0
0
0
0
0
0
0
4
143
309
445
534
557
521
422
279
113
1
0
0
0
0
0
0
0
0
0
0
0
0
0
2
116
248
350
422
452
422
360
247
98
1
0
0
0
0
0
0
0
0
0
0
0
0
0
2
93
205
298
327
362
331
277
178
61
1
0
0
0
0
0
0
0
0
0
0
0
0
0
2
64
36
304
252
201
447
241
84
25
4
0
0
0
0
0
0
0
0
0
0
0
0
0
2
114
246
355
423
444
408
339
219
88
1
0
0
0
0
0
0
0
0
0
0
0
0
0
3
129
290
421
512
543
512
423
285
116
1
0
0
0
0
0
0
0
0
0
0
0
0
0
3
146
324
470
560
590
551
452
300
124
1
0
0
0
0
0
0
0
0
0
0
0
0
0
3
145
322
469
563
591
554
456
303
127
1
0
0
0
0
0
0