0
0
0
0
0
0
0
1
10
43
89
175
161
184
152
123
47
2
0
0
0
0
0
0
0
0
0
0
0
0
0
1
75
187
282
307
344
319
298
197
86
1
0
0
0
0
0
0
0
0
0
0
0
0
0
1
127
281
393
420
448
441
368
303
149
6
0
0
0
0
0
0
0
0
0
0
0
0
0
1
104
238
354
473
471
456
394
285
156
5
0
0
0
0
0
0
0
0
0
0
0
0
0
2
74
210
342
440
488
461
351
283
128
2
0
0
0
0
0
0
0
0
0
0
0
0
0
1
121
293
441
539
576
547
465
317
146
4
0
0
0
0
0
0
0
0
0
0
0
0
0
1
116
280
425
514
564
539
454
313
151
5
0
0
0
0
0
0
0
0
0
0
0
0
0
1
82
208
349
397
411
415
338
222
101
2
0
0
0
0
0
0
0
0
0
0
0
0
0
1
92
232
339
385
437
408
387
249
106
2
0
0
0
0
0
0
0
0
0
0
0
0
0
1
128
309
470
577
620
595
509
363
180
8
0
0
0
0
0
0
0
0
0
0
0
0
0
1
91
227
344
420
449
433
358
249
131
5
0
0
0
0
0
0
0
0
0
0
0
0
0
1
112
273
412
518
561
545
480
344
170
10
0
0
0
0
0
0
0
0
0
0
0
0
0
2
137
336
370
329
251
373
412
336
113
3
0
0
0
0
0
0
0
0
0
0
0
0
0
1
131
318
480
583
625
597
506
360
181
8
0
0
0
0
0
0
0
0
0
0
0
0
0
1
96
268
425
504
495
466
413
290
157
6
0
0
0
0
0
0
0
0
0
0
0
0
0
2
115
236
395
518
583
483
400
280
121
4
0
0
0
0
0
0
0
0
0
0
0
0
0
2
122
298
450
536
576
550
458
329
170
8
0
0
0
0
0
0
0
0
0
0
0
0
0
1
81
193
249
346
367
382
318
270
143
3
0
0
0
0
0
0
0
0
0
0
0
0
0
3
88
229
333
378
563
492
426
299
179
9
0
0
0
0
0
0
0
0
0
0
0
0
0
3
106
311
329
442
506
274
322
271
123
3
0
0
0
0
0
0
0
0
0
0
0
0
0
2
114
273
451
527
489
416
319
246
118
3
0
0
0
0
0
0
0
0
0
0
0
0
0
2
134
315
477
588
633
613
529
387
208
17
0
0
0
0
0
0
0
0
0
0
0
0
0
2
138
321
478
582
626
610
525
385
209
17
0
0
0
0
0
0
0
0
0
0
0
0
0
2
149
342
505
615
664
646
561
417
230
21
0
0
0
0
0
0
0
0
0
0
0
0
0
9
152
299
438
531
492
471
325
230
141
11
0
0
0
0
0
0
0
0
0
0
0
0
0
3
135
313
472
574
611
589
512
366
205
18
0
0
0
0
0
0
0
0
0
0
0
0
0
1
75
174
252
306
353
335
292
184
88
5
0
0
0
0
0
0
0
0
0
0
0
0
0
1
80
173
275
307
350
358
280
207
117
5
0
0
0
0
0
0
0
0
0
0
0
0
0
4
139
306
452
548
548
526
482
359
198
20
0
0
0
0
0
0
0
0
0
0
0
0
0
1
82
191
320
396
373
380
327
224
124
5
0
0
0
0
0
0
0
0
0
0
0
0
0
1
96
211
378
502
500
474
398
286
166
17
0
0
0
0
0
0
0
0
0
0
0
0
0
7
141
316
390
495
521
553
492
295
177
19
0
0
0
0
0
0
0
0
0
0
0
0
0
14
169
324
573
622
336
241
228
261
175
6
0
0
0
0
0
0
0
0
0
0
0
0
0
7
110
368
547
520
382
103
49
74
60
5
0
0
0
0
0
0
0
0
0
0
0
0
0
1
58
144
223
188
422
440
431
357
263
56
0
0
0
0
0
0
0
0
0
0
0
0
0
5
154
332
487
580
620
604
530
399
231
65
0
0
0
0
0
0
0
0
0
0
0
0
0
5
159
351
514
626
666
646
553
416
238
72
0
0
0
0
0
0
0
0
0
0
0
0
0
2
102
241
360
498
469
551
497
294
193
61
0
0
0
0
0
0
0
0
0
0
0
0
0
6
160
317
463
577
625
614
489
367
216
61
0
0
0
0
0
0
0
0
0
0
0
0
0
8
168
318
443
520
544
618
527
346
178
49
0
0
0
0
0
0
0
0
0
0
0
0
0
7
168
350
514
627
675
667
591
454
267
87
0
0
0
0
0
0
0
0
0
0
0
0
0
7
180
377
549
666
720
702
619
472
284
94
0
0
0
0
0
0
0
0
0
0
0
0
0
8
177
363
520
638
690
684
611
476
294
100
0
0
0
0
0
0
0
0
0
0
0
0
0
8
90
265
536
567
637
62
381
323
53
9
0
0
0
0
0
0
0
0
0
0
0
0
0
8
171
351
499
607
659
659
582
445
267
90
0
0
0
0
0
0
0
0
0
0
0
0
0
10
196
394
562
678
728
712
629
486
300
105
0
0
0
0
0
0
0
0
0
0
0
0
0
5
158
331
473
554
588
578
545
365
247
93
0
0
0
0
0
0
0
0
0
0
0
0
0
11
188
377
530
621
658
657
575
452
290
110
1
0
0
0
0
0
0
0
0
0
0
0
0
13
205
407
576
695
748
729
651
509
319
117
1
0
0
0
0
0
0
0
0
0
0
0
0
14
209
405
567
685
740
716
642
507
323
123
1
0
0
0
0
0
0
0
0
0
0
0
0
21
177
92
277
428
624
418
337
198
29
116
3
0
0
0
0
0
0
0
0
0
0
0
0
3
17
32
323
290
595
383
281
235
63
37
0
0
0
0
0
0
0
0
0
0
0
0
0
7
190
463
482
447
262
307
56
44
28
10
1
0
0
0
0
0
0
0
0
0
0
0
0
18
212
407
575
689
747
710
630
492
309
122
1
0
0
0
0
0
0
0
0
0
0
0
0
20
221
420
587
709
764
747
668
525
340
135
2
0
0
0
0
0
0
0
0
0
0
0
0
21
227
429
599
706
758
737
650
504
321
126
1
0
0
0
0
0
0
0
0
0
0
0
0
4
79
165
350
399
602
522
250
43
159
107
4
0
0
0
0
0
0
0
0
0
0
0
0
19
221
409
670
688
552
482
336
160
43
11
1
0
0
0
0
0
0
0
0
0
0
0
0
7
134
242
278
321
432
525
556
576
350
119
3
0
0
0
0
0
0
0
0
0
0
0
0
20
158
288
405
459
516
527
455
325
220
85
1
0
0
0
0
0
0
0
0
0
0
0
0
31
255
465
644
770
826
805
710
554
358
148
3
0
0
0
0
0
0
0
0
0
0
0
0
32
254
452
621
737
786
774
693
546
354
150
3
0
0
0
0
0
0
0
0
0
0
0
0
35
267
471
638
757
806
790
699
550
355
149
2
0
0
0
0
0
0
0
0
0
0
0
0
62
233
411
582
675
679
662
601
490
320
133
3
0
0
0
0
0
0
0
0
0
0
0
0
50
176
292
396
457
549
505
465
355
224
89
1
0
0
0
0
0
0
0
0
0
0
0
0
36
118
206
291
341
348
379
365
278
183
65
1
0
0
0
0
0
0
0
0
0
0
0
0
82
277
457
607
718
750
730
649
508
341
153
4
0
0
0
0
0
0
0
0
0
0
0
0
80
261
451
588
674
711
707
610
455
311
134
2
0
0
0
0
0
0
0
0
0
0
0
0
43
138
226
331
404
431
419
381
296
172
79
2
0
0
0
0
0
0
0
0
0
0
0
0
39
113
199
259
315
359
357
326
240
136
57
2
0
0
0
0
0
0
0
0
0
0
0
0
51
163
270
345
388
390
374
368
291
186
72
2
0
0
0
0
0
0
0
0
0
0
0
0
117
342
563
740
859
899
875
776
622
417
191
5
0
0
0
0
0
0
0
0
0
0
0
0
111
322
536
712
829
877
859
768
615
411
189
8
0
0
0
0
0
0
0
0
0
0
0
0
106
306
508
665
769
826
796
710
574
382
175
7
0
0
0
0
0
0
0
0
0
0
0
0
10
27
45
59
321
651
255
278
577
390
210
29
0
0
0
0
0
0
0
0
0
0
0
0
50
127
210
287
332
351
332
286
231
148
73
2
0
0
0
0
0
0
0
0
0
0
0
0
67
217
336
440
549
583
543
508
395
276
131
6
0
0
0
0
0
0
0
0
0
0
0
1
135
355
570
745
861
907
883
787
632
427
203
9
0
0
0
0
0
0
0
0
0
0
0
1
128
333
538
693
812
862
841
744
602
409
196
11
0
0
0
0
0
0
0
0
0
0
0
1
139
355
565
735
851
898
873
782
630
431
209
11
0
0
0
0
0
0
0
0
0
0
0
2
142
355
556
723
834
881
861
773
628
428
208
12
0
0
0
0
0
0
0
0
0
0
0
2
150
368
575
742
848
888
862
772
625
428
208
10
0
0
0
0
0
0
0
0
0
0
0
3
146
348
538
677
778
820
814
740
596
413
201
12
0
0
0
0
0
0
0
0
0
0
0
4
141
324
519
682
741
800
752
683
543
371
173
8
0
0
0
0
0
0
0
0
0
0
0
4
156
365
558
718
811
831
803
721
578
390
188
9
0
0
0
0
0
0
0
0
0
0
0
5
146
345
501
651
689
706
660
548
452
315
140
3
0
0
0
0
0
0
0
0
0
0
0
5
160
360
536
678
765
827
769
701
562
378
190
13
0
0
0
0
0
0
0
0
0
0
0
7
148
409
472
546
618
602
744
637
486
302
128
7
0
0
0
0
0
0
0
0
0
0
0
6
163
362
555
713
817
854
826
744
616
414
210
17
0
0
0
0
0
0
0
0
0
0
0
5
166
374
564
695
788
821
809
728
587
409
214
17
0
0
0
0
0
0
0
0
0
0
0
8
189
410
615
781
884
920
885
790
642
445
226
17
0
0
0
0
0
0
0
0
0
0
0
8
190
408
610
773
875
915
888
798
650
452
233
19
0
0
0
0
0
0
0
0
0
0
0
8
183
383
582
721
818
832
810
730
596
425
216
17
0
0
0
0
0
0
0
0
0
0
0
8
173
356
532
662
746
808
809
736
591
391
208
17
0
0
0
0
0
0
0
0
0
0
0
12
207
425
627
785
889
925
898
807
656
460
242
22
0
0
0
0
0
0
0
0
0
0
0
15
226
465
581
642
693
707
611
526
347
292
186
10
0
0
0
0
0
0
0
0
0
0
0
3
133
115
133
151
580
1024
772
385
52
37
19
4
0
0
0
0
0
0
0
0
0
0
0
3
79
196
242
379
390
393
414
408
323
258
136
22
0
0
0
0
0
0
0
0
0
0
0
17
228
449
655
814
914
951
915
823
671
472
250
25
0
0
0
0
0
0
0
0
0
0
0
17
219
430
625
767
868
900
863
768
621
431
231
22
0
0
0
0
0
0
0
0
0
0
0
14
198
469
654
773
748
1035
1002
899
733
517
277
66
0
0
0
0
0
0
0
0
0
0
0
19
207
406
582
736
823
860
842
753
603
427
236
29
0
0
0
0
0
0
0
0
0
0
0
8
164
154
267
251
258
810
470
377
557
457
130
52
0
0
0
0
0
0
0
0
0
0
0
21
136
72
55
68
353
490
532
573
687
543
293
69
0
0
0
0
0
0
0
0
0
0
0
24
221
424
608
755
843
877
846
763
630
449
248
30
0
0
0
0
0
0
0
0
0
0
0
28
250
472
672
826
932
967
928
835
682
481
258
31
0
0
0
0
0
0
0
0
0
0
0
31
262
485
688
847
949
987
954
859
702
501
274
36
0
0
0
0
0
0
0
0
0
0
0
32
253
469
662
813
907
942
907
823
674
486
269
38
0
0
0
0
0
0
0
0
0
0
0
30
230
422
587
736
819
866
849
766
634
464
258
39
0
0
0
0
0
0
0
0
0
0
0
69
257
470
665
818
916
952
928
839
693
502
286
81
0
0
0
0
0
0
0
0
0
0
0
74
264
480
674
825
920
950
920
812
661
467
253
69
0
0
0
0
0
0
0
0
0
0
0
71
258
466
650
800
897
934
901
798
647
466
261
75
0
0
0
0
0
0
0
0
0
0
0
8
85
233
351
437
425
548
465
360
288
193
86
6
0
0
0
0
0
0
0
0
0
0
0
76
256
473
658
793
883
910
874
781
627
440
240
70
0
0
0
0
0
0
0
0
0
0
0
101
329
557
741
859
557
599
617
608
492
357
202
57
0
0
0
0
0
0
0
0
0
0
0
88
286
508
707
865
966
998
967
877
722
518
294
90
0
0
0
0
0
0
0
0
0
0
0
87
278
484
677
830
919
954
917
836
689
496
283
87
0
0
0
0
0
0
0
0
0
0
0
88
274
481
673
818
906
934
913
816
661
471
265
81
0
0
0
0
0
0
0
0
0
0
1
103
151
189
224
497
292
787
540
889
450
257
169
7
0
0
0
0
0
0
0
0
0
0
0
74
218
360
479
585
594
663
641
494
471
381
270
102
1
0
0
0
0
0
0
0
0
0
0
97
295
510
709
864
577
603
587
528
432
323
188
61
0
0
0
0
0
0
0
0
0
0
0
92
272
459
639
795
849
875
858
775
629
442
256
84
0
0
0
0
0
0
0
0
0
0
1
99
284
477
652
787
881
888
857
780
655
476
279
90
0
0
0
0
0
0
0
0
0
0
0
92
262
449
619
752
840
876
843
753
625
447
263
90
0
0
0
0
0
0
0
0
0
0
1
104
288
474
648
795
872
922
882
793
641
471
272
90
0
0
0
0
0
0
0
0
0
0
1
102
278
464
619
753
854
889
874
799
651
488
289
101
1
0
0
0
0
0
0
0
0
0
1
100
275
462
626
750
829
854
823
739
609
444
259
88
0
0
0
0
0
0
0
0
0
0
1
96
262
440
597
722
798
825
804
724
592
431
250
85
0
0
0
0
0
0
0
0
0
0
1
116
310
517
698
836
902
918
882
800
665
491
289
100
0
0
0
0
0
0
0
0
0
0
1
105
275
459
617
750
809
842
808
739
633
470
276
96
1
0
0
0
0
0
0
0
0
0
1
119
314
519
698
838
923
951
916
824
679
496
288
100
0
0
0
0
0
0
0
0
0
0
1
108
282
463
632
751
829
857
820
743
616
447
263
93
0
0
0
0
0
0
0
0
0
0
2
110
253
423
598
766
812
839
776
754
647
488
289
102
1
0
0
0
0
0
0
0
0
0
2
116
297
500
666
796
865
887
844
771
649
473
281
101
1
0
0
0
0
0
0
0
0
0
2
118
292
487
630
769
846
830
812
780
625
435
270
101
1
0
0
0
0
0
0
0
0
0
2
113
282
454
655
782
866
912
875
812
669
470
293
108
1
0
0
0
0
0
0
0
0
0
3
128
325
532
714
851
925
953
919
825
679
496
294
106
1
0
0
0
0
0
0
0
0
0
3
131
324
528
701
835
921
941
917
838
695
517
315
120
2
0
0
0
0
0
0
0
0
0
3
134
325
530
711
846
932
965
930
846
714
533
327
127
2
0
0
0
0
0
0
0
0
0
1
32
117
172
261
290
317
237
245
276
139
82
52
11
1
0
0
0
0
0
0
0
0
0
3
133
329
525
704
837
926
951
915
834
695
512
310
119
1
0
0
0
0
0
0
0
0
0
3
133
319
517
690
801
889
913
880
795
655
478
289
107
1
0
0
0
0
0
0
0
0
0
3
125
307
490
662
788
861
927
871
781
651
498
310
123
2
0
0
0
0
0
0
0
0
0
3
117
311
469
638
711
709
710
740
739
641
481
275
98
1
0
0
0
0
0
0
0
0
0
5
165
384
607
765
943
507
546
522
461
397
275
168
67
1
0
0
0
0
0
0
0
0
0
5
139
315
489
652
779
870
887
843
786
649
485
307
124
3
0
0
0
0
0
0
0
0
0
4
104
233
373
520
589
658
657
634
576
457
323
211
75
1
0
0
0
0
0
0
0
0
0
5
151
358
570
761
904
990
1022
989
891
740
551
338
136
3
0
0
0
0
0
0
0
0
0
5
142
331
526
700
830
913
941
900
804
674
505
304
122
2
0
0
0
0
0
0
0
0
0
4
114
273
431
578
671
741
752
685
634
519
378
221
82
1
0
0
0
0
0
0
0
0
0
5
150
351
557
737
879
968
1003
974
887
747
565
353
150
5
0
0
0
0
0
0
0
0
0
5
145
340
546
722
862
947
972
934
839
697
522
326
136
4
0
0
0
0
0
0
0
0
0
5
154
359
572
759
903
997
1030
1004
909
767
573
359
151
5
0
0
0
0
0
0
0
0
0
5
152
353
558
745
886
978
1006
980
889
752
564
351
150
5
0
0
0
0
0
0
0
0
0
6
149
342
536
717
862
944
977
937
856
726
543
347
150
6
0
0
0
0
0
0
0
0
0
5
139
307
496
639
758
824
843
826
750
628
459
283
117
2
0
0
0
0
0
0
0
0
0
19
168
234
261
387
281
215
532
884
818
668
575
354
166
17
0
0
0
0
0
0
0
0
0
2
136
247
440
552
654
777
714
771
666
614
358
233
121
8
0
0
0
0
0
0
0
0
0
2
58
222
267
288
436
549
586
696
616
531
331
158
75
7
0
0
0
0
0
0
0
0
0
6
150
345
545
728
867
954
985
949
855
721
541
341
146
5
0
0
0
0
0
0
0
0
0
6
157
360
570
756
899
994
1018
990
908
764
579
368
162
7
0
0
0
0
0
0
0
0
0
7
143
344
525
641
792
825
850
787
688
550
437
278
130
8
0
0
0
0
0
0
0
0
0
5
142
327
516
661
795
869
899
906
816
699
522
328
152
8
0
0
0
0
0
0
0
0
0
8
130
317
539
690
510
504
195
412
422
395
468
407
178
21
0
0
0
0
0
0
0
0
0
5
134
296
478
645
772
863
902
859
798
695
530
343
158
10
0
0
0
0
0
0
0
0
0
6
141
304
462
589
697
784
823
826
828
710
529
328
157
9
0
0
0
0
0
0
0
0
0
6
148
341
540
713
845
928
958
932
852
721
546
346
152
7
0
0
0
0
0
0
0
0
0
6
150
343
543
713
852
936
957
931
848
717
540
345
152
6
0
0
0
0
0
0
0
0
0
3
98
233
352
505
576
629
574
552
536
403
325
191
66
2
0
0
0
0
0
0
0
0
0
5
136
316
499
653
816
885
897
841
793
650
486
294
127
2
0
0
0
0
0
0
0
0
0
5
139
323
518
678
767
837
894
865
792
674
513
329
148
6
0
0
0
0
0
0
0
0
0
5
143
337
536
723
860
936
966
948
865
740
561
359
161
9
0
0
0
0
0
0
0
0
0
4
121
288
473
648
779
849
900
871
811
644
478
310
136
6
0
0
0
0
0
0
0
0
0
4
120
279
442
600
703
769
792
755
671
551
395
244
104
2
0
0
0
0
0
0
0
0
0
5
110
264
427
595
751
771
744
755
711
671
454
275
112
5
0
0
0
0
0
0
0
0
0
5
133
317
507
668
786
877
910
890
805
677
522
333
150
9
0
0
0
0
0
0
0
0
0
4
127
306
497
667
787
873
905
869
784
667
498
295
134
5
0
0
0
0
0
0
0
0
0
4
123
286
469
631
766
855
906
879
823
717
551
351
170
14
0
0
0
0
0
0
0
0
0
4
131
306
479
639
770
876
895
859
763
652
515
337
151
9
0
0
0
0
0
0
0
0
0
4
131
310
494
665
797
886
915
886
804
677
517
328
146
6
0
0
0
0
0
0
0
0
0
4
135
325
519
697
843
929
955
937
859
729
556
357
160
9
0
0
0
0
0
0
0
0
0
4
134
306
499
649
782
871
933
901
828
712
534
334
152
7
0
0
0
0
0
0
0
0
0
4
131
314
509
689
821
903
931
901
821
694
534
344
156
9
0
0
0
0
0
0
0
0
0
4
133
320
515
699
832
910
927
888
812
681
512
318
142
5
0
0
0
0
0
0
0
0
0
3
120
295
483
673
814
899
927
900
829
702
523
334
155
8
0
0
0
0
0
0
0
0
0
3
133
328
532
716
864
957
985
962
878
739
563
361
161
8
0
0
0
0
0
0
0
0
0
4
146
353
570
762
910
1002
1032
997
904
761
573
361
159
4
0
0
0
0
0
0
0
0
0
3
141
344
552
737
877
969
1000
978
894
757
575
366
164
6
0
0
0
0
0
0
0
0
0
3
138
338
546
732
877
968
1004
983
898
763
585
379
174
9
0
0
0
0
0
0
0
0
0
3
130
317
524
704
848
941
976
953
862
721
540
342
150
5
0
0
0
0
0
0
0
0
0
3
127
319
522
710
855
944
973
957
879
747
575
370
169
9
0
0
0
0
0
0
0
0
0
3
122
309
507
689
834
931
968
948
872
745
567
364
165
9
0
0
0
0
0
0
0
0
0
1
124
328
568
759
940
515
444
372
335
296
196
131
62
2
0
0
0
0
0
0
0
0
0
2
126
321
531
716
864
959
993
978
897
759
581
370
168
9
0
0
0
0
0
0
0
0
0
2
115
295
491
662
807
909
939
924
850
709
529
333
146
6
0
0
0
0
0
0
0
0
0
2
120
313
519
704
843
930
958
926
841
699
524
328
140
4
0
0
0
0
0
0
0
0
0
1
98
235
401
568
724
785
830
815
766
645
497
333
145
10
0
0
0
0
0
0
0
0
0
2
94
259
428
624
703
771
812
655
568
501
428
316
166
16
0
0
0
0
0
0
0
0
0
2
111
300
503
682
824
921
958
934
855
714
536
336
149
6
0
0
0
0
0
0
0
0
0
2
93
267
331
524
735
833
846
784
711
557
344
231
102
2
0
0
0
0
0
0
0
0
0
1
112
303
508
696
844
935
966
934
850
710
527
327
139
4
0
0
0
0
0
0
0
0
0
1
81
213
363
568
726
790
912
812
813
609
506
321
157
9
0
0
0
0
0
0
0
0
0
1
94
256
440
608
720
801
845
817
733
640
473
282
124
3
0
0
0
0
0
0
0
0
0
1
105
290
494
674
817
912
956
941
860
729
558
355
156
7
0
0
0
0
0
0
0
0
0
1
96
258
432
583
760
794
822
791
691
629
470
286
125
5
0
0
0
0
0
0
0
0
0
0
8
88
207
233
433
722
354
304
233
295
391
321
158
18
0
0
0
0
0
0
0
0
0
1
73
195
332
450
542
624
629
611
514
419
305
174
68
1
0
0
0
0
0
0
0
0
0
1
88
247
463
622
717
769
768
779
674
579
466
297
127
7
0
0
0
0
0
0
0
0
0
1
91
260
455
644
782
878
929
917
831
690
521
321
136
4
0
0
0
0
0
0
0
0
0
0
88
257
447
628
776
874
918
897
829
699
518
319
132
4
0
0
0
0
0
0
0
0
0
0
99
284
493
700
841
545
579
567
514
448
331
221
93
3
0
0
0
0
0
0
0
0
0
0
79
227
396
552
682
763
792
773
701
597
458
286
117
3
0
0
0
0
0
0
0
0
0
0
95
284
493
680
830
926
962
934
849
712
531
325
130
2
0
0
0
0
0
0
0
0
0
0
86
261
454
612
733
819
849
820
751
630
456
280
110
1
0
0
0
0
0
0
0
0
0
0
87
245
430
592
671
817
855
808
698
540
429
286
96
1
0
0
0
0
0
0
0
0
0
0
93
286
495
690
826
920
956
935
855
714
527
319
123
1
0
0
0
0
0
0
0
0
0
0
88
277
487
681
835
925
965
933
851
712
528
321
124
2
0
0
0
0
0
0
0
0
0
0
86
272
481
675
828
925
960
937
850
708
524
318
122
2
0
0
0
0
0
0
0
0
0
0
83
267
482
671
823
922
967
949
865
715
529
321
121
2
0
0
0
0
0
0
0
0
0
0
79
252
440
621
773
863
887
869
792
670
493
299
114
2
0
0
0
0
0
0
0
0
0
0
77
250
445
622
761
845
878
858
773
642
473
281
102
1
0
0
0
0
0
0
0
0
0
0
75
241
433
613
756
856
871
862
788
643
482
288
108
1
0
0
0
0
0
0
0
0
0
0
72
244
437
628
768
864
892
873
793
661
487
294
109
1
0
0
0
0
0
0
0
0
0
0
53
171
273
400
486
555
590
571
529
441
309
168
59
0
0
0
0
0
0
0
0
0
0
0
82
264
449
559
691
771
841
761
655
565
386
229
87
1
0
0
0
0
0
0
0
0
0
0
57
196
361
498
607
685
715
697
609
510
372
213
68
0
0
0
0
0
0
0
0
0
0
0
70
244
443
623
772
869
915
893
810
678
497
290
101
0
0
0
0
0
0
0
0
0
0
0
63
234
323
289
303
688
548
73
337
475
454
133
50
1
0
0
0
0
0
0
0
0
0
0
63
225
417
587
727
812
846
821
745
618
448
260
87
0
0
0
0
0
0
0
0
0
0
0
71
256
467
663
815
914
954
931
844
706
516
301
100
0
0
0
0
0
0
0
0
0
0
0
69
255
468
661
817
920
953
926
833
686
494
281
90
0
0
0
0
0
0
0
0
0
0
0
33
244
455
645
801
903
943
916
826
684
492
280
90
0
0
0
0
0
0
0
0
0
0
0
32
245
459
649
797
890
925
897
807
664
478
269
82
0
0
0
0
0
0
0
0
0
0
0
31
244
456
649
797
893
929
904
812
670
480
268
81
0
0
0
0
0
0
0
0
0
0
0
27
221
419
611
760
857
901
859
772
630
451
259
77
0
0
0
0
0
0
0
0
0
0
0
26
216
376
591
682
747
815
773
672
583
366
162
39
0
0
0
0
0
0
0
0
0
0
0
26
192
364
538
637
694
728
713
672
589
392
240
67
0
0
0
0
0
0
0
0
0
0
0
26
223
425
600
751
829
863
840
755
622
444
239
70
0
0
0
0
0
0
0
0
0
0
0
25
214
412
590
738
849
880
862
771
649
466
262
41
0
0
0
0
0
0
0
0
0
0
0
18
158
330
469
644
750
821
750
633
533
435
240
49
0
0
0
0
0
0
0
0
0
0
0
27
237
484
710
873
530
566
550
483
348
250
125
11
0
0
0
0
0
0
0
0
0
0
0
23
220
420
606
741
842
883
849
749
613
433
233
30
0
0
0
0
0
0
0
0
0
0
0
9
117
248
414
529
599
620
620
524
432
282
130
5
0
0
0
0
0
0
0
0
0
0
0
23
239
460
662
819
919
954
922
821
663
465
245
25
0
0
0
0
0
0
0
0
0
0
0
26
20
38
90
373
334
743
968
900
587
359
108
34
0
0
0
0
0
0
0
0
0
0
0
14
184
404
549
648
768
719
697
574
494
400
201
24
0
0
0
0
0
0
0
0
0
0
0
4
81
169
267
323
381
371
365
306
287
197
96
6
0
0
0
0
0
0
0
0
0
0
0
20
154
228
377
496
628
592
657
543
476
352
246
40
0
0
0
0
0
0
0
0
0
0
0
16
192
382
566
726
816
776
763
676
532
344
176
10
0
0
0
0
0
0
0
0
0
0
0
19
229
451
656
816
919
958
927
825
665
459
229
19
0
0
0
0
0
0
0
0
0
0
0
17
213
428
624
765
847
867
827
718
569
384
186
8
0
0
0
0
0
0
0
0
0
0
0
15
201
405
583
703
796
841
803
707
572
382
181
10
0
0
0
0
0
0
0
0
0
0
0
16
211
426
624
773
866
894
855
755
600
403
199
13
0
0
0
0
0
0
0
0
0
0
0
11
171
403
695
879
520
636
646
421
341
228
90
3
0
0
0
0
0
0
0
0
0
0
0
12
187
377
556
701
788
814
785
703
578
391
192
12
0
0
0
0
0
0
0
0
0
0
0
3
99
226
545
543
686
622
577
510
444
312
129
8
0
0
0
0
0
0
0
0
0
0
0
13
214
435
635
791
887
915
875
771
609
402
185
7
0
0
0
0
0
0
0
0
0
0
0
9
163
342
517
635
687
688
635
555
433
285
123
2
0
0
0
0
0
0
0
0
0
0
0
11
185
380
556
702
800
794
775
688
558
369
173
8
0
0
0
0
0
0
0
0
0
0
0
11
191
402
603
723
769
750
715
584
434
295
129
4
0
0
0
0
0
0
0
0
0
0
0
11
192
402
596
745
836
866
827
721
564
370
160
4
0
0
0
0
0
0
0
0
0
0
0
11
208
431
633
786
888
919
878
766
598
390
169
4
0
0
0
0
0
0
0
0
0
0
0
8
147
304
448
559
626
649
601
511
409
262
100
1
0
0
0
0
0
0
0
0
0
0
0
8
176
370
547
681
751
774
755
642
493
316
128
1
0
0
0
0
0
0
0
0
0
0
0
9
192
407
602
760
852
881
841
736
575
372
156
3
0
0
0
0
0
0
0
0
0
0
0
9
195
412
611
766
859
884
842
738
573
366
150
2
0
0
0
0
0
0
0
0
0
0
0
8
186
396
586
734
822
850
819
720
558
355
143
2
0
0
0
0
0
0
0
0
0
0
0
5
143
305
494
642
729
729
689
542
434
256
98
1
0
0
0
0
0
0
0
0
0
0
0
10
102
298
428
599
510
417
451
496
572
376
152
3
0
0
0
0
0
0
0
0
0
0
0
6
133
278
426
557
639
638
591
494
366
233
87
1
0
0
0
0
0
0
0
0
0
0
0
6
160
351
527
663
748
766
725
625
478
291
107
0
0
0
0
0
0
0
0
0
0
0
0
5
146
319
480
607
690
710
670
579
439
266
96
0
0
0
0
0
0
0
0
0
0
0
0
5
148
322
489
613
720
766
708
605
444
274
100
0
0
0
0
0
0
0
0
0
0
0
0
2
71
162
247
301
331
357
335
300
225
121
49
0
0
0
0
0
0
0
0
0
0
0
0
5
153
344
531
678
735
731
686
600
444
278
89
0
0
0
0
0
0
0
0
0
0
0
0
5
158
358
523
655
707
729
702
594
436
263
89
0
0
0
0
0
0
0
0
0
0
0
0
1
54
139
204
252
300
304
310
260
190
124
38
0
0
0
0
0
0
0
0
0
0
0
0
1
89
215
300
373
402
427
424
358
265
153
52
0
0
0
0
0
0
0
0
0
0
0
0
2
112
266
428
541
646
684
692
642
458
263
85
0
0
0
0
0
0
0
0
0
0
0
0
4
158
360
546
683
770
794
750
645
481
284
88
0
0
0
0
0
0
0
0
0
0
0
0
3
128
306
500
639
691
699
654
552
418
258
80
0
0
0
0
0
0
0
0
0
0
0
0
1
75
180
272
367
434
432
395
333
244
136
44
0
0
0
0
0
0
0
0
0
0
0
0
1
32
142
180
232
345
537
482
461
352
224
81
0
0
0
0
0
0
0
0
0
0
0
0
2
139
337
511
648
737
767
706
593
437
246
28
0
0
0
0
0
0
0
0
0
0
0
0
1
98
264
412
544
616
607
568
489
370
222
39
0
0
0
0
0
0
0
0
0
0
0
0
2
124
298
448
593
648
676
655
562
430
255
40
0
0
0
0
0
0
0
0
0
0
0
0
2
136
339
529
671
757
777
727
613
451
248
28
0
0
0
0
0
0
0
0
0
0
0
0
2
137
337
526
670
760
777
731
615
448
246
27
0
0
0
0
0
0
0
0
0
0
0
0
1
81
210
378
490
650
652
548
379
196
254
25
0
0
0
0
0
0
0
0
0
0
0
0
1
92
235
417
540
577
562
526
420
268
119
5
0
0
0
0
0
0
0
0
0
0
0
0
3
96
118
139
539
541
671
538
521
330
201
18
0
0
0
0
0
0
0
0
0
0
0
0
1
127
330
520
666
750
766
722
601
433
232
21
0
0
0
0
0
0
0
0
0
0
0
0
1
109
289
460
588
671
698
666
563
410
219
22
0
0
0
0
0
0
0
0
0
0
0
0
1
114
299
481
618
706
724
680
569
407
213
18
0
0
0
0
0
0
0
0
0
0
0
0
1
108
289
456
553
640
671
612
518
368
189
12
0
0
0
0
0
0
0
0
0
0
0
0
0
9
105
238
461
479
556
426
322
254
142
18
0
0
0
0
0
0
0
0
0
0
0
0
1
107
293
473
615
702
716
671
561
400
207
17
0
0
0
0
0
0
0
0
0
0
0
0
0
100
276
454
589
667
703
658
553
390
203
15
0
0
0
0
0
0
0
0
0
0
0
0
0
92
255
413
534
604
616
579
479
338
170
10
0
0
0
0
0
0
0
0
0
0
0
0
0
49
144
230
289
318
306
280
236
189
85
3
0
0
0
0
0
0
0
0
0
0
0
0
0
34
182
392
225
324
690
536
500
363
209
16
0
0
0
0
0
0
0
0
0
0
0
0
0
95
277
458
593
675
702
652
540
377
185
11
0
0
0
0
0
0
0
0
0
0
0
0
0
93
281
466
612
693
715
666
556
386
186
10
0
0
0
0
0
0
0
0
0
0
0
0
0
85
250
395
528
619
640
587
456
343
157
6
0
0
0
0
0
0
0
0
0
0
0
0
0
85
259
427
566
638
647
609
504
334
159
5
0
0
0
0
0
0
0
0
0
0
0
0
0
88
271
447
585
668
685
638
525
362
175
7
0
0
0
0
0
0
0
0
0
0
0
0
0
78
250
397
509
566
594
544
472
331
153
7
0
0
0
0
0
0
0
0
0
0
0
0
0
78
249
398
539
548
598
553
440
303
151
8
0
0
0
0
0
0
0
0
0
0
0
0
0
77
237
405
516
607
572
557
445
311
160
7
0
0
0
0
0
0
0
0
0
0
0
0
0
45
170
270
300
409
444
551
436
401
141
7
0
0
0
0
0
0
0
0
0
0
0
0
0
58
201
348
473
584
604
542
426
285
122
2
0
0
0
0
0
0
0
0
0
0
0
0
0
50
147
274
266
522
627
509
366
158
129
12
0
0
0
0
0
0
0
0
0
0
0
0
0
30
202
338
458
526
530
488
388
255
109
1
0
0
0
0
0
0
0
0
0
0
0
0
0
29
220
366
502
576
595
526
416
285
133
4
0
0
0
0
0
0
0
0
0
0
0
0
0
32
242
420
560
645
664
610
498
332
147
3
0
0
0
0
0
0
0
0
0
0
0
0
0
27
225
394
535
609
629
580
469
305
134
3
0
0
0
0
0
0
0
0
0
0
0
0
0
26
233
353
344
545
483
401
382
294
127
4
0
0
0
0
0
0
0
0
0
0
0
0
0
13
143
264
351
396
393
360
291
183
70
1
0
0
0
0
0
0
0
0
0
0
0
0
0
24
216
379
517
591
599
553
433
304
131
3
0
0
0
0
0
0
0
0
0
0
0
0
0
21
196
346
460
546
563
524
418
276
121
1
0
0
0
0
0
0
0
0
0
0
0
0
0
15
131
288
442
419
359
360
218
229
151
13
0
0
0
0
0
0
0
0
0
0
0
0
0
22
212
377
515
595
612
562
457
298
126
2
0
0
0
0
0
0
0
0
0
0
0
0
0
25
166
314
391
396
432
444
365
301
146
5
0
0
0
0
0
0
0
0
0
0
0
0
0
8
106
180
225
253
271
264
204
128
55
1
0
0
0
0
0
0
0
0
0
0
0
0
0
16
186
348
475
561
571
539
430
281
117
2
0
0
0
0
0
0
0
0
0
0
0
0
0
9
104
192
248
320
318
287
255
159
62
1
0
0
0
0
0
0
0
0
0
0
0
0
0
36
215
331
424
393
392
357
197
215
115
8
0
0
0
0
0
0
0
0
0
0
0
0
0
10
122
224
285
335
339
285
253
161
68
1
0
0
0
0
0
0
0
0
0
0
0
0
0
10
159
298
397
493
468
457
383
263
106
1
0
0
0
0
0
0
0
0
0
0
0
0
0
11
160
304
415
481
496
459
367
238
97
1
0
0
0
0
0
0
0
0
0
0
0
0
0
7
120
187
285
342
273
181
243
63
11
1
0
0
0
0
0
0
0
0
0
0
0
0
0
5
92
395
564
561
239
46
55
25
53
2
0
0
0
0
0
0
0
0
0
0
0
0
0
9
160
314
432
506
522
484
392
256
104
1
0
0
0
0
0
0
0
0
0
0
0
0
0
7
155
315
444
525
547
511
417
276
109
1
0
0
0
0
0
0
0
0
0
0
0
0
0
8
152
293
417
487
498
456
371
243
98
1
0
0
0
0
0
0
0
0
0
0
0
0
0
6
117
70
40
315
283
325
235
227
104
1
0
0
0
0
0
0
0
0
0
0
0
0
0
9
154
310
452
512
523
486
400
255
101
1
0
0
0
0
0
0
0
0
0
0
0
0
0
2
24
52
61
83
92
451
352
228
87
1
0
0
0
0
0
0
0
0
0
0
0
0
0
7
162
328
458
531
550
515
420
276
110
1
0
0
0
0
0
0
0
0
0
0
0
0
0
4
113
242
352
419
431
400
321
206
85
1
0
0
0
0
0
0
0
0
0
0
0
0
0
6
163
332
471
554
578
537
433
286
116
1
0
0
0
0
0
0
0
0
0
0
0
0
0
6
162
335
478
566
593
556
449
300
123
1
0
0
0
0
0
0
0
0
0
0
0
0
0
5
141
296
434
514
535
500
422
276
114
1
0
0
0
0
0
0
0
0
0
0
0
0
0
4
130
273
397
475
494
456
368
241
96
1
0
0
0
0
0
0
0
0
0
0
0
0
0
3
93
191
289
387
388
349
293
198
75
1
0
0
0
0
0
0
0
0
0
0
0
0
0
1
16
27
51
72
86
439
353
241
101
1
0
0
0
0
0
0
0
0
0
0
0
0
0
3
121
273
401
492
519
472
368
251
103
1
0
0
0
0
0
0
0
0
0
0
0
0
0
4
150
326
471
562
592
552
447
293
119
1
0
0
0
0
0
0
0
0
0
0
0
0
0
2
108
231
338
458
486
478
389
217
85
1
0
0
0
0
0
0
0
0
0
0
0
0
0
1
104
238
396
493
507
471
372
230
95
1
0
0
0
0
0
0
0
0
0
0
0
0
0
1
72
169
249
312
291
270
233
170
67
1
0
0
0
0
0
0
0
0
0
0
0
0
0
1
81
183
257
330
304
309
264
182
76
2
0
0
0
0
0
0
0
0
0
0
0
0
0
2
93
197
264
325
319
319
295
181
77
1
0
0
0
0
0
0
0
0
0
0
0
0
0
2
129
283
419
520
556
513
416
272
115
1
0
0
0
0
0
0
0
0
0
0
0
0
0
4
48
83
167
243
232
223
264
184
30
2
0
0
0
0
0
0
0
0
0
0
0
0
0
2
126
278
402
503
530
512
417
281
121
2
0
0
0
0
0
0
0
0
0
0
0
0
0
2
106
243
354
430
459
440
349
226
99
1
0
0
0
0
0
0
0
0
0
0
0
0
0
2
117
270
394
477
498
467
395
271
110
1
0
0
0
0
0
0
0
0
0
0
0
0
0
2
127
290
438
521
553
515
417
281
121
1
0
0
0
0
0
0
0
0
0
0
0
0
0
1
89
219
347
366
380
376
313
208
92
1
0
0
0
0
0
0
0
0
0
0
0
0
0
2
103
243
360
442
472
427
355
236
105
1
0
0
0
0
0
0
0
0
0
0
0
0
0
1
49
124
182
229
230
226
184
115
50
1
0
0
0
0
0
0
0
0
0
0
0
0
0
1
55
133
206
238
254
223
186
122
49
1
0
0
0
0
0
0
0
0
0
0
0
0
0
1
93
260
376
454
497
472
386
256
118
2
0
0
0
0
0
0
0
0
0
0
0
0
0
2
114
226
340
328
408
423
441
272
122
6
0
0
0
0
0
0