0
0
0
0
0
0
0
1
103
251
382
485
508
490
406
281
120
2
0
0
0
0
0
0
0
0
0
0
0
0
0
2
124
287
428
521
548
514
440
304
135
3
0
0
0
0
0
0
0
0
0
0
0
0
0
2
126
296
442
539
577
545
455
314
143
3
0
0
0
0
0
0
0
0
0
0
0
0
0
2
115
256
369
480
506
495
397
267
126
2
0
0
0
0
0
0
0
0
0
0
0
0
0
1
61
151
228
245
276
254
237
154
65
1
0
0
0
0
0
0
0
0
0
0
0
0
0
1
127
256
329
291
310
319
263
265
133
7
0
0
0
0
0
0
0
0
0
0
0
0
0
1
96
196
283
443
388
385
347
264
166
6
0
0
0
0
0
0
0
0
0
0
0
0
0
2
101
251
384
475
513
486
395
287
132
3
0
0
0
0
0
0
0
0
0
0
0
0
0
1
95
233
384
437
452
451
367
239
106
2
0
0
0
0
0
0
0
0
0
0
0
0
0
1
76
191
285
342
362
347
274
183
100
2
0
0
0
0
0
0
0
0
0
0
0
0
0
2
128
304
456
560
600
575
489
342
163
6
0
0
0
0
0
0
0
0
0
0
0
0
0
2
117
277
412
509
562
540
451
315
148
6
0
0
0
0
0
0
0
0
0
0
0
0
0
2
114
272
407
510
551
532
464
330
164
8
0
0
0
0
0
0
0
0
0
0
0
0
0
2
127
303
382
402
378
428
409
310
124
4
0
0
0
0
0
0
0
0
0
0
0
0
0
2
124
288
434
526
565
549
455
334
170
9
0
0
0
0
0
0
0
0
0
0
0
0
0
2
104
272
422
502
502
472
412
288
150
5
0
0
0
0
0
0
0
0
0
0
0
0
0
2
114
276
408
504
550
550
468
327
162
8
0
0
0
0
0
0
0
0
0
0
0
0
0
2
119
240
396
514
575
479
395
274
117
3
0
0
0
0
0
0
0
0
0
0
0
0
0
2
124
297
446
518
554
521
423
300
150
5
0
0
0
0
0
0
0
0
0
0
0
0
0
1
80
187
243
331
351
361
300
248
128
3
0
0
0
0
0
0
0
0
0
0
0
0
0
2
130
304
453
552
603
577
493
353
183
11
0
0
0
0
0
0
0
0
0
0
0
0
0
3
117
300
376
478
528
400
385
297
144
7
0
0
0
0
0
0
0
0
0
0
0
0
0
2
140
318
468
570
612
586
500
371
199
14
0
0
0
0
0
0
0
0
0
0
0
0
0
3
148
334
493
598
638
617
531
390
210
15
0
0
0
0
0
0
0
0
0
0
0
0
0
3
139
311
455
560
605
581
488
355
189
13
0
0
0
0
0
0
0
0
0
0
0
0
0
3
148
337
498
609
654
633
547
402
217
19
0
0
0
0
0
0
0
0
0
0
0
0
0
16
157
265
382
456
361
337
155
96
72
4
0
0
0
0
0
0
0
0
0
0
0
0
0
1
120
251
389
454
497
509
446
331
176
16
0
0
0
0
0
0
0
0
0
0
0
0
0
4
116
274
409
486
531
513
437
309
178
14
0
0
0
0
0
0
0
0
0
0
0
0
0
6
118
242
363
435
494
523
465
353
86
6
0
0
0
0
0
0
0
0
0
0
0
0
0
1
88
199
328
403
382
386
329
225
122
4
0
0
0
0
0
0
0
0
0
0
0
0
0
4
148
323
484
595
640
618
536
403
225
28
0
0
0
0
0
0
0
0
0
0
0
0
0
2
90
201
298
348
339
314
298
200
98
5
0
0
0
0
0
0
0
0
0
0
0
0
0
5
158
344
499
612
655
640
554
409
226
24
0
0
0
0
0
0
0
0
0
0
0
0
0
14
159
342
329
440
442
531
480
195
127
9
0
0
0
0
0
0
0
0
0
0
0
0
0
19
178
328
582
616
328
233
219
252
168
6
0
0
0
0
0
0
0
0
0
0
0
0
0
9
130
386
562
556
445
204
143
138
93
5
0
0
0
0
0
0
0
0
0
0
0
0
0
7
146
328
487
575
620
586
516
375
217
27
0
0
0
0
0
0
0
0
0
0
0
0
0
6
164
337
486
562
611
607
531
408
222
27
0
0
0
0
0
0
0
0
0
0
0
0
0
5
132
283
413
453
603
602
550
433
282
83
0
0
0
0
0
0
0
0
0
0
0
0
0
2
58
125
181
232
234
248
219
146
91
28
0
0
0
0
0
0
0
0
0
0
0
0
0
10
171
354
465
572
581
546
522
389
238
74
0
0
0
0
0
0
0
0
0
0
0
0
0
6
101
276
419
484
400
405
455
469
279
84
0
0
0
0
0
0
0
0
0
0
0
0
0
11
189
385
552
666
717
700
617
465
281
90
0
0
0
0
0
0
0
0
0
0
0
0
0
17
140
264
323
259
679
673
436
349
235
38
0
0
0
0
0
0
0
0
0
0
0
0
0
22
193
259
597
567
302
574
224
167
22
7
0
0
0
0
0
0
0
0
0
0
0
0
0
3
91
190
320
397
439
422
331
252
140
53
0
0
0
0
0
0
0
0
0
0
0
0
0
13
191
373
529
632
682
669
587
449
277
95
0
0
0
0
0
0
0
0
0
0
0
0
0
12
184
365
489
584
625
642
530
382
253
80
0
0
0
0
0
0
0
0
0
0
0
0
0
4
218
483
624
729
351
444
175
45
28
10
0
0
0
0
0
0
0
0
0
0
0
0
0
19
235
442
614
728
776
755
665
513
319
114
0
0
0
0
0
0
0
0
0
0
0
0
0
18
212
399
557
662
701
686
607
471
290
104
0
0
0
0
0
0
0
0
0
0
0
0
0
4
136
277
361
432
550
557
457
411
227
82
1
0
0
0
0
0
0
0
0
0
0
0
0
22
225
416
574
693
739
715
633
497
305
112
1
0
0
0
0
0
0
0
0
0
0
0
0
22
229
421
584
695
744
725
642
499
306
113
0
0
0
0
0
0
0
0
0
0
0
0
0
25
238
438
605
719
766
738
654
506
321
122
1
0
0
0
0
0
0
0
0
0
0
0
0
22
206
377
502
587
622
622
545
419
267
99
1
0
0
0
0
0
0
0
0
0
0
0
0
5
79
216
327
375
595
563
429
425
308
137
3
0
0
0
0
0
0
0
0
0
0
0
0
25
205
372
517
613
655
629
542
420
260
97
1
0
0
0
0
0
0
0
0
0
0
0
0
33
256
460
626
735
786
770
683
534
336
132
2
0
0
0
0
0
0
0
0
0
0
0
0
34
260
461
625
731
775
749
664
517
323
125
1
0
0
0
0
0
0
0
0
0
0
0
0
67
243
405
556
661
707
671
575
450
276
117
1
0
0
0
0
0
0
0
0
0
0
0
0
53
144
222
322
337
512
239
62
44
104
12
1
0
0
0
0
0
0
0
0
0
0
0
0
73
253
429
587
686
718
718
626
494
295
121
1
0
0
0
0
0
0
0
0
0
0
0
0
85
278
478
644
753
798
775
683
536
344
143
2
0
0
0
0
0
0
0
0
0
0
0
0
82
259
438
583
679
731
723
654
499
323
140
2
0
0
0
0
0
0
0
0
0
0
0
0
99
309
518
685
796
837
808
716
566
368
155
2
0
0
0
0
0
0
0
0
0
0
0
0
100
304
510
676
784
830
805
709
558
365
154
2
0
0
0
0
0
0
0
0
0
0
0
0
103
308
514
677
787
833
809
719
569
373
162
3
0
0
0
0
0
0
0
0
0
0
0
0
85
237
418
587
685
711
667
591
475
340
156
5
0
0
0
0
0
0
0
0
0
0
0
0
105
304
498
656
767
815
798
721
544
360
162
4
0
0
0
0
0
0
0
0
0
0
0
0
107
298
487
638
731
765
746
663
534
358
159
4
0
0
0
0
0
0
0
0
0
0
0
1
116
320
523
695
802
846
826
734
579
383
169
5
0
0
0
0
0
0
0
0
0
0
0
1
119
328
531
696
803
848
823
729
578
379
169
5
0
0
0
0
0
0
0
0
0
0
0
1
63
167
374
472
426
497
546
535
467
335
195
11
0
0
0
0
0
0
0
0
0
0
0
1
100
264
447
551
635
663
629
553
425
277
123
2
0
0
0
0
0
0
0
0
0
0
0
2
93
241
377
563
622
671
723
653
483
353
145
6
0
0
0
0
0
0
0
0
0
0
0
1
18
69
207
350
509
495
418
482
508
325
192
22
0
0
0
0
0
0
0
0
0
0
0
2
136
335
536
687
780
820
794
702
560
377
171
6
0
0
0
0
0
0
0
0
0
0
0
2
143
347
544
701
806
845
819
737
595
403
189
8
0
0
0
0
0
0
0
0
0
0
0
3
143
344
535
691
795
836
816
723
579
392
184
8
0
0
0
0
0
0
0
0
0
0
0
1
46
231
637
846
699
528
443
366
170
78
16
2
0
0
0
0
0
0
0
0
0
0
0
4
156
366
568
725
827
866
844
756
603
406
189
9
0
0
0
0
0
0
0
0
0
0
0
4
169
389
593
754
861
898
866
768
610
412
194
8
0
0
0
0
0
0
0
0
0
0
0
5
164
377
578
735
845
889
864
771
620
425
206
12
0
0
0
0
0
0
0
0
0
0
0
2
121
310
333
282
585
565
440
407
50
147
97
5
0
0
0
0
0
0
0
0
0
0
0
4
136
294
472
588
672
662
656
576
441
289
135
3
0
0
0
0
0
0
0
0
0
0
0
8
146
355
496
641
688
753
718
628
441
293
137
3
0
0
0
0
0
0
0
0
0
0
0
2
115
288
429
505
582
535
501
468
346
228
125
5
0
0
0
0
0
0
0
0
0
0
0
8
185
396
587
739
840
867
838
749
599
411
202
13
0
0
0
0
0
0
0
0
0
0
0
10
196
414
619
785
888
932
898
807
650
449
225
17
0
0
0
0
0
0
0
0
0
0
0
11
205
425
629
789
890
923
889
789
635
437
216
14
0
0
0
0
0
0
0
0
0
0
0
13
221
450
660
824
924
957
920
819
658
452
225
14
0
0
0
0
0
0
0
0
0
0
0
14
224
448
649
809
909
946
912
814
657
457
234
17
0
0
0
0
0
0
0
0
0
0
0
15
220
439
639
796
893
926
900
804
646
450
231
18
0
0
0
0
0
0
0
0
0
0
0
13
200
401
592
728
815
853
831
749
599
417
210
16
0
0
0
0
0
0
0
0
0
0
0
15
204
413
591
739
830
863
830
742
593
418
214
19
0
0
0
0
0
0
0
0
0
0
0
18
213
421
614
762
851
892
861
776
632
441
230
23
0
0
0
0
0
0
0
0
0
0
0
20
229
447
647
804
907
944
915
820
669
470
248
26
0
0
0
0
0
0
0
0
0
0
0
22
228
438
627
774
867
897
866
771
625
427
220
19
0
0
0
0
0
0
0
0
0
0
0
23
232
445
646
796
887
924
895
802
649
450
234
23
0
0
0
0
0
0
0
0
0
0
0
26
249
470
671
826
927
959
930
833
679
479
255
27
0
0
0
0
0
0
0
0
0
0
0
26
239
442
630
769
864
889
844
763
621
435
228
20
0
0
0
0
0
0
0
0
0
0
0
27
230
437
607
753
848
868
842
744
611
429
225
23
0
0
0
0
0
0
0
0
0
0
0
37
241
400
654
646
431
503
670
571
603
431
231
28
0
0
0
0
0
0
0
0
0
0
0
31
203
422
564
762
782
787
772
625
460
328
158
5
0
0
0
0
0
0
0
0
0
0
0
66
240
441
621
769
824
850
838
750
600
431
227
27
0
0
0
0
0
0
0
0
0
0
0
72
260
469
659
805
892
923
889
800
649
458
247
30
0
0
0
0
0
0
0
0
0
0
0
69
241
409
574
630
731
763
773
620
535
363
199
19
0
0
0
0
0
0
0
0
0
0
0
40
162
294
539
341
361
518
719
618
566
239
136
6
0
0
0
0
0
0
0
0
0
0
0
67
203
374
492
567
659
812
778
729
614
454
259
47
0
0
0
0
0
0
0
0
0
0
0
7
22
40
434
233
296
77
547
732
743
481
191
46
0
0
0
0
0
0
0
0
0
0
0
82
264
476
657
798
875
899
855
770
631
443
240
65
0
0
0
0
0
0
0
0
0
0
0
88
279
489
682
823
920
949
916
823
671
477
264
75
0
0
0
0
0
0
0
0
0
0
0
94
289
503
689
836
920
951
916
815
667
480
265
75
0
0
0
0
0
0
0
0
0
0
0
89
278
470
638
759
825
886
853
767
637
453
259
76
0
0
0
0
0
0
0
0
0
0
1
108
326
338
573
420
685
857
891
691
310
145
90
7
0
0
0
0
0
0
0
0
0
0
0
18
147
411
211
389
512
519
309
301
258
40
42
7
0
0
0
0
0
0
0
0
0
0
0
58
180
202
343
534
534
419
495
353
386
354
209
78
1
0
0
0
0
0
0
0
0
0
1
105
302
512
696
835
926
949
907
807
659
470
263
79
0
0
0
0
0
0
0
0
0
0
1
105
296
505
684
817
897
925
872
779
648
465
257
78
0
0
0
0
0
0
0
0
0
0
1
109
305
515
702
843
931
958
914
808
656
466
258
79
0
0
0
0
0
0
0
0
0
0
1
91
263
470
664
744
781
807
817
694
579
400
224
69
0
0
0
0
0
0
0
0
0
0
1
96
259
441
636
759
808
821
792
701
578
419
220
61
0
0
0
0
0
0
0
0
0
0
1
124
340
524
763
560
321
625
87
234
480
187
137
30
1
0
0
0
0
0
0
0
0
0
1
104
287
462
680
776
826
848
685
646
529
372
239
72
0
0
0
0
0
0
0
0
0
0
1
107
287
479
633
774
843
870
814
749
632
436
256
86
0
0
0
0
0
0
0
0
0
0
2
114
297
494
668
810
901
929
874
781
648
470
268
89
0
0
0
0
0
0
0
0
0
0
2
123
316
515
693
820
904
929
897
807
664
479
276
93
0
0
0
0
0
0
0
0
0
0
2
130
331
540
727
869
959
985
948
849
699
504
293
100
0
0
0
0
0
0
0
0
0
0
2
128
326
537
722
866
965
989
951
849
694
509
296
104
1
0
0
0
0
0
0
0
0
0
3
133
333
546
730
869
962
987
950
859
713
523
310
110
1
0
0
0
0
0
0
0
0
0
3
135
335
546
725
868
951
974
943
848
699
510
297
103
1
0
0
0
0
0
0
0
0
0
3
138
336
540
721
852
932
957
921
825
685
491
288
102
0
0
0
0
0
0
0
0
0
0
3
114
273
435
591
693
753
778
746
673
546
396
232
80
0
0
0
0
0
0
0
0
0
0
4
132
322
523
700
836
918
944
900
808
659
480
276
98
0
0
0
0
0
0
0
0
0
0
4
143
345
555
744
887
978
1003
961
867
713
521
307
111
1
0
0
0
0
0
0
0
0
0
4
147
352
560
744
878
963
984
942
846
701
512
304
111
1
0
0
0
0
0
0
0
0
0
4
148
345
549
726
866
948
972
928
837
691
508
307
113
1
0
0
0
0
0
0
0
0
0
3
122
305
498
652
780
848
870
841
769
624
472
280
107
2
0
0
0
0
0
0
0
0
0
11
103
100
458
521
345
243
634
549
570
807
507
70
10
1
0
0
0
0
0
0
0
0
0
1
56
144
231
297
363
415
390
391
361
335
230
149
61
1
0
0
0
0
0
0
0
0
0
5
154
356
566
746
889
971
989
954
857
713
525
314
118
1
0
0
0
0
0
0
0
0
0
6
142
323
504
673
785
862
874
864
795
668
492
301
117
2
0
0
0
0
0
0
0
0
0
6
159
362
566
749
882
963
988
952
854
712
530
324
128
2
0
0
0
0
0
0
0
0
0
6
150
338
523
684
812
913
935
902
805
673
497
301
119
1
0
0
0
0
0
0
0
0
0
6
156
348
545
717
851
935
970
932
838
704
533
327
131
3
0
0
0
0
0
0
0
0
0
6
151
343
545
722
850
924
937
909
818
679
498
299
118
2
0
0
0
0
0
0
0
0
0
6
138
316
485
630
748
829
852
807
719
581
435
260
101
1
0
0
0
0
0
0
0
0
0
9
107
254
345
518
715
658
573
453
393
367
298
216
141
9
0
0
0
0
0
0
0
0
0
7
160
363
567
743
885
969
993
955
860
715
531
326
132
3
0
0
0
0
0
0
0
0
0
7
154
345
552
732
858
932
955
910
825
684
499
304
122
2
0
0
0
0
0
0
0
0
0
2
57
163
232
272
352
442
383
366
450
405
254
165
91
3
0
0
0
0
0
0
0
0
0
8
166
369
575
760
899
980
998
954
861
715
533
325
132
3
0
0
0
0
0
0
0
0
0
8
158
349
539
717
842
925
954
932
840
702
529
332
137
4
0
0
0
0
0
0
0
0
0
8
158
355
554
728
861
950
958
916
824
696
520
320
132
3
0
0
0
0
0
0
0
0
0
7
148
334
521
689
820
889
910
890
822
671
516
315
131
4
0
0
0
0
0
0
0
0
0
8
147
332
521
699
821
896
919
903
832
693
526
328
142
6
0
0
0
0
0
0
0
0
0
8
161
358
560
742
869
957
981
941
853
715
540
342
148
5
0
0
0
0
0
0
0
0
0
8
141
319
518
669
772
850
866
837
746
627
441
259
105
1
0
0
0
0
0
0
0
0
0
9
174
387
600
790
929
1011
1034
998
904
748
557
346
144
3
0
0
0
0
0
0
0
0
0
8
150
338
532
700
837
923
943
926
835
699
514
321
140
5
0
0
0
0
0
0
0
0
0
9
143
291
450
614
700
816
837
847
774
668
519
335
137
8
0
0
0
0
0
0
0
0
0
9
168
371
581
763
905
993
1021
987
902
757
569
358
157
6
0
0
0
0
0
0
0
0
0
9
169
374
578
758
895
979
1005
967
866
722
544
340
145
4
0
0
0
0
0
0
0
0
0
8
156
349
542
716
855
944
965
946
855
705
530
339
149
7
0
0
0
0
0
0
0
0
0
8
167
370
577
754
888
970
994
955
860
714
535
333
142
3
0
0
0
0
0
0
0
0
0
9
168
373
582
763
904
994
1022
993
901
758
570
358
156
6
0
0
0
0
0
0
0
0
0
7
146
332
517
681
808
892
929
913
832
694
531
334
149
7
0
0
0
0
0
0
0
0
0
7
150
335
526
698
824
891
909
900
820
694
521
332
146
6
0
0
0
0
0
0
0
0
0
8
154
351
553
731
864
940
975
956
866
723
547
345
151
7
0
0
0
0
0
0
0
0
0
7
144
326
515
676
800
910
922
881
799
699
534
339
155
9
0
0
0
0
0
0
0
0
0
6
142
324
510
681
823
898
912
895
795
659
490
298
123
2
0
0
0
0
0
0
0
0
0
6
141
320
513
683
823
927
961
946
878
735
555
352
156
9
0
0
0
0
0
0
0
0
0
4
121
284
429
575
747
866
897
841
730
634
482
311
133
6
0
0
0
0
0
0
0
0
0
5
117
271
408
550
666
722
743
735
657
541
401
245
104
2
0
0
0
0
0
0
0
0
0
6
135
320
498
642
753
835
867
895
825
690
515
323
146
7
0
0
0
0
0
0
0
0
0
6
127
294
468
624
736
743
795
758
698
592
449
288
116
2
0
0
0
0
0
0
0
0
0
5
129
297
470
629
762
864
891
856
794
683
509
344
154
8
0
0
0
0
0
0
0
0
0
6
134
309
486
654
769
865
897
882
827
685
518
316
140
6
0
0
0
0
0
0
0
0
0
7
142
337
581
697
788
867
818
696
635
540
419
280
129
9
0
0
0
0
0
0
0
0
0
6
113
286
473
646
760
818
842
772
738
667
488
328
153
8
0
0
0
0
0
0
0
0
0
6
140
325
521
698
833
916
931
890
810
676
509
323
140
5
0
0
0
0
0
0
0
0
0
5
133
319
508
662
809
865
895
880
816
678
513
325
145
6
0
0
0
0
0
0
0
0
0
5
135
314
511
689
829
908
943
919
845
717
547
348
157
9
0
0
0
0
0
0
0
0
0
5
134
313
502
678
817
906
936
921
843
714
547
348
159
10
0
0
0
0
0
0
0
0
0
5
147
345
542
716
857
929
954
923
832
692
516
325
141
4
0
0
0
0
0
0
0
0
0
5
133
316
502
667
791
878
922
903
830
708
543
353
163
11
0
0
0
0
0
0
0
0
0
5
152
357
568
754
896
988
1017
987
895
753
568
361
159
6
0
0
0
0
0
0
0
0
0
4
137
328
530
709
851
939
972
950
869
727
548
345
152
7
0
0
0
0
0
0
0
0
0
4
128
318
512
693
819
882
898
849
768
636
473
297
127
2
0
0
0
0
0
0
0
0
0
4
128
312
512
688
815
906
934
923
823
676
507
322
140
5
0
0
0
0
0
0
0
0
0
4
127
310
505
676
812
893
922
903
826
693
517
327
142
6
0
0
0
0
0
0
0
0
0
3
124
303
494
663
804
896
941
916
835
712
554
351
156
8
0
0
0
0
0
0
0
0
0
3
110
256
440
601
755
825
890
840
769
669
508
325
141
7
0
0
0
0
0
0
0
0
0
3
117
296
454
626
754
847
878
869
780
655
495
297
126
5
0
0
0
0
0
0
0
0
0
3
117
300
494
663
786
888
921
888
808
686
521
329
145
7
0
0
0
0
0
0
0
0
0
2
116
301
504
687
828
923
942
925
852
719
541
340
148
7
0
0
0
0
0
0
0
0
0
2
107
277
455
622
746
837
887
876
808
685
522
331
141
6
0
0
0
0
0
0
0
0
0
2
112
287
495
664
801
879
903
893
827
681
513
314
131
4
0
0
0
0
0
0
0
0
0
2
112
289
488
660
793
874
907
899
827
693
532
328
144
6
0
0
0
0
0
0
0
0
0
2
110
290
483
651
775
860
900
870
795
690
522
334
145
7
0
0
0
0
0
0
0
0
0
2
120
310
510
694
838
929
961
931
851
725
550
345
147
5
0
0
0
0
0
0
0
0
0
2
110
284
472
651
783
870
904
865
790
671
502
317
136
4
0
0
0
0
0
0
0
0
0
2
114
299
506
684
827
918
954
930
842
706
530
328
136
4
0
0
0
0
0
0
0
0
0
1
104
284
477
656
802
899
945
914
830
697
528
332
137
4
0
0
0
0
0
0
0
0
0
1
104
280
479
659
786
859
893
885
812
672
486
298
121
3
0
0
0
0
0
0
0
0
0
1
96
263
449
607
776
856
898
859
795
675
506
301
127
4
0
0
0
0
0
0
0
0
0
1
99
269
455
637
780
864
894
865
804
655
484
292
113
2
0
0
0
0
0
0
0
0
0
1
100
279
479
648
789
887
926
901
825
693
515
316
128
3
0
0
0
0
0
0
0
0
0
1
99
275
467
638
777
870
910
878
806
661
486
286
114
2
0
0
0
0
0
0
0
0
0
1
98
278
480
665
807
906
949
922
838
710
528
322
127
3
0
0
0
0
0
0
0
0
0
1
91
258
445
619
751
828
854
830
745
609
454
271
106
1
0
0
0
0
0
0
0
0
0
1
109
314
510
678
803
441
476
449
439
407
252
148
55
1
0
0
0
0
0
0
0
0
0
1
96
274
460
651
789
874
902
884
812
674
491
291
108
1
0
0
0
0
0
0
0
0
0
1
93
272
478
661
793
899
925
902
824
678
505
299
113
1
0
0
0
0
0
0
0
0
0
0
93
274
480
665
801
895
920
884
798
661
483
286
105
1
0
0
0
0
0
0
0
0
0
0
90
276
478
665
797
881
910
892
813
683
500
300
114
1
0
0
0
0
0
0
0
0
0
0
88
281
498
668
823
887
908
821
752
608
477
296
112
1
0
0
0
0
0
0
0
0
0
0
91
277
485
682
832
927
964
938
851
712
524
314
116
1
0
0
0
0
0
0
0
0
0
0
91
275
482
674
824
926
972
946
857
708
522
310
112
1
0
0
0
0
0
0
0
0
0
0
86
268
473
663
813
907
944
919
831
689
511
305
110
1
0
0
0
0
0
0
0
0
0
0
84
264
468
656
804
898
935
907
818
676
492
288
101
1
0
0
0
0
0
0
0
0
0
0
80
255
460
644
785
870
910
898
811
674
499
296
103
1
0
0
0
0
0
0
0
0
0
0
78
252
445
633
782
883
927
903
822
697
518
300
103
1
0
0
0
0
0
0
0
0
0
0
78
253
454
635
781
875
912
894
816
679
498
290
99
1
0
0
0
0
0
0
0
0
0
0
66
197
340
512
624
740
866
752
652
536
434
280
97
0
0
0
0
0
0
0
0
0
0
0
78
256
468
658
814
912
942
917
834
688
496
286
95
0
0
0
0
0
0
0
0
0
0
0
79
265
473
667
820
914
938
900
803
650
463
261
80
0
0
0
0
0
0
0
0
0
0
0
81
271
485
682
832
923
955
924
831
684
488
277
87
0
0
0
0
0
0
0
0
0
0
0
72
250
444
617
734
825
844
835
747
616
437
247
77
0
0
0
0
0
0
0
0
0
0
0
68
240
444
615
748
841
872
842
763
629
451
256
80
0
0
0
0
0
0
0
0
0
0
0
72
254
463
654
806
897
921
889
800
653
463
257
75
0
0
0
0
0
0
0
0
0
0
0
61
230
418
583
701
827
884
864
767
595
429
234
69
0
0
0
0
0
0
0
0
0
0
0
68
249
461
652
797
892
924
897
811
660
465
251
72
0
0
0
0
0
0
0
0
0
0
0
61
232
418
584
728
800
833
820
749
598
435
237
67
0
0
0
0
0
0
0
0
0
0
0
59
220
416
596
748
842
876
860
775
630
448
239
36
0
0
0
0
0
0
0
0
0
0
0
32
250
461
652
801
898
934
898
803
655
465
249
32
0
0
0
0
0
0
0
0
0
0
0
30
225
427
599
725
831
858
826
752
603
430
235
34
0
0
0
0
0
0
0
0
0
0
0
27
185
314
462
668
784
765
743
562
444
310
146
5
0
0
0
0
0
0
0
0
0
0
0
25
195
409
591
698
717
797
783
692
553
343
174
18
0
0
0
0
0
0
0
0
0
0
0
26
228
426
613
756
837
870
830
744
598
414
212
22
0
0
0
0
0
0
0
0
0
0
0
26
231
439
629
783
879
906
876
782
632
436
228
23
0
0
0
0
0
0
0
0
0
0
0
26
204
413
630
768
672
825
578
429
406
299
137
4
0
0
0
0
0
0
0
0
0
0
0
24
225
426
597
746
843
879
833
742
599
407
211
19
0
0
0
0
0
0
0
0
0
0
0
24
218
419
610
761
856
884
863
764
615
428
218
21
0
0
0
0
0
0
0
0
0
0
0
24
217
426
607
752
834
877
849
746
599
408
204
18
0
0
0
0
0
0
0
0
0
0
0
18
196
389
564
699
794
836
806
742
594
409
198
16
0
0
0
0
0
0
0
0
0
0
0
16
181
384
519
661
756
809
742
701
534
355
181
12
0
0
0
0
0
0
0
0
0
0
0
21
207
396
561
708
790
826
776
686
551
365
173
9
0
0
0
0
0
0
0
0
0
0
0
19
212
420
601
754
841
871
830
737
577
393
184
11
0
0
0
0
0
0
0
0
0
0
0
11
146
251
396
514
563
606
568
499
380
250
117
3
0
0
0
0
0
0
0
0
0
0
0
18
211
415
598
748
830
863
821
739
592
397
185
11
0
0
0
0
0
0
0
0
0
0
0
18
218
419
610
748
833
859
834
733
580
390
181
8
0
0
0
0
0
0
0
0
0
0
0
4
114
80
219
170
254
662
974
833
418
185
49
18
0
0
0
0
0
0
0
0
0
0
0
4
134
275
426
630
683
741
664
557
465
338
172
11
0
0
0
0
0
0
0
0
0
0
0
16
200
396
580
709
808
827
793
708
550
357
161
4
0
0
0
0
0
0
0
0
0
0
0
15
209
419
615
761
854
881
843
743
584
391
177
7
0
0
0
0
0
0
0
0
0
0
0
15
202
402
587
712
812
822
772
670
519
335
143
3
0
0
0
0
0
0
0
0
0
0
0
10
142
314
453
549
589
616
562
480
351
214
97
1
0
0
0
0
0
0
0
0
0
0
0
9
144
307
459
543
633
591
537
510
359
245
103
1
0
0
0
0
0
0
0
0
0
0
0
13
208
422
608
759
843
860
818
715
558
356
146
2
0
0
0
0
0
0
0
0
0
0
0
11
175
348
521
650
761
812
735
644
503
322
133
2
0
0
0
0
0
0
0
0
0
0
0
11
191
393
583
720
803
814
785
684
528
330
136
2
0
0
0
0
0
0
0
0
0
0
0
12
206
423
622
772
864
885
835
717
551
343
134
1
0
0
0
0
0
0
0
0
0
0
0
11
204
423
623
774
866
886
837
729
561
351
138
2
0
0
0
0
0
0
0
0
0
0
0
9
170
355
517
649
723
743
705
611
466
287
108
1
0
0
0
0
0
0
0
0
0
0
0
5
141
320
492
614
672
692
706
624
521
322
121
2
0
0
0
0
0
0
0
0
0
0
0
8
164
346
511
636
709
721
680
590
451
278
102
0
0
0
0
0
0
0
0
0
0
0
0
8
183
390
585
729
812
834
785
674
509
308
110
0
0
0
0
0
0
0
0
0
0
0
0
8
173
372
554
690
773
791
746
640
482
291
102
0
0
0
0
0
0
0
0
0
0
0
0
8
175
377
563
699
778
800
755
650
488
297
102
0
0
0
0
0
0
0
0
0
0
0
0
7
167
364
545
679
765
780
740
636
483
293
100
0
0
0
0
0
0
0
0
0
0
0
0
19
170
292
424
501
618
827
516
165
190
232
109
0
0
0
0
0
0
0
0
0
0
0
0
2
99
173
288
402
411
526
776
581
486
328
107
1
0
0
0
0
0
0
0
0
0
0
0
6
145
335
460
528
634
685
627
554
383
247
86
0
0
0
0
0
0
0
0
0
0
0
0
5
162
361
544
689
783
789
739
637
475
273
84
0
0
0
0
0
0
0
0
0
0
0
0
4
153
335
513
591
715
658
602
498
377
191
54
0
0
0
0
0
0
0
0
0
0
0
0
18
182
187
437
117
103
161
464
630
523
224
23
0
0
0
0
0
0
0
0
0
0
0
0
2
74
185
275
367
406
356
401
324
245
147
43
0
0
0
0
0
0
0
0
0
0
0
0
4
166
372
558
700
785
799
753
633
463
262
35
0
0
0
0
0
0
0
0
0
0
0
0
4
163
370
555
693
779
792
740
625
455
255
32
0
0
0
0
0
0
0
0
0
0
0
0
3
144
340
519
657
732
755
712
601
439
250
35
0
0
0
0
0
0
0
0
0
0
0
0
3
152
355
541
676
759
776
721
603
444
244
27
0
0
0
0
0
0
0
0
0
0
0
0
3
132
321
482
603
683
705
680
571
426
235
31
0
0
0
0
0
0
0
0
0
0
0
0
3
143
341
531
675
751
766
706
593
431
232
25
0
0
0
0
0
0
0
0
0
0
0
0
3
145
349
540
687
771
787
738
624
452
247
27
0
0
0
0
0
0
0
0
0
0
0
0
2
140
338
524
664
756
780
717
601
429
229
22
0
0
0
0
0
0
0
0
0
0
0
0
2
128
320
501
630
710
710
675
554
399
217
23
0
0
0
0
0
0
0
0
0
0
0
0
2
130
321
497
638
725
737
686
561
402
206
16
0
0
0
0
0
0
0
0
0
0
0
0
2
124
314
490
610
681
694
651
544
385
200
15
0
0
0
0
0
0
0
0
0
0
0
0
2
132
331
521
664
746
764
712
593
421
218
17
0
0
0
0
0
0
0
0
0
0
0
0
1
102
291
478
605
698
694
616
512
361
183
13
0
0
0
0
0
0
0
0
0
0
0
0
1
121
308
484
623
694
702
657
550
386
196
12
0
0
0
0
0
0
0
0
0
0
0
0
1
83
246
373
463
560
561
570
461
313
178
11
0
0
0
0
0
0
0
0
0
0
0
0
0
97
277
446
571
649
692
615
490
304
144
8
0
0
0
0
0
0
0
0
0
0
0
0
0
54
165
293
387
363
369
324
261
195
94
3
0
0
0
0
0
0
0
0
0
0
0
0
0
99
266
434
553
628
640
595
497
339
165
8
0
0
0
0
0
0
0
0
0
0
0
0
0
85
225
359
463
540
533
497
395
273
131
7
0
0
0
0
0
0
0
0
0
0
0
0
0
73
201
334
448
519
501
464
398
275
130
6
0
0
0
0
0
0
0
0
0
0
0
0
2
110
242
224
229
506
450
546
506
405
192
15
0
0
0
0
0
0
0
0
0
0
0
0
0
89
252
413
527
602
618
582
472
316
149
5
0
0
0
0
0
0
0
0
0
0
0
0
0
83
241
392
511
583
593
544
443
302
141
5
0
0
0
0
0
0
0
0
0
0
0
0
0
67
201
317
403
439
466
423
312
201
99
2
0
0
0
0
0
0
0
0
0
0
0
0
0
84
253
419
540
620
637
595
483
325
149
4
0
0
0
0
0
0
0
0
0
0
0
0
1
71
313
515
659
757
195
75
127
29
13
2
0
0
0
0
0
0
0
0
0
0
0
0
0
89
269
442
583
659
670
619
504
345
154
4
0
0
0
0
0
0
0
0
0
0
0
0
0
74
223
390
501
573
565
512
400
260
110
1
0
0
0
0
0
0
0
0
0
0
0
0
0
88
270
454
592
673
688
638
524
354
159
4
0
0
0
0
0
0
0
0
0
0
0
0
0
84
269
451
582
661
665
611
493
333
146
3
0
0
0
0
0
0
0
0
0
0
0
0
0
75
244
414
548
633
646
600
491
326
144
4
0
0
0
0
0
0
0
0
0
0
0
0
0
73
234
393
516
587
593
566
422
278
117
1
0
0
0
0
0
0
0
0
0
0
0
0
0
64
204
313
459
523
527
511
382
270
117
1
0
0
0
0
0
0
0
0
0
0
0
0
0
25
96
307
310
238
364
130
249
291
156
14
0
0
0
0
0
0
0
0
0
0
0
0
0
64
227
391
522
594
607
554
453
306
127
2
0
0
0
0
0
0
0
0
0
0
0
0
0
35
249
431
578
664
679
625
501
331
140
2
0
0
0
0
0
0
0
0
0
0
0
0
0
29
221
392
518
589
589
542
431
289
120
1
0
0
0
0
0
0
0
0
0
0
0
0
0
30
225
391
518
597
600
547
448
302
129
2
0
0
0
0
0
0
0
0
0
0
0
0
0
20
168
301
379
432
458
440
334
213
89
1
0
0
0
0
0
0
0
0
0
0
0
0
0
21
180
318
428
486
492
456
359
223
89
1
0
0
0
0
0
0
0
0
0
0
0
0
0
22
164
280
350
387
425
585
468
312
124
2
0
0
0
0
0
0
0
0
0
0
0
0
0
22
206
368
506
595
618
571
462
308
126
2
0
0
0
0
0
0
0
0
0
0
0
0
0
12
245
441
468
404
415
266
39
25
10
1
0
0
0
0
0
0
0
0
0
0
0
0
0
20
200
364
502
573
574
520
428
277
108
1
0
0
0
0
0
0
0
0
0
0
0
0
0
16
174
315
432
498
505
472
377
238
90
1
0
0
0
0
0
0
0
0
0
0
0
0
0
17
191
347
475
547
560
506
400
256
97
1
0
0
0
0
0
0
0
0
0
0
0
0
0
17
198
370
498
577
596
547
433
282
109
1
0
0
0
0
0
0
0
0
0
0
0
0
0
14
173
318
430
508
511
474
384
247
96
1
0
0
0
0
0
0
0
0
0
0
0
0
0
15
193
354
483
564
590
548
450
298
121
1
0
0
0
0
0
0
0
0
0
0
0
0
0
14
172
206
189
182
248
254
505
320
130
2
0
0
0
0
0
0
0
0
0
0
0
0
0
3
100
194
310
349
394
333
263
182
69
0
0
0
0
0
0
0
0
0
0
0
0
0
0
12
173
337
470
526
546
524
416
272
106
1
0
0
0
0
0
0
0
0
0
0
0
0
0
11
168
329
449
522
555
514
422
268
107
1
0
0
0
0
0
0
0
0
0
0
0
0
0
10
166
325
448
520
532
491
393
252
97
0
0
0
0
0
0
0
0
0
0
0
0
0
0
7
134
263
342
408
425
388
319
206
75
0
0
0
0
0
0
0
0
0
0
0
0
0
0
10
183
362
503
589
616
567
459
298
115
1
0
0
0
0
0
0
0
0
0
0
0
0
0
10
177
351
490
578
602
556
448
290
113
1
0
0
0
0
0
0
0
0
0
0
0
0
0
2
90
126
328
452
409
331
172
192
110
1
0
0
0
0
0
0
0
0
0
0
0
0
0
10
146
222
426
356
304
456
397
181
87
1
0
0
0
0
0
0
0
0
0
0
0
0
0
6
145
294
412
481
498
457
366
234
90
0
0
0
0
0
0
0
0
0
0
0
0
0
0
7
136
292
412
490
472
413
342
236
102
1
0
0
0
0
0
0
0
0
0
0
0
0
0
6
156
319
453
537
551
511
406
264
102
0
0
0
0
0
0
0
0
0
0
0
0
0
0
7
161
337
476
564
587
542
430
278
108
1
0
0
0
0
0
0
0
0
0
0
0
0
0
5
141
295
416
492
509
467
385
244
96
0
0
0
0
0
0
0
0
0
0
0
0
0
0
5
124
251
379
440
452
428
351
225
86
0
0
0
0
0
0
0
0
0
0
0
0
0
0
4
130
277
398
469
488
458
371
236
89
0
0
0
0
0
0
0
0
0
0
0
0
0
0
5
143
305
439
521
542
502
406
260
99
0
0
0
0
0
0
0
0
0
0
0
0
0
0
4
140
292
423
499
527
496
401
261
102
1
0
0
0
0
0
0
0
0
0
0
0
0
0
5
110
220
350
441
479
419
396
266
113
2
0
0
0
0
0
0
0
0
0
0
0
0
0
4
145
318
459
550
574
529
425
273
107
1
0
0
0
0
0
0
0
0
0
0
0
0
0
4
142
306
447
539
560
527
428
279
109
1
0
0
0
0
0
0
0
0
0
0
0
0
0
3
115
255
377
451
476
442
357
229
90
0
0
0
0
0
0
0
0
0
0
0
0
0
0
3
112
264
383
488
511
470
379
253
107
1
0
0
0
0
0
0
0
0
0
0
0
0
0
1
35
77
115
174
241
181
124
79
50
1
0
0
0
0
0
0
0
0
0
0
0
0
0
3
128
283
415
496
521
478
386
252
102
1
0
0
0
0
0
0
0
0
0
0
0
0
0
1
82
208
247
248
283
201
250
271
120
7
0
0
0
0
0
0
0
0
0
0
0
0
0
1
86
195
287
316
353
322
272
174
59
1
0
0
0
0
0
0
0
0
0
0
0
0
0
2
115
263
391
466
491
461
375
247
99
1
0
0
0
0
0
0
0
0
0
0
0
0
0
1
112
262
377
462
485
446
380
254
102
1
0
0
0
0
0
0
0
0
0
0
0
0
0
3
115
252
368
452
488
450
362
245
97
1
0
0
0
0
0
0
0
0
0
0
0
0
0
2
128
294
438
526
563
526
430
287
123
2
0
0
0
0
0
0
0
0
0
0
0
0
0
2
116
267
398
503
534
515
419
280
126
2
0
0
0
0
0
0
0
0
0
0
0
0
0
2
70
51
363
315
262
543
304
113
35
8
0
0
0
0
0
0
0
0
0
0
0
0
0
1
103
235
348
420
444
411
344
226
95
1
0
0
0
0
0
0
0
0
0
0
0
0
0
1
11
169
249
153
237
341
134
45
59
2
0
0
0
0
0
0