0
0
0
0
0
0
0
5
165
336
472
560
582
543
447
301
127
1
0
0
0
0
0
0
0
0
0
0
0
0
0
2
104
222
320
403
412
399
331
233
98
1
0
0
0
0
0
0
0
0
0
0
0
0
0
5
177
360
504
594
618
578
481
329
143
1
0
0
0
0
0
0
0
0
0
0
0
0
0
5
192
392
551
647
672
630
518
350
150
1
0
0
0
0
0
0
0
0
0
0
0
0
0
4
116
232
320
397
413
398
321
217
99
1
0
0
0
0
0
0
0
0
0
0
0
0
0
5
174
359
507
597
627
592
491
338
151
2
0
0
0
0
0
0
0
0
0
0
0
0
0
5
170
350
496
587
614
577
479
332
151
2
0
0
0
0
0
0
0
0
0
0
0
0
0
3
123
259
367
397
433
400
362
242
106
1
0
0
0
0
0
0
0
0
0
0
0
0
0
3
165
314
409
412
432
424
352
298
144
4
0
0
0
0
0
0
0
0
0
0
0
0
0
4
152
310
435
523
543
514
433
304
146
3
0
0
0
0
0
0
0
0
0
0
0
0
0
5
179
369
522
619
651
615
515
360
169
3
0
0
0
0
0
0
0
0
0
0
0
0
0
5
187
385
543
641
673
634
531
368
171
3
0
0
0
0
0
0
0
0
0
0
0
0
0
5
171
353
499
590
623
590
495
346
164
4
0
0
0
0
0
0
0
0
0
0
0
0
0
2
79
170
270
294
297
299
242
157
72
2
0
0
0
0
0
0
0
0
0
0
0
0
0
2
93
196
269
296
328
303
286
185
80
2
0
0
0
0
0
0
0
0
0
0
0
0
0
2
16
56
93
99
75
478
414
290
148
3
0
0
0
0
0
0
0
0
0
0
0
0
0
6
185
377
530
629
662
627
526
374
185
5
0
0
0
0
0
0
0
0
0
0
0
0
0
6
189
383
538
637
669
636
536
381
190
6
0
0
0
0
0
0
0
0
0
0
0
0
0
5
174
349
491
583
616
589
496
355
179
6
0
0
0
0
0
0
0
0
0
0
0
0
0
2
49
101
98
162
167
188
149
145
72
2
0
0
0
0
0
0
0
0
0
0
0
0
0
12
94
224
292
291
583
464
400
269
171
4
0
0
0
0
0
0
0
0
0
0
0
0
0
2
60
127
176
211
212
189
167
122
61
3
0
0
0
0
0
0
0
0
0
0
0
0
0
6
143
299
402
480
465
428
377
293
140
3
0
0
0
0
0
0
0
0
0
0
0
0
0
8
207
410
573
677
715
681
580
421
223
11
0
0
0
0
0
0
0
0
0
0
0
0
0
8
197
389
545
645
680
649
554
403
213
11
0
0
0
0
0
0
0
0
0
0
0
0
0
8
209
415
580
685
721
690
589
429
226
12
0
0
0
0
0
0
0
0
0
0
0
0
0
7
122
290
306
391
434
262
286
235
111
3
0
0
0
0
0
0
0
0
0
0
0
0
0
9
219
432
602
712
752
717
610
444
237
13
0
0
0
0
0
0
0
0
0
0
0
0
0
6
151
326
463
566
571
511
417
304
168
15
0
0
0
0
0
0
0
0
0
0
0
0
0
8
167
332
508
573
520
437
336
263
132
4
0
0
0
0
0
0
0
0
0
0
0
0
0
3
134
293
421
477
481
488
372
224
95
4
0
0
0
0
0
0
0
0
0
0
0
0
0
9
191
367
503
587
623
603
525
391
217
18
0
0
0
0
0
0
0
0
0
0
0
0
0
12
219
420
584
687
729
700
605
449
250
22
0
0
0
0
0
0
0
0
0
0
0
0
0
3
150
257
385
420
458
489
434
329
178
17
0
0
0
0
0
0
0
0
0
0
0
0
0
10
186
356
488
572
621
590
511
359
193
9
0
0
0
0
0
0
0
0
0
0
0
0
0
13
218
414
573
674
712
682
590
442
252
25
0
0
0
0
0
0
0
0
0
0
0
0
0
14
220
419
581
687
727
704
616
467
270
32
0
0
0
0
0
0
0
0
0
0
0
0
0
15
134
221
291
328
240
219
251
192
103
6
0
0
0
0
0
0
0
0
0
0
0
0
0
4
20
37
89
108
64
480
412
282
162
6
0
0
0
0
0
0
0
0
0
0
0
0
0
4
25
41
56
66
70
561
489
368
207
21
0
0
0
0
0
0
0
0
0
0
0
0
0
17
231
426
581
685
724
694
604
457
268
33
0
0
0
0
0
0
0
0
0
0
0
0
0
19
241
444
606
710
747
718
626
474
275
35
0
0
0
0
0
0
0
0
0
0
0
0
0
21
254
460
624
732
769
739
643
487
287
37
0
0
0
0
0
0
0
0
0
0
0
0
0
18
127
215
336
355
271
236
212
190
121
8
0
0
0
0
0
0
0
0
0
0
0
0
0
28
193
526
713
661
484
151
86
114
93
7
0
0
0
0
0
0
0
0
0
0
0
0
0
7
85
169
237
146
479
505
509
435
341
104
0
0
0
0
0
0
0
0
0
0
0
0
0
6
24
122
193
619
193
807
800
71
179
71
0
0
0
0
0
0
0
0
0
0
0
0
0
29
275
480
642
747
784
755
659
505
307
97
0
0
0
0
0
0
0
0
0
0
0
0
0
6
104
304
380
496
510
501
421
335
176
56
0
0
0
0
0
0
0
0
0
0
0
0
0
6
40
67
83
94
110
107
100
81
51
17
0
0
0
0
0
0
0
0
0
0
0
0
0
16
89
151
224
217
254
159
166
155
65
11
0
0
0
0
0
0
0
0
0
0
0
0
0
10
56
120
178
210
209
196
173
152
66
28
0
0
0
0
0
0
0
0
0
0
0
0
0
53
62
283
248
396
639
396
380
46
28
10
0
0
0
0
0
0
0
0
0
0
0
0
0
20
50
147
234
356
239
518
623
500
367
125
0
0
0
0
0
0
0
0
0
0
0
0
0
37
246
396
516
620
636
605
544
424
263
100
0
0
0
0
0
0
0
0
0
0
0
0
0
80
267
457
605
708
747
716
632
492
309
111
0
0
0
0
0
0
0
0
0
0
0
0
0
90
298
501
661
764
805
783
690
536
336
123
0
0
0
0
0
0
0
0
0
0
0
0
0
86
279
471
615
709
746
708
626
481
302
110
0
0
0
0
0
0
0
0
0
0
0
0
0
73
219
315
297
465
558
616
604
535
303
104
1
0
0
0
0
0
0
0
0
0
0
0
0
116
344
548
675
683
940
887
753
504
316
128
2
0
0
0
0
0
0
0
0
0
0
0
0
108
324
532
697
802
842
813
716
558
355
135
1
0
0
0
0
0
0
0
0
0
0
0
0
99
298
484
625
715
753
732
648
514
332
129
1
0
0
0
0
0
0
0
0
0
0
0
0
82
229
372
470
545
565
553
503
398
259
98
1
0
0
0
0
0
0
0
0
0
0
0
0
75
201
345
458
392
433
133
60
63
156
56
1
0
0
0
0
0
0
0
0
0
0
0
0
114
318
506
659
755
789
759
667
524
341
136
1
0
0
0
0
0
0
0
0
0
0
0
0
130
352
557
719
821
857
826
727
571
369
149
1
0
0
0
0
0
0
0
0
0
0
0
0
114
300
473
613
703
729
700
628
490
320
134
1
0
0
0
0
0
0
0
0
0
0
0
0
117
298
463
590
671
708
691
620
481
316
135
1
0
0
0
0
0
0
0
0
0
0
0
1
125
311
477
595
675
693
654
582
469
309
127
1
0
0
0
0
0
0
0
0
0
0
0
1
141
349
542
692
782
819
787
691
544
358
149
1
0
0
0
0
0
0
0
0
0
0
0
1
140
340
526
664
755
791
763
676
533
350
150
2
0
0
0
0
0
0
0
0
0
0
0
2
148
351
540
690
783
814
781
692
550
369
162
2
0
0
0
0
0
0
0
0
0
0
0
5
85
81
52
374
306
314
517
474
283
252
92
4
0
0
0
0
0
0
0
0
0
0
0
1
84
226
312
398
433
471
453
383
304
175
78
1
0
0
0
0
0
0
0
0
0
0
0
2
91
205
444
538
456
536
597
592
522
376
214
8
0
0
0
0
0
0
0
0
0
0
0
3
169
385
575
725
820
853
817
721
572
382
171
3
0
0
0
0
0
0
0
0
0
0
0
3
137
313
470
589
655
683
647
557
441
296
131
2
0
0
0
0
0
0
0
0
0
0
0
3
133
294
459
552
623
643
608
534
414
273
122
2
0
0
0
0
0
0
0
0
0
0
0
6
210
459
682
856
964
1000
965
857
682
459
209
5
0
0
0
0
0
0
0
0
0
0
0
6
205
442
655
817
916
948
910
807
639
428
194
4
0
0
0
0
0
0
0
0
0
0
0
7
214
454
668
834
937
968
930
823
657
441
202
5
0
0
0
0
0
0
0
0
0
0
0
7
198
415
608
755
846
882
847
749
595
403
191
6
0
0
0
0
0
0
0
0
0
0
0
6
154
303
465
560
604
629
605
528
426
295
130
2
0
0
0
0
0
0
0
0
0
0
0
3
142
333
349
289
585
560
434
401
57
148
94
3
0
0
0
0
0
0
0
0
0
0
0
10
215
431
622
772
860
888
850
758
605
404
189
5
0
0
0
0
0
0
0
0
0
0
0
10
202
405
591
728
815
833
804
712
565
381
180
5
0
0
0
0
0
0
0
0
0
0
0
9
121
259
347
434
460
495
471
412
295
199
94
3
0
0
0
0
0
0
0
0
0
0
0
3
98
222
317
366
415
380
354
329
244
162
85
2
0
0
0
0
0
0
0
0
0
0
0
11
120
239
340
435
463
451
506
441
301
223
111
3
0
0
0
0
0
0
0
0
0
0
0
20
282
541
768
937
1038
1065
1015
891
702
468
216
3
0
0
0
0
0
0
0
0
0
0
0
20
264
503
710
869
965
995
954
847
679
467
229
10
0
0
0
0
0
0
0
0
0
0
0
21
257
483
681
832
923
955
918
820
664
460
230
12
0
0
0
0
0
0
0
0
0
0
0
10
109
215
273
345
396
386
381
320
274
190
91
3
0
0
0
0
0
0
0
0
0
0
0
13
150
271
413
493
524
552
557
522
387
255
114
4
0
0
0
0
0
0
0
0
0
0
0
25
247
451
623
763
856
874
859
763
622
432
220
13
0
0
0
0
0
0
0
0
0
0
0
24
202
398
533
693
723
730
709
591
447
314
150
3
0
0
0
0
0
0
0
0
0
0
0
33
299
538
746
900
991
1013
966
855
687
469
232
10
0
0
0
0
0
0
0
0
0
0
0
31
249
448
621
761
807
827
814
726
577
410
205
13
0
0
0
0
0
0
0
0
0
0
0
39
311
549
753
909
999
1025
981
869
699
486
246
13
0
0
0
0
0
0
0
0
0
0
0
41
320
563
772
927
1017
1037
988
873
695
477
239
11
0
0
0
0
0
0
0
0
0
0
0
45
325
567
777
941
1044
1084
1056
963
788
552
287
40
0
0
0
0
0
0
0
0
0
0
0
95
327
565
767
919
1012
1037
993
881
713
499
259
17
0
0
0
0
0
0
0
0
0
0
0
105
353
604
820
980
1074
1096
1044
921
738
509
258
12
0
0
0
0
0
0
0
0
0
0
0
102
351
588
848
990
505
463
472
410
320
239
140
15
0
0
0
0
0
0
0
0
0
0
0
121
309
626
897
1074
682
249
478
474
304
589
311
35
0
0
0
0
0
0
0
0
0
0
0
96
299
504
676
800
872
896
856
762
625
438
227
16
0
0
0
0
0
0
0
0
0
0
0
36
116
198
263
307
330
333
310
275
217
138
75
5
0
0
0
0
0
0
0
0
0
0
0
95
263
460
630
708
767
788
768
703
560
345
185
15
0
0
0
0
0
0
0
0
0
0
0
102
304
504
687
825
909
930
887
794
641
450
240
23
0
0
0
0
0
0
0
0
0
0
0
44
114
241
111
245
401
510
663
755
530
400
270
71
0
0
0
0
0
0
0
0
0
0
0
20
51
82
113
137
139
149
172
157
123
91
43
5
0
0
0
0
0
0
0
0
0
0
0
21
75
148
150
194
186
203
233
245
232
186
99
19
0
0
0
0
0
0
0
0
0
0
0
124
343
563
755
898
980
1004
960
854
696
494
270
29
0
0
0
0
0
0
0
0
0
0
1
146
401
647
873
980
480
444
515
416
358
222
92
5
0
0
0
0
0
0
0
0
0
0
1
161
422
687
894
1077
629
589
538
435
307
213
123
14
0
0
0
0
0
0
0
0
0
0
1
65
153
223
318
437
525
456
385
349
326
201
116
7
0
0
0
0
0
0
0
0
0
0
1
151
395
635
842
992
1078
1093
1041
922
745
525
282
27
0
0
0
0
0
0
0
0
0
0
2
129
350
575
716
737
753
729
690
637
527
383
200
13
0
0
0
0
0
0
0
0
0
0
1
123
313
502
660
789
872
875
834
746
632
448
245
31
0
0
0
0
0
0
0
0
0
0
1
117
295
484
624
731
799
821
743
652
537
364
198
23
0
0
0
0
0
0
0
0
0
0
2
145
358
569
750
882
962
977
937
835
677
487
271
35
0
0
0
0
0
0
0
0
0
0
2
90
239
350
517
594
654
698
630
568
457
309
153
7
0
0
0
0
0
0
0
0
0
0
3
182
451
705
877
999
571
546
505
498
458
334
190
35
0
0
0
0
0
0
0
0
0
0
3
175
414
644
840
986
1070
1087
1039
927
760
547
309
89
0
0
0
0
0
0
0
0
0
0
3
145
340
530
701
813
892
901
865
765
626
448
256
74
0
0
0
0
0
0
0
0
0
0
4
175
405
626
814
946
1024
1040
990
879
717
511
286
83
0
0
0
0
0
0
0
0
0
0
4
176
407
632
823
965
1048
1066
1022
912
749
539
307
92
0
0
0
0
0
0
0
0
0
0
4
138
330
503
653
781
843
820
788
719
590
440
254
80
0
0
0
0
0
0
0
0
0
0
5
171
389
601
777
910
987
1003
962
858
703
509
289
89
0
0
0
0
0
0
0
0
0
0
13
182
414
733
780
476
552
598
462
601
348
302
152
43
0
0
0
0
0
0
0
0
0
0
7
121
272
254
613
544
692
473
676
885
475
187
27
8
0
0
0
0
0
0
0
0
0
0
7
201
464
726
939
1055
590
723
729
564
406
290
131
46
0
0
0
0
0
0
0
0
0
0
2
112
255
413
503
623
660
665
531
555
455
330
186
69
0
0
0
0
0
0
0
0
0
0
11
217
458
728
913
1038
531
498
437
383
398
134
27
9
0
0
0
0
0
0
0
0
0
0
6
164
361
558
710
806
885
898
840
758
612
434
246
80
0
0
0
0
0
0
0
0
0
0
5
130
302
441
550
710
809
807
791
723
560
399
252
96
0
0
0
0
0
0
0
0
0
0
11
159
399
346
754
842
729
762
396
393
413
253
199
47
0
0
0
0
0
0
0
0
0
0
8
184
393
594
764
889
962
979
938
842
696
511
304
105
0
0
0
0
0
0
0
0
0
0
7
147
279
393
560
603
607
733
814
748
644
486
264
70
0
0
0
0
0
0
0
0
0
0
3
66
38
154
494
716
654
806
765
787
596
349
231
84
1
0
0
0
0
0
0
0
0
0
28
180
397
732
729
482
593
109
194
299
123
71
104
10
0
0
0
0
0
0
0
0
0
0
11
216
456
685
880
1024
1107
1126
1079
969
801
589
352
125
0
0
0
0
0
0
0
0
0
0
9
174
365
547
701
811
881
893
852
764
634
468
284
103
0
0
0
0
0
0
0
0
0
0
12
224
461
687
877
1018
1100
1117
1070
961
798
590
357
131
0
0
0
0
0
0
0
0
0
0
3
100
204
290
389
381
457
491
490
431
343
253
136
57
1
0
0
0
0
0
0
0
0
0
10
181
367
542
688
796
859
872
838
754
628
467
286
108
1
0
0
0
0
0
0
0
0
0
9
162
329
482
615
715
771
785
757
682
566
415
249
94
1
0
0
0
0
0
0
0
0
0
3
75
292
477
588
613
529
514
626
542
467
364
149
62
1
0
0
0
0
0
0
0
0
0
13
127
321
482
395
88
116
117
457
949
712
379
32
12
1
0
0
0
0
0
0
0
0
0
12
192
393
589
751
873
948
970
927
841
700
521
317
121
1
0
0
0
0
0
0
0
0
0
3
70
169
235
246
329
394
426
356
327
281
187
133
49
1
0
0
0
0
0
0
0
0
0
11
176
369
557
716
829
911
921
883
804
669
491
311
119
2
0
0
0
0
0
0
0
0
0
13
201
408
609
779
902
975
992
952
861
716
533
329
129
1
0
0
0
0
0
0
0
0
0
14
203
412
616
787
917
990
1009
972
881
735
549
343
137
2
0
0
0
0
0
0
0
0
0
14
207
418
618
787
911
982
1000
959
866
722
541
335
133
1
0
0
0
0
0
0
0
0
0
13
199
400
590
752
870
943
958
923
825
682
505
311
122
1
0
0
0
0
0
0
0
0
0
15
130
267
441
484
501
564
600
683
756
512
499
285
125
2
0
0
0
0
0
0
0
0
0
15
219
444
658
840
976
1056
1077
1036
933
785
590
366
148
2
0
0
0
0
0
0
0
0
0
16
222
444
659
841
984
1072
1105
1076
992
851
656
412
169
8
0
0
0
0
0
0
0
0
0
12
180
373
560
693
786
851
860
842
785
663
494
304
122
1
0
0
0
0
0
0
0
0
0
15
211
425
629
805
936
1011
1027
986
891
742
557
348
143
2
0
0
0
0
0
0
0
0
0
16
226
456
678
864
1003
1082
1101
1055
950
788
585
359
143
1
0
0
0
0
0
0
0
0
0
16
219
440
652
832
963
1040
1061
1020
919
770
575
359
146
2
0
0
0
0
0
0
0
0
0
12
170
352
523
666
755
823
870
868
810
679
518
322
141
5
0
0
0
0
0
0
0
0
0
13
179
369
542
686
800
862
877
845
762
626
464
293
121
1
0
0
0
0
0
0
0
0
0
13
182
365
538
704
807
871
883
855
764
633
480
291
119
1
0
0
0
0
0
0
0
0
0
13
175
361
544
699
802
865
871
859
781
670
499
323
142
5
0
0
0
0
0
0
0
0
0
17
236
474
702
896
1038
1122
1143
1098
989
825
617
384
157
1
0
0
0
0
0
0
0
0
0
14
196
400
604
773
904
979
999
968
883
747
567
360
152
4
0
0
0
0
0
0
0
0
0
9
117
236
353
466
550
576
606
545
478
427
301
198
84
1
0
0
0
0
0
0
0
0
0
4
95
104
177
403
505
585
583
713
819
268
346
258
182
11
0
0
0
0
0
0
0
0
0
16
224
458
696
905
1067
628
608
553
501
392
281
185
79
3
0
0
0
0
0
0
0
0
0
14
201
415
622
799
931
1012
1034
996
903
762
575
363
153
4
0
0
0
0
0
0
0
0
0
14
214
442
664
850
991
1071
1090
1047
944
785
584
360
147
1
0
0
0
0
0
0
0
0
0
14
228
464
688
867
1025
491
504
488
464
373
291
171
76
1
0
0
0
0
0
0
0
0
0
7
124
242
348
444
512
566
614
545
443
388
324
219
86
1
0
0
0
0
0
0
0
0
0
13
203
420
630
810
945
1025
1045
1007
912
768
578
364
154
3
0
0
0
0
0
0
0
0
0
13
210
435
655
840
977
1057
1076
1035
933
777
580
360
148
1
0
0
0
0
0
0
0
0
0
12
197
408
613
786
920
1000
1030
997
907
765
582
371
160
5
0
0
0
0
0
0
0
0
0
13
216
449
676
869
1012
1098
1118
1075
969
809
604
375
154
1
0
0
0
0
0
0
0
0
0
12
203
424
638
823
961
1043
1067
1028
930
779
586
369
155
3
0
0
0
0
0
0
0
0
0
11
202
422
637
820
958
1036
1057
1018
915
762
574
357
148
2
0
0
0
0
0
0
0
0
0
11
204
429
651
837
978
1060
1084
1049
953
801
607
385
165
4
0
0
0
0
0
0
0
0
0
10
187
397
604
782
915
1000
1023
994
905
762
578
366
157
4
0
0
0
0
0
0
0
0
0
10
183
388
590
766
896
974
996
967
881
747
567
361
155
4
0
0
0
0
0
0
0
0
0
11
210
447
679
876
1023
1111
1134
1094
988
828
618
385
159
2
0
0
0
0
0
0
0
0
0
11
217
456
689
887
1037
1124
1148
1105
1000
837
628
393
164
2
0
0
0
0
0
0
0
0
0
6
140
294
443
582
662
738
743
726
644
525
386
250
104
2
0
0
0
0
0
0
0
0
0
9
174
371
556
716
842
908
923
885
816
686
530
341
149
4
0
0
0
0
0
0
0
0
0
5
88
196
284
340
401
440
451
444
406
340
245
143
65
1
0
0
0
0
0
0
0
0
0
7
204
464
707
932
1025
613
531
532
464
411
356
217
94
3
0
0
0
0
0
0
0
0
0
7
168
371
570
737
853
929
963
922
836
702
529
334
140
3
0
0
0
0
0
0
0
0
0
8
192
424
651
845
993
1080
1108
1069
966
812
608
379
155
2
0
0
0
0
0
0
0
0
0
7
182
399
609
790
930
1013
1040
1005
914
767
580
365
153
3
0
0
0
0
0
0
0
0
0
6
167
374
579
754
887
970
996
968
885
743
562
354
148
4
0
0
0
0
0
0
0
0
0
6
172
387
599
783
920
1006
1036
1002
911
769
584
369
155
4
0
0
0
0
0
0
0
0
0
2
116
252
394
495
636
761
785
832
772
676
559
335
159
6
0
0
0
0
0
0
0
0
0
5
162
367
570
747
884
965
988
953
862
719
541
335
136
2
0
0
0
0
0
0
0
0
0
2
122
251
392
552
681
743
730
730
652
591
429
268
111
3
0
0
0
0
0
0
0
0
0
5
170
393
618
811
959
1048
1073
1033
936
781
579
356
140
1
0
0
0
0
0
0
0
0
0
4
158
388
659
846
1079
726
754
686
503
415
299
186
93
2
0
0
0
0
0
0
0
0
0
4
159
368
573
752
882
958
983
954
864
727
541
333
132
1
0
0
0
0
0
0
0
0
0
4
149
346
532
697
831
910
933
904
824
700
527
333
138
3
0
0
0
0
0
0
0
0
0
4
170
397
621
812
958
1047
1072
1033
936
781
584
361
143
1
0
0
0
0
0
0
0
0
0
4
171
403
635
836
984
1076
1103
1067
966
808
604
374
148
2
0
0
0
0
0
0
0
0
0
2
114
272
433
556
671
744
794
754
662
558
410
258
97
1
0
0
0
0
0
0
0
0
0
3
139
333
531
693
824
901
926
910
826
699
516
315
119
1
0
0
0
0
0
0
0
0
0
3
154
376
599
791
935
1023
1048
1010
913
761
564
341
129
1
0
0
0
0
0
0
0
0
0
3
153
376
600
794
940
1028
1053
1017
919
764
566
342
128
1
0
0
0
0
0
0
0
0
0
3
146
360
577
769
914
1000
1031
999
905
759
568
347
133
1
0
0
0
0
0
0
0
0
0
2
127
317
509
672
779
845
863
838
753
632
465
286
106
1
0
0
0
0
0
0
0
0
0
6
172
428
685
908
1076
645
991
327
287
209
181
126
12
1
0
0
0
0
0
0
0
0
0
2
121
299
477
622
740
824
867
847
757
607
472
288
107
1
0
0
0
0
0
0
0
0
0
1
126
321
511
684
793
871
890
860
776
655
485
294
106
1
0
0
0
0
0
0
0
0
0
2
131
333
535
707
839
922
949
913
825
686
508
307
111
0
0
0
0
0
0
0
0
0
0
2
139
357
577
768
912
1000
1027
991
896
745
550
330
118
0
0
0
0
0
0
0
0
0
0
1
85
217
351
477
646
705
725
687
614
496
367
219
88
1
0
0
0
0
0
0
0
0
0
1
133
349
569
760
904
990
1017
983
887
738
544
323
112
0
0
0
0
0
0
0
0
0
0
1
130
346
566
755
899
990
1017
982
888
738
541
320
109
0
0
0
0
0
0
0
0
0
0
3
107
410
670
588
545
974
661
540
374
144
75
29
10
0
0
0
0
0
0
0
0
0
0
1
144
387
596
787
879
594
602
644
596
494
424
259
94
1
0
0
0
0
0
0
0
0
0
1
122
332
549
737
882
968
995
962
872
726
541
320
108
0
0
0
0
0
0
0
0
0
0
1
125
344
568
762
907
1001
1026
991
892
739
540
312
101
0
0
0
0
0
0
0
0
0
0
1
115
320
531
714
859
946
977
947
857
710
520
304
98
0
0
0
0
0
0
0
0
0
0
1
115
264
427
655
925
534
689
469
539
447
449
183
56
0
0
0
0
0
0
0
0
0
0
1
114
322
509
562
862
823
770
578
560
412
257
164
39
0
0
0
0
0
0
0
0
0
0
0
119
339
564
759
908
998
1028
992
892
739
537
309
94
0
0
0
0
0
0
0
0
0
0
0
103
300
501
673
805
892
925
903
809
670
484
278
82
0
0
0
0
0
0
0
0
0
0
0
113
327
546
736
878
968
995
960
863
709
512
290
85
0
0
0
0
0
0
0
0
0
0
0
121
352
587
789
940
1033
1056
1012
905
739
527
293
80
0
0
0
0
0
0
0
0
0
0
0
122
357
596
812
970
1054
1079
1029
912
756
535
291
31
0
0
0
0
0
0
0
0
0
0
0
95
286
480
658
789
877
909
874
785
650
473
268
39
0
0
0
0
0
0
0
0
0
0
0
92
276
476
650
789
867
894
864
782
644
467
262
38
0
0
0
0
0
0
0
0
0
0
0
93
292
498
673
805
875
889
842
753
616
439
235
24
0
0
0
0
0
0
0
0
0
0
0
108
335
574
778
933
1022
1047
1006
895
729
515
278
29
0
0
0
0
0
0
0
0
0
0
0
104
327
557
757
908
994
1017
969
862
696
488
259
23
0
0
0
0
0
0
0
0
0
0
0
107
338
577
783
934
1021
1044
997
879
703
485
251
16
0
0
0
0
0
0
0
0
0
0
0
96
307
525
715
859
941
962
921
819
665
466
247
22
0
0
0
0
0
0
0
0
0
0
0
81
263
453
618
742
822
858
831
749
619
447
239
27
0
0
0
0
0
0
0
0
0
0
0
103
336
579
788
942
1032
1053
999
879
702
482
244
14
0
0
0
0
0
0
0
0
0
0
0
92
306
532
726
872
960
983
940
828
663
459
236
17
0
0
0
0
0
0
0
0
0
0
0
88
296
512
702
844
933
957
917
816
661
462
238
19
0
0
0
0
0
0
0
0
0
0
0
84
309
530
825
963
533
564
507
458
368
215
63
4
0
0
0
0
0
0
0
0
0
0
0
87
296
512
700
843
930
951
909
811
655
459
236
17
0
0
0
0
0
0
0
0
0
0
0
72
243
408
498
654
534
636
681
543
150
130
21
4
0
0
0
0
0
0
0
0
0
0
0
44
166
200
298
432
595
538
503
445
368
244
128
3
0
0
0
0
0
0
0
0
0
0
0
29
221
396
576
711
789
805
808
693
555
381
189
14
0
0
0
0
0
0
0
0
0
0
0
43
317
563
774
929
1021
1041
987
868
688
462
219
8
0
0
0
0
0
0
0
0
0
0
0
32
254
451
622
730
817
829
797
698
537
346
156
3
0
0
0
0
0
0
0
0
0
0
0
40
305
540
744
895
984
1005
956
842
668
450
214
8
0
0
0
0
0
0
0
0
0
0
0
49
338
550
776
939
440
386
469
378
285
240
100
3
0
0
0
0
0
0
0
0
0
0
0
37
338
605
801
952
461
464
439
337
323
239
145
12
0
0
0
0
0
0
0
0
0
0
0
28
242
434
595
733
826
805
768
664
531
350
161
5
0
0
0
0
0
0
0
0
0
0
0
20
167
328
422
519
549
534
531
466
332
232
95
2
0
0
0
0
0
0
0
0
0
0
0
29
255
454
622
758
835
845
806
713
557
369
165
3
0
0
0
0
0
0
0
0
0
0
0
23
203
351
504
599
664
662
618
526
404
285
126
2
0
0
0
0
0
0
0
0
0
0
0
31
287
517
716
865
951
968
920
803
632
415
181
3
0
0
0
0
0
0
0
0
0
0
0
28
267
486
674
811
889
905
857
749
585
383
164
2
0
0
0
0
0
0
0
0
0
0
0
27
269
489
681
824
904
924
877
767
601
393
167
3
0
0
0
0
0
0
0
0
0
0
0
13
97
93
60
257
340
531
408
476
315
177
126
3
0
0
0
0
0
0
0
0
0
0
0
24
245
454
635
763
846
865
815
710
554
358
144
2
0
0
0
0
0
0
0
0
0
0
0
36
322
563
783
901
473
460
441
392
274
199
86
1
0
0
0
0
0
0
0
0
0
0
0
23
256
471
655
787
862
877
834
725
562
358
142
1
0
0
0
0
0
0
0
0
0
0
0
21
238
444
618
744
822
836
788
692
527
336
128
1
0
0
0
0
0
0
0
0
0
0
0
22
261
486
678
819
899
914
861
743
572
360
136
0
0
0
0
0
0
0
0
0
0
0
0
14
157
580
770
776
562
86
81
70
54
34
13
0
0
0
0
0
0
0
0
0
0
0
0
23
100
170
198
259
323
182
277
283
294
110
32
0
0
0
0
0
0
0
0
0
0
0
0
21
272
514
722
875
961
975
917
789
602
371
131
0
0
0
0
0
0
0
0
0
0
0
0
20
267
504
708
856
936
947
884
755
570
346
118
0
0
0
0
0
0
0
0
0
0
0
0
18
258
495
699
848
930
942
883
752
566
339
112
0
0
0
0
0
0
0
0
0
0
0
0
16
242
466
660
801
883
895
840
720
544
329
108
0
0
0
0
0
0
0
0
0
0
0
0
17
255
493
696
844
929
940
879
751
566
337
108
0
0
0
0
0
0
0
0
0
0
0
0
4
158
146
315
226
364
367
657
703
638
369
83
0
0
0
0
0
0
0
0
0
0
0
0
7
131
136
289
273
256
270
294
396
375
220
107
0
0
0
0
0
0
0
0
0
0
0
0
23
166
352
548
669
634
293
69
261
271
152
20
0
0
0
0
0
0
0
0
0
0
0
0
3
112
224
339
546
620
694
653
538
363
181
32
0
0
0
0
0
0
0
0
0
0
0
0
12
220
437
625
763
838
849
791
672
498
287
38
0
0
0
0
0
0
0
0
0
0
0
0
7
168
348
511
621
703
738
674
595
429
250
35
0
0
0
0
0
0
0
0
0
0
0
0
6
96
185
272
322
359
365
318
242
176
97
7
0
0
0
0
0
0
0
0
0
0
0
0
4
92
186
257
289
319
327
302
272
170
78
7
0
0
0
0
0
0
0
0
0
0
0
0
11
233
467
667
808
885
890
824
691
502
278
24
0
0
0
0
0
0
0
0
0
0
0
0
9
220
447
641
781
860
867
807
679
497
276
27
0
0
0
0
0
0
0
0
0
0
0
0
8
206
422
605
738
813
820
760
642
467
258
24
0
0
0
0
0
0
0
0
0
0
0
0
8
210
433
626
765
840
849
788
661
480
262
23
0
0
0
0
0
0
0
0
0
0
0
0
7
185
387
566
698
768
778
717
605
440
239
21
0
0
0
0
0
0
0
0
0
0
0
0
7
202
424
615
753
827
832
768
636
454
240
16
0
0
0
0
0
0
0
0
0
0
0
0
7
207
435
632
777
856
863
799
670
482
258
19
0
0
0
0
0
0
0
0
0
0
0
0
6
205
434
630
771
845
846
778
644
458
238
13
0
0
0
0
0
0
0
0
0
0
0
0
5
183
397
583
721
797
806
747
626
450
236
17
0
0
0
0
0
0
0
0
0
0
0
0
2
134
279
626
813
897
676
755
697
497
259
46
0
0
0
0
0
0
0
0
0
0
0
0
5
179
390
576
713
786
794
737
616
437
227
14
0
0
0
0
0
0
0
0
0
0
0
0
5
191
418
614
758
834
841
776
644
456
232
12
0
0
0
0
0
0
0
0
0
0
0
0
4
164
364
536
658
731
734
675
553
389
196
9
0
0
0
0
0
0
0
0
0
0
0
0
4
176
394
583
717
790
796
730
605
424
210
8
0
0
0
0
0
0
0
0
0
0
0
0
1
108
242
379
446
497
583
560
417
299
138
4
0
0
0
0
0
0
0
0
0
0
0
0
3
134
306
465
587
649
656
610
508
361
174
8
0
0
0
0
0
0
0
0
0
0
0
0
1
14
36
184
223
279
382
354
261
163
117
2
0
0
0
0
0
0
0
0
0
0
0
0
2
137
308
460
552
622
634
605
490
340
168
7
0
0
0
0
0
0
0
0
0
0
0
0
6
190
270
639
821
500
189
62
51
190
17
2
0
0
0
0
0
0
0
0
0
0
0
0
1
138
363
636
811
517
266
60
50
34
16
2
0
0
0
0
0
0
0
0
0
0
0
0
2
94
161
215
311
335
393
485
525
334
196
12
0
0
0
0
0
0
0
0
0
0
0
0
1
124
310
469
586
632
639
581
475
321
148
3
0
0
0
0
0
0
0
0
0
0
0
0
1
118
275
390
485
555
562
583
490
337
159
5
0
0
0
0
0
0
0
0
0
0
0
0
1
64
167
243
341
393
385
331
272
162
64
1
0
0
0
0
0
0
0
0
0
0
0
0
1
78
190
301
381
449
453
413
318
219
92
1
0
0
0
0
0
0
0
0
0
0
0
0
1
103
257
393
491
540
539
496
399
269
118
1
0
0
0
0
0
0
0
0
0
0
0
0
1
131
331
509
637
705
709
648
525
354
156
2
0
0
0
0
0
0
0
0
0
0
0
0
1
135
348
537
673
745
749
684
553
371
161
2
0
0
0
0
0
0
0
0
0
0
0
0
0
135
351
543
682
758
762
699
570
384
167
2
0
0
0
0
0
0
0
0
0
0
0
0
0
10
99
256
364
819
500
203
206
30
13
1
0
0
0
0
0
0
0
0
0
0
0
0
0
95
256
401
505
568
561
504
406
273
115
1
0
0
0
0
0
0
0
0
0
0
0
0
0
120
333
522
662
739
744
679
549
365
152
1
0
0
0
0
0
0
0
0
0
0
0
0
0
108
300
473
600
669
671
608
488
325
138
1
0
0
0
0
0
0
0
0
0
0
0
0
0
109
304
480
611
676
681
623
504
335
139
1
0
0
0
0
0
0
0
0
0
0
0
0
0
99
283
447
572
636
642
585
473
315
129
1
0
0
0
0
0
0
0
0
0
0
0
0
0
71
211
331
420
470
448
390
317
201
81
1
0
0
0
0
0
0
0
0
0
0
0
0
0
9
25
244
324
394
216
323
352
164
81
1
0
0
0
0
0
0
0
0
0
0
0
0
0
31
59
55
156
170
223
214
209
141
58
1
0
0
0
0
0
0
0
0
0
0
0
0
0
8
90
232
395
418
514
447
274
158
65
0
0
0
0
0
0
0
0
0
0
0
0
0
0
40
187
243
345
396
289
229
43
107
78
1
0
0
0
0
0
0
0
0
0
0
0
0
0
22
53
131
192
241
203
339
105
142
78
1
0
0
0
0
0
0
0
0
0
0
0
0
0
72
240
398
511
590
585
541
440
283
111
1
0
0
0
0
0
0
0
0
0
0
0
0
0
89
293
482
624
701
709
648
521
340
132
0
0
0
0
0
0
0
0
0
0
0
0
0
0
37
260
432
562
635
643
586
470
303
115
0
0
0
0
0
0
0
0
0
0
0
0
0
0
35
136
302
100
55
301
493
553
316
137
4
0
0
0
0
0
0
0
0
0
0
0
0
0
36
271
459
599
675
683
622
497
319
119
0
0
0
0
0
0
0
0
0
0
0
0
0
0
26
228
356
468
457
469
473
403
208
63
0
0
0
0
0
0
0
0
0
0
0
0
0
0
9
46
80
71
58
183
554
471
262
130
0
0
0
0
0
0
0
0
0
0
0
0
0
0
84
160
316
692
429
126
54
44
29
11
0
0
0
0
0
0
0
0
0
0
0
0
0
0
27
235
396
511
580
585
538
430
282
107
0
0
0
0
0
0
0
0
0
0
0
0
0
0
26
239
406
530
601
609
554
446
288
108
0
0
0
0
0
0
0
0
0
0
0
0
0
0
15
221
284
381
237
438
426
399
218
65
0
0
0
0
0
0
0
0
0
0
0
0
0
0
25
247
431
569
643
650
593
472
302
110
0
0
0
0
0
0
0
0
0
0
0
0
0
0
22
222
385
504
575
584
535
428
272
100
0
0
0
0
0
0
0
0
0
0
0
0
0
0
23
247
431
570
650
661
605
485
313
116
0
0
0
0
0
0
0
0
0
0
0
0
0
0
12
169
316
416
482
447
448
418
261
94
0
0
0
0
0
0
0
0
0
0
0
0
0
0
20
231
411
546
622
634
580
464
300
110
0
0
0
0
0
0
0
0
0
0
0
0
0
0
18
225
406
543
621
635
582
467
299
109
0
0
0
0
0
0
0
0
0
0
0
0
0
0
4
116
227
226
346
320
294
246
165
73
0
0
0
0
0
0
0
0
0
0
0
0
0
0
6
70
144
331
469
552
487
239
160
35
0
0
0
0
0
0
0
0
0
0
0
0
0
0
15
202
364
488
558
570
523
421
280
105
0
0
0
0
0
0
0
0
0
0
0
0
0
0
16
231
420
563
645
658
603
483
312
115
0
0
0
0
0
0
0
0
0
0
0
0
0
0
3
68
129
162
215
234
217
177
131
46
0
0
0
0
0
0
0
0
0
0
0
0
0
0
11
172
325
449
498
508
451
351
225
81
0
0
0
0
0
0
0
0
0
0
0
0
0
0
11
150
268
370
446
448
494
341
197
82
0
0
0
0
0
0
0
0
0
0
0
0
0
0
12
206
390
530
610
625
571
458
292
106
0
0
0
0
0
0
0
0
0
0
0
0
0
0
3
19
47
55
62
56
434
347
223
85
0
0
0
0
0
0
0
0
0
0
0
0
0
0
3
18
58
95
127
140
536
412
262
103
0
0
0
0
0
0
0
0
0
0
0
0
0
0
15
211
438
397
637
348
50
62
26
38
0
0
0
0
0
0
0
0
0
0
0
0
0
0
3
88
222
211
225
280
288
333
337
126
2
0
0
0
0
0
0
0
0
0
0
0
0
0
9
192
371
506
585
605
560
452
292
109
0
0
0
0
0
0
0
0
0
0
0
0
0
0
8
166
311
412
465
478
461
356
233
82
0
0
0
0
0
0
0
0
0
0
0
0
0
0
2
95
233
313
430
358
361
299
215
92
1
0
0
0
0
0
0
0
0
0
0
0
0
0
2
17
203
121
53
218
392
544
341
138
1
0
0
0
0
0
0
0
0
0
0
0
0
0
2
105
203
283
309
335
295
218
152
50
0
0
0
0
0
0
0
0
0
0
0
0
0
0
3
105
217
342
484
442
418
345
209
118
1
0
0
0
0
0
0
0
0
0
0
0
0
0
6
163
322
448
517
544
499
399
259
103
0
0
0
0
0
0
0
0
0
0
0
0
0
0
2
120
259
411
407
386
428
145
28
31
0
0
0
0
0
0
0
0
0
0
0
0
0
0
16
156
233
391
392
342
267
312
247
88
2
0
0
0
0
0
0
0
0
0
0
0
0
0
6
152
308
432
502
528
497
403
263
107
0
0
0
0
0
0
0
0
0
0
0
0
0
0
6
172
346
484
568
587
546
446
296
120
1
0
0
0
0
0
0
0
0
0
0
0
0
0
5
158
320
447
526
548
509
416
277
112
1
0
0
0
0
0
0
0
0
0
0
0
0
0
4
132
266
373
443
458
433
352
230
95
1
0
0
0
0
0
0
0
0
0
0
0
0
0
2
121
263
584
454
512
211
40
27
11
1
0
0
0
0
0
0
0
0
0
0
0
0
0
4
132
232
390
478
443
426
350
278
126
2
0
0
0
0
0
0