0
0
0
0
0
0
0
1
112
274
419
537
569
560
477
350
175
10
0
0
0
0
0
0
0
0
0
0
0
0
0
2
133
306
460
564
600
573
506
371
191
12
0
0
0
0
0
0
0
0
0
0
0
0
0
2
142
336
504
618
669
644
553
403
212
15
0
0
0
0
0
0
0
0
0
0
0
0
0
2
136
321
481
587
627
612
523
377
194
11
0
0
0
0
0
0
0
0
0
0
0
0
0
2
105
248
395
460
533
563
450
350
184
12
0
0
0
0
0
0
0
0
0
0
0
0
0
2
134
321
487
599
642
618
527
385
203
15
0
0
0
0
0
0
0
0
0
0
0
0
0
2
138
326
490
605
652
633
539
395
207
14
0
0
0
0
0
0
0
0
0
0
0
0
0
2
133
318
479
582
631
610
530
386
205
15
0
0
0
0
0
0
0
0
0
0
0
0
0
2
125
293
455
563
604
594
519
387
210
19
0
0
0
0
0
0
0
0
0
0
0
0
0
2
138
325
492
607
657
637
553
407
221
18
0
0
0
0
0
0
0
0
0
0
0
0
0
2
131
317
478
591
639
617
535
393
213
18
0
0
0
0
0
0
0
0
0
0
0
0
0
2
130
305
454
546
590
576
497
379
209
20
0
0
0
0
0
0
0
0
0
0
0
0
0
2
131
314
475
590
636
619
537
397
220
21
0
0
0
0
0
0
0
0
0
0
0
0
0
2
124
300
459
564
619
601
526
390
214
24
0
0
0
0
0
0
0
0
0
0
0
0
0
2
133
320
481
592
641
626
546
406
232
25
0
0
0
0
0
0
0
0
0
0
0
0
0
3
87
238
382
492
551
531
422
361
195
13
0
0
0
0
0
0
0
0
0
0
0
0
0
2
136
321
482
592
639
619
544
397
218
21
0
0
0
0
0
0
0
0
0
0
0
0
0
2
139
329
496
608
665
648
565
419
238
26
0
0
0
0
0
0
0
0
0
0
0
0
0
2
134
326
469
553
597
587
513
384
224
26
0
0
0
0
0
0
0
0
0
0
0
0
0
1
110
287
420
537
566
598
515
386
229
30
0
0
0
0
0
0
0
0
0
0
0
0
0
2
142
335
509
630
689
672
590
442
252
33
0
0
0
0
0
0
0
0
0
0
0
0
0
2
145
340
515
633
686
673
587
441
253
33
0
0
0
0
0
0
0
0
0
0
0
0
0
2
150
346
513
637
694
684
601
455
266
38
0
0
0
0
0
0
0
0
0
0
0
0
0
3
151
347
517
632
687
672
595
451
265
38
0
0
0
0
0
0
0
0
0
0
0
0
0
2
141
325
494
609
661
646
577
441
260
78
0
0
0
0
0
0
0
0
0
0
0
0
0
3
150
348
520
638
695
681
599
454
269
81
0
0
0
0
0
0
0
0
0
0
0
0
0
3
147
339
511
627
681
667
587
442
257
77
0
0
0
0
0
0
0
0
0
0
0
0
0
3
144
332
503
614
661
646
566
433
255
81
0
0
0
0
0
0
0
0
0
0
0
0
0
3
145
331
498
622
678
667
594
451
268
85
0
0
0
0
0
0
0
0
0
0
0
0
0
3
151
345
517
628
688
681
599
461
275
88
0
0
0
0
0
0
0
0
0
0
0
0
0
4
137
302
463
553
554
544
514
389
203
57
0
0
0
0
0
0
0
0
0
0
0
0
0
2
113
283
478
539
601
611
539
408
244
81
0
0
0
0
0
0
0
0
0
0
0
0
0
5
123
312
364
446
459
567
481
399
282
106
1
0
0
0
0
0
0
0
0
0
0
0
0
1
84
201
313
411
423
410
377
294
182
59
0
0
0
0
0
0
0
0
0
0
0
0
0
1
54
128
218
268
304
293
235
158
123
44
0
0
0
0
0
0
0
0
0
0
0
0
0
2
139
337
515
404
518
384
482
430
295
69
0
0
0
0
0
0
0
0
0
0
0
0
0
5
168
368
544
668
725
714
632
488
299
105
0
0
0
0
0
0
0
0
0
0
0
0
0
5
154
338
500
613
668
659
583
450
277
99
0
0
0
0
0
0
0
0
0
0
0
0
0
5
156
340
502
614
667
657
584
453
280
100
0
0
0
0
0
0
0
0
0
0
0
0
0
2
14
230
229
301
278
522
596
562
294
74
0
0
0
0
0
0
0
0
0
0
0
0
0
7
177
372
546
651
719
695
623
478
299
112
1
0
0
0
0
0
0
0
0
0
0
0
0
6
141
304
446
537
585
555
488
365
226
85
0
0
0
0
0
0
0
0
0
0
0
0
0
6
126
256
373
452
477
464
435
334
213
70
1
0
0
0
0
0
0
0
0
0
0
0
0
2
126
254
397
470
524
519
438
307
217
83
1
0
0
0
0
0
0
0
0
0
0
0
0
9
196
406
588
719
780
766
685
544
349
137
1
0
0
0
0
0
0
0
0
0
0
0
0
9
184
378
545
660
712
706
625
499
317
124
1
0
0
0
0
0
0
0
0
0
0
0
0
11
205
415
593
718
767
759
678
536
345
138
1
0
0
0
0
0
0
0
0
0
0
0
0
10
182
367
520
623
673
658
587
463
296
119
1
0
0
0
0
0
0
0
0
0
0
0
0
11
187
377
537
634
669
664
590
464
299
120
1
0
0
0
0
0
0
0
0
0
0
0
0
13
218
430
615
739
795
779
700
555
359
148
2
0
0
0
0
0
0
0
0
0
0
0
0
12
193
379
514
628
676
653
585
447
296
125
1
0
0
0
0
0
0
0
0
0
0
0
0
15
213
420
599
729
786
788
702
561
363
149
3
0
0
0
0
0
0
0
0
0
0
0
0
15
212
414
591
711
755
748
674
528
341
143
2
0
0
0
0
0
0
0
0
0
0
0
0
16
216
411
593
710
764
749
667
526
339
140
2
0
0
0
0
0
0
0
0
0
0
0
0
16
219
416
581
699
773
747
676
533
349
145
2
0
0
0
0
0
0
0
0
0
0
0
0
40
199
435
421
814
553
210
329
45
29
13
1
0
0
0
0
0
0
0
0
0
0
0
0
20
232
441
619
747
802
785
702
560
363
154
3
0
0
0
0
0
0
0
0
0
0
0
0
22
234
448
630
756
810
794
709
559
367
158
4
0
0
0
0
0
0
0
0
0
0
0
0
23
239
452
634
765
829
812
732
585
391
174
5
0
0
0
0
0
0
0
0
0
0
0
0
25
246
463
643
767
820
815
729
579
379
164
4
0
0
0
0
0
0
0
0
0
0
0
0
34
258
109
269
296
488
643
792
580
328
141
12
0
0
0
0
0
0
0
0
0
0
0
0
29
261
478
662
790
850
841
759
608
405
182
6
0
0
0
0
0
0
0
0
0
0
0
0
20
219
434
576
689
687
685
608
507
342
138
3
0
0
0
0
0
0
0
0
0
0
0
0
27
238
415
544
636
694
693
638
500
347
169
7
0
0
0
0
0
0
0
0
0
0
0
0
19
187
375
532
647
689
738
661
482
341
167
2
0
0
0
0
0
0
0
0
0
0
0
0
35
266
482
654
772
835
825
734
590
396
185
7
0
0
0
0
0
0
0
0
0
0
0
0
81
289
504
684
807
868
854
770
623
425
201
8
0
0
0
0
0
0
0
0
0
0
0
0
82
282
496
667
793
845
831
755
605
412
195
9
0
0
0
0
0
0
0
0
0
0
0
0
25
27
259
331
558
493
461
459
444
312
115
9
0
0
0
0
0
0
0
0
0
0
0
0
86
285
495
664
776
831
820
744
607
412
197
8
0
0
0
0
0
0
0
0
0
0
0
0
90
291
490
647
765
819
787
698
562
381
173
7
0
0
0
0
0
0
0
0
0
0
0
0
106
332
564
752
878
935
910
819
657
445
212
8
0
0
0
0
0
0
0
0
0
0
0
0
84
262
480
645
727
737
666
590
485
335
154
3
0
0
0
0
0
0
0
0
0
0
0
0
79
245
414
567
648
702
698
646
487
328
147
3
0
0
0
0
0
0
0
0
0
0
0
0
79
235
390
515
651
682
625
534
419
294
147
3
0
0
0
0
0
0
0
0
0
0
0
0
107
316
525
702
823
877
855
772
622
426
212
12
0
0
0
0
0
0
0
0
0
0
0
0
109
314
521
692
802
852
844
760
624
430
210
13
0
0
0
0
0
0
0
0
0
0
0
0
98
277
462
604
703
754
741
667
546
372
181
10
0
0
0
0
0
0
0
0
0
0
0
1
125
349
570
753
879
936
911
818
660
455
227
14
0
0
0
0
0
0
0
0
0
0
0
1
127
345
562
739
856
909
885
796
643
440
220
13
0
0
0
0
0
0
0
0
0
0
0
0
101
284
466
605
711
764
783
680
580
412
206
18
0
0
0
0
0
0
0
0
0
0
0
1
140
368
593
773
896
955
937
847
694
483
248
19
0
0
0
0
0
0
0
0
0
0
0
1
139
362
581
757
880
924
905
814
652
448
222
14
0
0
0
0
0
0
0
0
0
0
0
2
145
370
587
760
878
932
910
823
669
469
239
18
0
0
0
0
0
0
0
0
0
0
0
2
138
346
551
685
815
864
827
726
586
398
197
12
0
0
0
0
0
0
0
0
0
0
0
1
119
302
477
624
721
756
729
676
505
338
172
13
0
0
0
0
0
0
0
0
0
0
0
3
142
357
567
722
833
857
837
739
617
416
207
16
0
0
0
0
0
0
0
0
0
0
0
3
147
366
572
742
860
920
896
806
654
454
231
21
0
0
0
0
0
0
0
0
0
0
0
1
46
240
509
692
653
594
961
760
399
180
70
4
0
0
0
0
0
0
0
0
0
0
0
4
160
377
584
756
874
927
917
828
677
478
252
25
0
0
0
0
0
0
0
0
0
0
0
5
179
414
639
815
933
979
951
853
688
476
245
18
0
0
0
0
0
0
0
0
0
0
0
5
171
384
592
751
857
910
896
799
647
447
233
18
0
0
0
0
0
0
0
0
0
0
0
5
177
398
608
779
888
935
915
827
679
474
251
24
0
0
0
0
0
0
0
0
0
0
0
7
197
434
654
827
940
987
962
869
712
502
267
25
0
0
0
0
0
0
0
0
0
0
0
8
163
320
443
620
740
785
798
715
617
472
269
39
0
0
0
0
0
0
0
0
0
0
0
24
210
463
509
550
530
789
393
548
350
296
219
13
0
0
0
0
0
0
0
0
0
0
0
6
159
344
533
680
748
848
784
698
578
435
237
30
0
0
0
0
0
0
0
0
0
0
0
9
199
427
641
813
928
971
942
850
695
490
262
28
0
0
0
0
0
0
0
0
0
0
0
9
178
382
566
708
779
843
848
767
621
446
248
30
0
0
0
0
0
0
0
0
0
0
0
11
202
422
629
790
900
946
914
821
670
476
251
26
0
0
0
0
0
0
0
0
0
0
0
13
207
426
633
803
896
937
894
810
658
457
241
24
0
0
0
0
0
0
0
0
0
0
0
13
211
430
633
793
905
942
919
819
673
474
257
30
0
0
0
0
0
0
0
0
0
0
0
7
102
198
260
368
439
452
428
393
335
218
105
6
0
0
0
0
0
0
0
0
0
0
0
16
222
450
663
828
941
986
961
863
708
500
272
35
0
0
0
0
0
0
0
0
0
0
0
17
231
468
681
852
962
1002
977
877
718
510
277
35
0
0
0
0
0
0
0
0
0
0
0
15
206
417
590
734
837
852
851
786
635
429
242
31
0
0
0
0
0
0
0
0
0
0
0
18
225
447
654
822
935
981
951
852
694
496
274
76
0
0
0
0
0
0
0
0
0
0
0
19
221
433
634
793
894
943
923
829
678
485
272
75
0
0
0
0
0
0
0
0
0
0
0
20
218
422
625
778
890
919
886
784
643
457
248
70
0
0
0
0
0
0
0
0
0
0
0
22
236
455
652
810
913
955
928
835
688
492
273
77
0
0
0
0
0
0
0
0
0
0
0
23
232
457
656
819
919
954
922
832
684
490
270
77
0
0
0
0
0
0
0
0
0
0
0
26
239
448
641
794
889
930
914
820
670
479
269
79
0
0
0
0
0
0
0
0
0
0
0
27
242
452
648
764
870
880
839
757
616
435
244
71
0
0
0
0
0
0
0
0
0
0
0
25
224
429
624
773
875
918
902
804
655
469
266
78
0
0
0
0
0
0
0
0
0
0
0
31
248
454
638
770
869
905
876
791
649
456
249
72
0
0
0
0
0
0
0
0
0
0
0
24
116
419
535
588
544
376
1017
712
511
212
128
59
1
0
0
0
0
0
0
0
0
0
0
30
206
349
480
660
757
932
835
720
621
454
254
92
0
0
0
0
0
0
0
0
0
0
0
63
243
456
655
804
918
953
929
824
670
486
280
87
0
0
0
0
0
0
0
0
0
0
0
64
234
445
633
763
859
907
883
779
643
450
256
78
0
0
0
0
0
0
0
0
0
0
0
33
119
434
628
949
741
313
423
313
687
327
67
19
0
0
0
0
0
0
0
0
0
0
0
76
268
489
689
850
948
987
959
863
711
511
289
91
0
0
0
0
0
0
0
0
0
0
0
74
260
474
679
839
938
977
950
858
706
514
296
97
0
0
0
0
0
0
0
0
0
0
0
73
251
464
647
795
888
928
907
811
675
490
281
91
0
0
0
0
0
0
0
0
0
0
0
84
278
494
685
837
933
976
940
857
715
521
303
101
0
0
0
0
0
0
0
0
0
0
0
77
259
461
635
791
888
925
900
832
683
491
284
96
0
0
0
0
0
0
0
0
0
0
0
83
271
476
662
810
901
948
905
809
669
497
285
99
0
0
0
0
0
0
0
0
0
0
0
89
287
509
708
868
965
1003
964
871
720
524
304
102
0
0
0
0
0
0
0
0
0
0
0
76
242
433
591
736
820
880
874
810
681
511
311
107
1
0
0
0
0
0
0
0
0
0
0
75
219
418
575
708
750
731
764
746
636
507
317
103
1
0
0
0
0
0
0
0
0
0
0
91
282
500
690
835
930
957
922
829
683
498
291
101
0
0
0
0
0
0
0
0
0
0
0
96
295
519
722
877
973
1001
971
873
717
524
309
108
1
0
0
0
0
0
0
0
0
0
0
81
242
417
580
706
781
816
791
708
586
432
251
86
0
0
0
0
0
0
0
0
0
0
0
95
288
494
683
834
927
961
928
834
693
504
300
104
0
0
0
0
0
0
0
0
0
0
0
98
291
502
690
838
935
980
957
867
721
531
318
116
1
0
0
0
0
0
0
0
0
0
0
96
285
499
665
811
915
943
904
828
687
505
300
107
1
0
0
0
0
0
0
0
0
0
0
91
273
479
655
791
905
921
868
774
670
484
287
109
1
0
0
0
0
0
0
0
0
0
0
95
270
477
658
786
911
912
887
789
665
487
282
102
1
0
0
0
0
0
0
0
0
0
1
103
296
503
694
835
928
969
932
857
719
532
315
119
1
0
0
0
0
0
0
0
0
0
1
97
267
462
643
787
879
930
903
813
680
507
310
119
2
0
0
0
0
0
0
0
0
0
1
100
278
456
628
768
862
903
886
829
683
503
313
121
2
0
0
0
0
0
0
0
0
0
1
112
316
535
730
883
983
1025
998
905
754
560
340
129
2
0
0
0
0
0
0
0
0
0
1
92
259
437
598
713
793
825
802
725
597
442
262
96
1
0
0
0
0
0
0
0
0
0
1
95
259
440
630
727
807
830
790
708
574
417
250
93
1
0
0
0
0
0
0
0
0
0
1
115
314
530
719
866
963
997
965
878
731
544
332
129
2
0
0
0
0
0
0
0
0
0
1
117
318
534
720
866
956
982
954
866
718
530
324
126
2
0
0
0
0
0
0
0
0
0
1
118
318
532
713
860
950
977
950
864
719
537
333
133
2
0
0
0
0
0
0
0
0
0
1
125
336
558
756
911
1005
1036
1003
907
754
556
337
130
1
0
0
0
0
0
0
0
0
0
1
113
306
521
716
858
949
989
964
883
744
552
339
137
3
0
0
0
0
0
0
0
0
0
1
115
308
517
706
850
940
971
946
866
722
533
328
130
2
0
0
0
0
0
0
0
0
0
1
117
313
526
723
873
975
1014
983
895
753
566
346
140
4
0
0
0
0
0
0
0
0
0
2
113
300
502
681
830
918
948
919
831
698
523
321
129
3
0
0
0
0
0
0
0
0
0
1
113
304
510
700
857
937
972
950
851
712
535
328
130
3
0
0
0
0
0
0
0
0
0
1
108
290
484
670
808
886
934
910
840
703
528
328
137
5
0
0
0
0
0
0
0
0
0
1
110
294
483
664
798
915
927
905
791
667
503
314
134
3
0
0
0
0
0
0
0
0
0
1
111
297
499
684
823
910
953
940
856
728
553
346
148
5
0
0
0
0
0
0
0
0
0
2
99
265
450
597
712
804
883
828
775
672
497
335
147
6
0
0
0
0
0
0
0
0
0
1
117
297
472
626
755
861
939
920
809
660
487
298
117
1
0
0
0
0
0
0
0
0
0
1
113
305
504
686
833
918
950
923
851
725
540
332
133
4
0
0
0
0
0
0
0
0
0
1
67
190
333
462
565
616
685
667
611
522
380
242
94
3
0
0
0
0
0
0
0
0
0
2
118
313
524
718
871
972
1010
989
907
765
578
367
157
7
0
0
0
0
0
0
0
0
0
2
117
308
514
702
849
947
988
975
885
750
573
365
156
7
0
0
0
0
0
0
0
0
0
2
109
287
488
670
795
900
945
889
827
706
532
327
141
5
0
0
0
0
0
0
0
0
0
2
111
292
498
667
825
907
939
923
852
716
549
346
152
7
0
0
0
0
0
0
0
0
0
2
125
344
572
771
933
538
584
580
530
439
335
194
78
2
0
0
0
0
0
0
0
0
0
2
125
328
550
747
890
983
1018
987
901
756
572
358
152
4
0
0
0
0
0
0
0
0
0
2
117
306
509
692
831
934
968
940
855
726
546
342
146
5
0
0
0
0
0
0
0
0
0
1
95
271
464
638
765
880
862
833
749
641
488
344
160
7
0
0
0
0
0
0
0
0
0
1
79
196
346
443
566
597
628
589
555
465
347
199
84
2
0
0
0
0
0
0
0
0
0
1
86
229
396
530
640
736
754
743
681
584
414
255
111
2
0
0
0
0
0
0
0
0
0
1
105
281
475
652
791
884
913
899
786
657
491
298
123
2
0
0
0
0
0
0
0
0
0
2
103
282
470
649
788
859
893
855
771
632
487
300
134
4
0
0
0
0
0
0
0
0
0
1
108
294
485
672
822
907
949
917
848
716
536
331
142
6
0
0
0
0
0
0
0
0
0
1
66
190
313
491
667
441
675
695
609
613
445
294
161
15
0
0
0
0
0
0
0
0
0
1
82
229
402
559
688
779
814
819
755
640
472
300
131
6
0
0
0
0
0
0
0
0
0
1
89
254
433
597
710
818
835
800
730
613
455
274
116
2
0
0
0
0
0
0
0
0
0
1
112
301
506
696
845
940
977
948
861
725
553
349
152
6
0
0
0
0
0
0
0
0
0
1
109
282
468
619
725
857
890
884
786
683
543
330
161
8
0
0
0
0
0
0
0
0
0
1
100
266
437
603
749
861
937
908
833
699
514
334
140
5
0
0
0
0
0
0
0
0
0
1
105
293
504
688
839
928
986
968
886
758
575
365
165
8
0
0
0
0
0
0
0
0
0
1
105
289
496
686
828
937
983
973
894
761
580
372
164
10
0
0
0
0
0
0
0
0
0
0
85
256
444
602
737
898
922
853
779
694
538
334
155
13
0
0
0
0
0
0
0
0
0
1
101
276
478
658
797
888
929
914
835
716
538
341
151
6
0
0
0
0
0
0
0
0
0
1
103
289
496
678
832
922
950
916
833
695
529
333
145
5
0
0
0
0
0
0
0
0
0
1
99
279
485
668
825
918
967
938
855
723
539
336
146
5
0
0
0
0
0
0
0
0
0
1
91
251
435
602
757
831
871
844
775
635
503
312
129
5
0
0
0
0
0
0
0
0
0
1
98
263
442
591
745
841
841
814
774
651
526
352
157
9
0
0
0
0
0
0
0
0
0
1
101
282
482
669
818
910
964
952
877
751
573
370
170
10
0
0
0
0
0
0
0
0
0
1
105
296
510
700
849
940
970
943
859
725
539
340
147
3
0
0
0
0
0
0
0
0
0
1
101
288
491
679
826
926
969
954
883
758
583
377
171
9
0
0
0
0
0
0
0
0
0
1
87
254
459
640
786
854
900
879
803
687
495
318
138
4
0
0
0
0
0
0
0
0
0
1
97
283
492
681
835
935
971
956
880
751
574
366
163
8
0
0
0
0
0
0
0
0
0
0
91
271
473
657
803
917
966
951
872
741
559
358
160
8
0
0
0
0
0
0
0
0
0
0
83
254
466
614
752
863
905
871
769
661
509
325
146
7
0
0
0
0
0
0
0
0
0
0
94
290
510
753
822
354
417
481
433
389
235
152
60
2
0
0
0
0
0
0
0
0
0
0
78
245
452
625
803
887
924
873
814
680
505
322
144
6
0
0
0
0
0
0
0
0
0
0
81
243
440
641
799
917
977
939
888
755
574
364
157
9
0
0
0
0
0
0
0
0
0
0
82
250
442
607
757
854
889
928
838
694
523
330
134
4
0
0
0
0
0
0
0
0
0
0
81
252
454
641
792
905
948
920
845
715
536
336
144
5
0
0
0
0
0
0
0
0
0
0
85
266
474
640
773
866
919
913
854
729
546
350
149
6
0
0
0
0
0
0
0
0
0
0
76
241
435
610
746
855
916
900
853
726
548
340
146
7
0
0
0
0
0
0
0
0
0
0
71
225
413
571
714
800
851
867
808
679
503
311
130
4
0
0
0
0
0
0
0
0
0
0
82
257
464
656
812
909
949
930
854
704
519
323
131
2
0
0
0
0
0
0
0
0
0
0
76
252
444
627
777
859
908
895
808
681
515
325
139
4
0
0
0
0
0
0
0
0
0
0
81
264
480
673
830
929
980
965
887
749
564
354
149
4
0
0
0
0
0
0
0
0
0
0
79
259
469
659
813
910
958
947
866
733
552
345
146
5
0
0
0
0
0
0
0
0
0
0
67
218
399
564
682
768
815
788
712
591
433
269
107
1
0
0
0
0
0
0
0
0
0
0
65
222
405
578
700
793
845
803
725
610
447
269
106
1
0
0
0
0
0
0
0
0
0
0
64
222
396
575
715
807
848
824
746
628
458
286
110
1
0
0
0
0
0
0
0
0
0
0
17
137
247
574
465
636
514
847
655
645
567
337
145
5
0
0
0
0
0
0
0
0
0
0
68
241
444
633
805
896
935
918
852
723
542
327
135
3
0
0
0
0
0
0
0
0
0
0
69
244
446
621
764
867
902
871
797
683
524
328
136
4
0
0
0
0
0
0
0
0
0
0
65
236
436
627
779
867
892
881
799
670
505
317
126
3
0
0
0
0
0
0
0
0
0
0
63
229
429
610
758
854
901
891
806
673
515
322
132
3
0
0
0
0
0
0
0
0
0
0
51
197
348
574
699
752
831
763
719
598
450
301
130
3
0
0
0
0
0
0
0
0
0
0
53
197
377
513
662
752
816
742
698
583
427
269
100
1
0
0
0
0
0
0
0
0
0
0
61
227
431
630
782
867
904
902
826
685
510
311
121
2
0
0
0
0
0
0
0
0
0
0
61
230
431
630
766
871
912
913
835
696
520
309
120
1
0
0
0
0
0
0
0
0
0
0
24
199
382
556
691
782
805
773
706
595
427
267
102
1
0
0
0
0
0
0
0
0
0
0
18
185
365
485
633
634
705
852
783
550
402
215
79
1
0
0
0
0
0
0
0
0
0
0
25
199
375
515
666
755
808
787
710
602
430
257
96
1
0
0
0
0
0
0
0
0
0
0
31
216
400
534
695
823
868
879
765
624
452
279
99
1
0
0
0
0
0
0
0
0
0
0
12
113
203
328
465
519
526
521
432
375
295
169
58
1
0
0
0
0
0
0
0
0
0
0
23
210
413
598
761
856
895
871
827
704
513
313
117
1
0
0
0
0
0
0
0
0
0
0
25
226
436
633
789
896
942
924
841
695
503
295
105
0
0
0
0
0
0
0
0
0
0
0
25
229
445
648
798
908
947
921
833
689
507
295
103
0
0
0
0
0
0
0
0
0
0
0
23
219
427
634
801
908
952
943
854
713
524
311
109
1
0
0
0
0
0
0
0
0
0
0
21
205
404
582
726
825
865
845
772
639
471
272
93
0
0
0
0
0
0
0
0
0
0
0
23
227
450
641
791
898
958
922
844
694
506
295
98
0
0
0
0
0
0
0
0
0
0
0
22
223
437
634
794
900
941
926
840
694
508
294
98
0
0
0
0
0
0
0
0
0
0
0
22
230
448
653
820
928
970
947
860
714
521
303
100
0
0
0
0
0
0
0
0
0
0
0
21
222
434
634
793
900
944
927
838
694
505
289
94
0
0
0
0
0
0
0
0
0
0
0
17
248
490
716
796
440
550
599
437
501
297
130
54
0
0
0
0
0
0
0
0
0
0
0
21
204
406
611
739
842
873
828
710
550
378
218
73
0
0
0
0
0
0
0
0
0
0
0
13
181
341
531
662
724
823
810
769
621
479
268
91
0
0
0
0
0
0
0
0
0
0
0
23
170
315
452
622
728
793
823
781
618
418
252
86
0
0
0
0
0
0
0
0
0
0
0
17
216
437
644
801
910
945
908
824
673
482
264
77
0
0
0
0
0
0
0
0
0
0
0
8
148
346
498
488
579
683
668
705
611
496
294
86
0
0
0
0
0
0
0
0
0
0
0
14
196
388
584
742
835
899
863
770
631
422
234
66
0
0
0
0
0
0
0
0
0
0
0
15
193
390
594
744
846
904
862
747
613
436
235
67
0
0
0
0
0
0
0
0
0
0
0
15
210
426
630
793
895
938
912
823
670
476
260
72
0
0
0
0
0
0
0
0
0
0
0
13
189
391
584
749
866
908
887
818
672
479
264
41
0
0
0
0
0
0
0
0
0
0
0
13
187
388
581
718
830
859
838
734
614
445
228
29
0
0
0
0
0
0
0
0
0
0
0
13
195
400
602
759
867
909
893
811
665
462
248
34
0
0
0
0
0
0
0
0
0
0
0
14
203
416
614
788
875
904
866
782
620
438
232
25
0
0
0
0
0
0
0
0
0
0
0
13
198
404
597
751
846
883
849
753
594
416
220
23
0
0
0
0
0
0
0
0
0
0
0
8
161
364
516
690
765
788
820
741
604
428
212
18
0
0
0
0
0
0
0
0
0
0
0
14
188
412
587
669
793
774
749
632
485
312
172
13
0
0
0
0
0
0
0
0
0
0
0
12
196
415
614
778
866
907
871
767
618
430
217
18
0
0
0
0
0
0
0
0
0
0
0
11
172
374
544
684
789
842
802
697
585
401
198
15
0
0
0
0
0
0
0
0
0
0
0
11
178
377
580
723
783
787
776
756
606
417
217
21
0
0
0
0
0
0
0
0
0
0
0
2
66
32
68
333
460
500
439
442
448
224
93
17
0
0
0
0
0
0
0
0
0
0
0
5
102
202
335
404
470
463
474
456
336
211
93
3
0
0
0
0
0
0
0
0
0
0
0
2
47
97
144
178
201
208
201
181
145
97
48
3
0
0
0
0
0
0
0
0
0
0
0
9
190
408
611
769
873
912
877
780
629
428
208
13
0
0
0
0
0
0
0
0
0
0
0
2
109
306
549
520
643
636
585
561
417
258
119
10
0
0
0
0
0
0
0
0
0
0
0
7
163
355
506
628
745
828
727
712
527
342
166
9
0
0
0
0
0
0
0
0
0
0
0
8
187
403
609
767
866
901
874
780
622
421
201
11
0
0
0
0
0
0
0
0
0
0
0
8
162
348
483
635
729
816
856
654
479
349
143
2
0
0
0
0
0
0
0
0
0
0
0
2
123
290
532
627
723
774
751
654
514
365
177
13
0
0
0
0
0
0
0
0
0
0
0
2
82
214
330
480
530
552
520
438
313
187
76
2
0
0
0
0
0
0
0
0
0
0
0
4
138
311
492
657
697
680
679
617
540
319
135
2
0
0
0
0
0
0
0
0
0
0
0
7
158
351
536
663
753
814
804
714
557
362
168
7
0
0
0
0
0
0
0
0
0
0
0
6
176
387
586
736
829
868
841
744
589
390
174
5
0
0
0
0
0
0
0
0
0
0
0
6
176
392
594
747
841
875
835
716
565
369
161
3
0
0
0
0
0
0
0
0
0
0
0
6
181
404
614
778
884
921
886
784
623
407
179
6
0
0
0
0
0
0
0
0
0
0
0
6
177
396
601
762
864
899
868
763
602
395
171
5
0
0
0
0
0
0
0
0
0
0
0
6
174
392
597
759
861
895
866
766
600
393
171
5
0
0
0
0
0
0
0
0
0
0
0
5
171
390
597
750
852
884
839
729
563
360
148
2
0
0
0
0
0
0
0
0
0
0
0
5
164
374
569
729
835
864
834
731
566
364
151
3
0
0
0
0
0
0
0
0
0
0
0
1
95
174
325
565
709
680
711
618
515
312
110
2
0
0
0
0
0
0
0
0
0
0
0
4
158
366
562
713
806
839
798
692
528
332
132
2
0
0
0
0
0
0
0
0
0
0
0
4
161
379
582
737
839
870
831
724
556
346
133
1
0
0
0
0
0
0
0
0
0
0
0
4
162
379
577
735
834
872
830
724
560
349
133
1
0
0
0
0
0
0
0
0
0
0
0
3
155
368
564
718
818
841
795
685
519
318
118
1
0
0
0
0
0
0
0
0
0
0
0
3
136
325
505
643
723
741
712
612
462
279
101
1
0
0
0
0
0
0
0
0
0
0
0
5
160
292
637
765
474
425
323
251
104
95
11
0
0
0
0
0
0
0
0
0
0
0
0
1
56
143
209
279
329
339
356
331
245
150
51
0
0
0
0
0
0
0
0
0
0
0
0
3
142
352
549
701
799
814
780
676
514
310
108
0
0
0
0
0
0
0
0
0
0
0
0
2
132
321
497
637
723
744
702
605
458
276
96
0
0
0
0
0
0
0
0
0
0
0
0
2
152
367
567
722
816
843
800
691
524
317
109
0
0
0
0
0
0
0
0
0
0
0
0
2
133
313
480
637
717
763
744
658
507
313
106
0
0
0
0
0
0
0
0
0
0
0
0
2
136
339
527
677
754
789
745
627
483
280
93
0
0
0
0
0
0
0
0
0
0
0
0
2
130
326
512
663
751
781
752
644
495
299
100
0
0
0
0
0
0
0
0
0
0
0
0
1
102
273
405
572
718
736
662
575
415
249
77
0
0
0
0
0
0
0
0
0
0
0
0
1
87
219
324
410
491
518
489
432
292
161
46
0
0
0
0
0
0
0
0
0
0
0
0
2
134
340
542
685
784
818
776
663
492
285
86
0
0
0
0
0
0
0
0
0
0
0
0
1
133
341
537
677
760
767
698
578
433
244
73
0
0
0
0
0
0
0
0
0
0
0
0
1
105
289
454
632
705
701
683
473
357
208
53
0
0
0
0
0
0
0
0
0
0
0
0
1
119
311
487
626
744
745
700
583
422
246
73
0
0
0
0
0
0
0
0
0
0
0
0
1
118
308
491
630
730
756
714
618
450
250
32
0
0
0
0
0
0
0
0
0
0
0
0
1
116
313
501
660
741
777
720
622
458
263
38
0
0
0
0
0
0
0
0
0
0
0
0
1
115
309
500
642
731
768
725
621
456
258
35
0
0
0
0
0
0
0
0
0
0
0
0
1
115
310
507
659
750
770
717
610
454
253
30
0
0
0
0
0
0
0
0
0
0
0
0
1
105
280
473
620
704
720
665
562
419
231
30
0
0
0
0
0
0
0
0
0
0
0
0
0
84
234
387
508
568
586
558
468
334
188
19
0
0
0
0
0
0
0
0
0
0
0
0
0
99
277
455
599
689
720
672
566
411
227
26
0
0
0
0
0
0
0
0
0
0
0
0
0
110
312
507
657
750
774
720
602
435
237
23
0
0
0
0
0
0
0
0
0
0
0
0
0
103
297
489
638
717
748
709
592
429
229
22
0
0
0
0
0
0
0
0
0
0
0
0
0
97
274
446
575
688
679
636
531
371
211
21
0
0
0
0
0
0
0
0
0
0
0
0
0
96
281
460
601
687
709
665
561
404
215
19
0
0
0
0
0
0
0
0
0
0
0
0
0
95
280
466
605
685
697
654
553
398
205
16
0
0
0
0
0
0
0
0
0
0
0
0
0
90
268
465
606
683
683
640
524
368
187
14
0
0
0
0
0
0
0
0
0
0
0
0
0
93
276
458
603
679
679
645
529
382
190
14
0
0
0
0
0
0
0
0
0
0
0
0
0
91
278
450
600
678
704
648
521
383
196
13
0
0
0
0
0
0
0
0
0
0
0
0
0
72
233
389
478
557
546
476
391
271
130
3
0
0
0
0
0
0
0
0
0
0
0
0
0
84
247
409
486
563
709
575
428
322
163
15
0
0
0
0
0
0
0
0
0
0
0
0
0
85
268
447
594
688
709
665
563
401
209
16
0
0
0
0
0
0
0
0
0
0
0
0
0
86
277
469
621
711
733
692
582
411
210
14
0
0
0
0
0
0
0
0
0
0
0
0
0
78
254
431
573
662
683
653
544
381
192
12
0
0
0
0
0
0
0
0
0
0
0
0
0
80
264
452
604
694
718
679
567
399
200
12
0
0
0
0
0
0
0
0
0
0
0
0
0
72
244
421
570
664
680
628
528
370
190
12
0
0
0
0
0
0
0
0
0
0
0
0
0
54
220
340
410
511
534
489
463
314
202
20
0
0
0
0
0
0
0
0
0
0
0
0
0
37
256
447
587
675
699
657
547
382
188
9
0
0
0
0
0
0
0
0
0
0
0
0
0
36
262
457
610
702
727
681
569
398
196
10
0
0
0
0
0
0
0
0
0
0
0
0
0
31
237
407
545
631
656
609
501
355
176
9
0
0
0
0
0
0
0
0
0
0
0
0
0
30
234
418
558
649
681
641
537
371
183
10
0
0
0
0
0
0
0
0
0
0
0
0
0
30
249
441
590
682
705
651
536
373
180
7
0
0
0
0
0
0
0
0
0
0
0
0
0
29
246
428
578
667
683
634
521
366
173
6
0
0
0
0
0
0
0
0
0
0
0
0
0
27
239
421
564
641
670
623
513
357
173
7
0
0
0
0
0
0
0
0
0
0
0
0
0
27
239
427
574
660
688
644
534
370
176
7
0
0
0
0
0
0
0
0
0
0
0
0
0
19
181
329
443
551
578
530
408
289
128
2
0
0
0
0
0
0
0
0
0
0
0
0
0
23
226
411
557
649
673
631
528
362
171
6
0
0
0
0
0
0
0
0
0
0
0
0
0
22
220
401
528
614
642
589
507
351
172
8
0
0
0
0
0
0
0
0
0
0
0
0
0
17
195
375
510
580
607
567
477
321
149
5
0
0
0
0
0
0
0
0
0
0
0
0
0
19
191
369
514
580
620
579
486
324
147
3
0
0
0
0
0
0
0
0
0
0
0
0
0
17
190
372
508
601
616
583
485
335
159
8
0
0
0
0
0
0
0
0
0
0
0
0
0
17
197
368
510
596
617
581
482
329
153
5
0
0
0
0
0
0
0
0
0
0
0
0
0
17
209
390
531
620
647
603
492
339
160
5
0
0
0
0
0
0
0
0
0
0
0
0
0
16
210
389
538
625
656
614
510
352
170
6
0
0
0
0
0
0
0
0
0
0
0
0
0
16
220
411
566
660
687
645
535
371
174
5
0
0
0
0
0
0
0
0
0
0
0
0
0
10
168
321
463
582
599
545
415
287
133
4
0
0
0
0
0
0
0
0
0
0
0
0
0
13
200
385
533
625
655
616
508
352
163
5
0
0
0
0
0
0
0
0
0
0
0
0
0
8
160
301
405
508
550
558
474
330
167
8
0
0
0
0
0
0
0
0
0
0
0
0
0
12
176
337
465
502
523
522
438
317
144
6
0
0
0
0
0
0
0
0
0
0
0
0
0
10
172
341
465
555
574
537
430
307
136
2
0
0
0
0
0
0
0
0
0
0
0
0
0
10
173
348
493
578
612
580
487
336
160
6
0
0
0
0
0
0
0
0
0
0
0
0
0
10
156
309
404
488
526
491
450
336
137
3
0
0
0
0
0
0
0
0
0
0
0
0
0
9
172
343
480
567
607
566
456
318
149
5
0
0
0
0
0
0
0
0
0
0
0
0
0
8
168
341
477
572
597
576
476
331
157
5
0
0
0
0
0
0
0
0
0
0
0
0
0
8
182
370
521
616
648
610
504
353
163
5
0
0
0
0
0
0
0
0
0
0
0
0
0
7
173
351
501
596
623
588
488
337
158
4
0
0
0
0
0
0
0
0
0
0
0
0
0
4
130
305
392
487
531
529
411
317
138
4
0
0
0
0
0
0
0
0
0
0
0
0
0
7
169
348
501
587
605
565
470
327
151
3
0
0
0
0
0
0
0
0
0
0
0
0
0
6
159
334
477
567
598
565
473
329
151
5
0
0
0
0
0
0
0
0
0
0
0
0
0
6
161
341
494
586
623
581
483
332
153
4
0
0
0
0
0
0
0
0
0
0
0
0
0
4
148
317
466
546
586
549
457
313
146
5
0
0
0
0
0
0
0
0
0
0
0
0
0
4
146
325
476
552
569
538
443
312
151
5
0
0
0
0
0
0
0
0
0
0
0
0
0
5
153
326
470
565
595
565
467
329
156
4
0
0
0
0
0
0
0
0
0
0
0
0
0
4
141
311
453
554
591
565
466
319
150
5
0
0
0
0
0
0
0
0
0
0
0
0
0
3
142
315
459
559
590
558
462
319
149
4
0
0
0
0
0
0
0
0
0
0
0
0
0
4
147
323
469
573
603
578
480
342
165
7
0
0
0
0
0
0
0
0
0
0
0
0
0
4
142
315
451
556
597
560
457
320
152
5
0
0
0
0
0
0
0
0
0
0
0
0
0
4
146
324
475
576
610
579
482
338
165
6
0
0
0
0
0
0
0
0
0
0
0
0
0
3
148
331
481
577
614
589
494
344
164
5
0
0
0
0
0
0
0
0
0
0
0
0
0
3
137
308
443
547
573
550
458
322
160
7
0
0
0
0
0
0
0
0
0
0
0
0
0
3
125
280
420
521
551
542
467
331
158
6
0
0
0
0
0
0
0
0
0
0
0
0
0
3
149
336
497
599
641
616
521
369
180
8
0
0
0
0
0
0
0
0
0
0
0
0
0
1
107
247
376
493
519
508
416
287
145
8
0
0
0
0
0
0
0
0
0
0
0
0
0
1
115
295
423
446
456
470
400
300
184
14
0
0
0
0
0
0
0
0
0
0
0
0
0
3
134
308
452
558
610
578
484
346
172
8
0
0
0
0
0
0
0
0
0
0
0
0
0
3
116
250
318
429
433
533
502
301
150
10
0
0
0
0
0
0
0
0
0
0
0
0
0
2
128
300
443
542
586
553
449
319
162
7
0
0
0
0
0
0
0
0
0
0
0
0
0
2
128
297
443
548
606
580
500
360
179
10
0
0
0
0
0
0
0
0
0
0
0
0
0
2
127
304
460
546
587
563
473
320
151
4
0
0
0
0
0
0
0
0
0
0
0
0
0
2
128
307
458
562
591
557
480
333
165
7
0
0
0
0
0
0