0
0
0
0
0
0
0
0
20
206
363
486
567
570
510
398
243
80
0
0
0
0
0
0
0
0
0
0
0
0
0
0
21
201
345
447
536
540
503
387
239
85
0
0
0
0
0
0
0
0
0
0
0
0
0
0
20
196
346
470
524
547
517
398
259
91
0
0
0
0
0
0
0
0
0
0
0
0
0
0
20
218
392
528
604
610
553
436
277
99
0
0
0
0
0
0
0
0
0
0
0
0
0
0
21
232
416
558
640
650
592
466
293
103
0
0
0
0
0
0
0
0
0
0
0
0
0
0
19
213
386
518
585
600
545
439
277
99
0
0
0
0
0
0
0
0
0
0
0
0
0
0
20
216
387
526
605
615
567
456
295
109
0
0
0
0
0
0
0
0
0
0
0
0
0
0
20
221
394
531
610
624
571
458
294
110
0
0
0
0
0
0
0
0
0
0
0
0
0
0
20
215
391
522
599
612
557
448
288
108
0
0
0
0
0
0
0
0
0
0
0
0
0
0
20
222
398
531
604
617
566
454
296
113
0
0
0
0
0
0
0
0
0
0
0
0
0
0
21
228
411
552
635
648
595
478
309
119
1
0
0
0
0
0
0
0
0
0
0
0
0
0
21
223
404
546
627
645
592
478
311
121
1
0
0
0
0
0
0
0
0
0
0
0
0
0
21
227
412
555
639
654
602
486
316
125
1
0
0
0
0
0
0
0
0
0
0
0
0
0
20
214
388
523
602
618
568
456
301
119
1
0
0
0
0
0
0
0
0
0
0
0
0
0
20
211
377
504
577
590
542
442
287
114
1
0
0
0
0
0
0
0
0
0
0
0
0
0
20
217
386
519
590
615
566
459
299
123
1
0
0
0
0
0
0
0
0
0
0
0
0
0
21
225
406
538
611
627
579
470
311
130
1
0
0
0
0
0
0
0
0
0
0
0
0
0
22
228
412
550
634
650
605
492
328
138
2
0
0
0
0
0
0
0
0
0
0
0
0
0
23
232
414
559
643
664
613
502
334
141
2
0
0
0
0
0
0
0
0
0
0
0
0
0
23
238
427
577
661
678
629
511
340
144
2
0
0
0
0
0
0
0
0
0
0
0
0
0
23
234
422
566
658
679
633
517
345
147
2
0
0
0
0
0
0
0
0
0
0
0
0
0
23
228
408
546
623
644
595
492
329
142
2
0
0
0
0
0
0
0
0
0
0
0
0
0
16
158
290
239
150
61
182
236
195
45
1
0
0
0
0
0
0
0
0
0
0
0
0
0
25
226
394
529
602
622
586
473
334
155
4
0
0
0
0
0
0
0
0
0
0
0
0
0
27
252
447
597
686
704
653
539
368
167
3
0
0
0
0
0
0
0
0
0
0
0
0
0
28
251
445
594
684
707
661
546
373
170
4
0
0
0
0
0
0
0
0
0
0
0
0
0
28
255
454
609
703
724
670
547
372
168
4
0
0
0
0
0
0
0
0
0
0
0
0
0
27
238
419
562
648
665
613
509
352
164
5
0
0
0
0
0
0
0
0
0
0
0
0
0
30
258
453
605
696
719
671
557
385
179
6
0
0
0
0
0
0
0
0
0
0
0
0
0
30
252
441
591
679
703
650
535
370
174
6
0
0
0
0
0
0
0
0
0
0
0
0
0
32
260
455
607
696
715
666
547
375
176
5
0
0
0
0
0
0
0
0
0
0
0
0
0
32
258
445
592
680
702
657
542
376
180
6
0
0
0
0
0
0
0
0
0
0
0
0
0
32
245
430
576
659
670
628
529
369
181
8
0
0
0
0
0
0
0
0
0
0
0
0
0
27
202
310
451
548
588
481
388
263
109
2
0
0
0
0
0
0
0
0
0
0
0
0
0
35
257
448
597
681
702
654
540
377
183
7
0
0
0
0
0
0
0
0
0
0
0
0
0
35
252
433
567
654
674
634
528
376
186
8
0
0
0
0
0
0
0
0
0
0
0
0
0
77
268
459
607
695
722
674
563
396
198
10
0
0
0
0
0
0
0
0
0
0
0
0
0
80
274
469
618
707
728
682
570
402
200
10
0
0
0
0
0
0
0
0
0
0
0
0
0
77
262
448
592
680
708
665
558
394
199
12
0
0
0
0
0
0
0
0
0
0
0
0
0
82
272
463
609
699
717
665
561
400
204
12
0
0
0
0
0
0
0
0
0
0
0
0
0
84
272
456
592
671
705
660
551
393
201
11
0
0
0
0
0
0
0
0
0
0
0
0
0
88
281
471
614
703
723
672
564
400
204
12
0
0
0
0
0
0
0
0
0
0
0
0
0
90
283
474
624
715
739
696
588
426
225
18
0
0
0
0
0
0
0
0
0
0
0
0
0
88
273
448
583
667
693
644
535
383
196
13
0
0
0
0
0
0
0
0
0
0
0
0
0
104
315
518
672
764
789
742
625
450
237
17
0
0
0
0
0
0
0
0
0
0
0
0
0
93
278
453
591
672
693
640
534
385
207
15
0
0
0
0
0
0
0
0
0
0
0
0
0
110
320
520
672
763
785
741
630
459
250
21
0
0
0
0
0
0
0
0
0
0
0
0
0
30
131
286
204
76
207
533
500
501
291
55
0
0
0
0
0
0
0
0
0
0
0
0
0
109
311
498
639
723
744
700
594
433
237
21
0
0
0
0
0
0
0
0
0
0
0
0
0
122
338
541
693
783
805
752
633
461
251
20
0
0
0
0
0
0
0
0
0
0
0
0
0
122
334
531
679
766
790
745
633
464
256
24
0
0
0
0
0
0
0
0
0
0
0
0
0
117
321
518
667
761
780
726
610
443
242
22
0
0
0
0
0
0
0
0
0
0
0
0
1
114
313
504
651
728
753
703
601
442
245
25
0
0
0
0
0
0
0
0
0
0
0
0
1
110
294
470
593
662
699
667
555
399
219
22
0
0
0
0
0
0
0
0
0
0
0
0
1
130
344
546
706
799
826
783
672
499
281
35
0
0
0
0
0
0
0
0
0
0
0
0
1
125
328
512
657
743
772
733
624
465
262
33
0
0
0
0
0
0
0
0
0
0
0
0
1
96
247
388
496
575
568
547
463
345
205
27
0
0
0
0
0
0
0
0
0
0
0
0
1
122
311
497
640
726
757
706
591
433
246
28
0
0
0
0
0
0
0
0
0
0
0
0
1
92
235
382
492
559
437
457
377
277
142
7
0
0
0
0
0
0
0
0
0
0
0
0
1
97
251
377
485
535
506
490
433
307
172
21
0
0
0
0
0
0
0
0
0
0
0
0
4
117
328
432
498
560
709
574
538
388
232
26
0
0
0
0
0
0
0
0
0
0
0
0
3
164
388
593
748
840
861
815
699
521
303
44
0
0
0
0
0
0
0
0
0
0
0
0
3
166
388
588
740
827
846
795
677
506
294
85
0
0
0
0
0
0
0
0
0
0
0
0
3
166
383
579
727
819
841
800
682
514
299
90
0
0
0
0
0
0
0
0
0
0
0
0
4
177
406
612
770
860
881
824
698
518
300
88
0
0
0
0
0
0
0
0
0
0
0
0
4
181
405
608
762
850
869
818
701
522
306
93
0
0
0
0
0
0
0
0
0
0
0
0
5
195
429
637
793
883
903
849
728
547
326
102
0
0
0
0
0
0
0
0
0
0
0
0
6
206
445
660
819
911
929
871
744
558
331
103
0
0
0
0
0
0
0
0
0
0
0
0
7
199
427
629
778
867
887
839
721
544
327
106
0
0
0
0
0
0
0
0
0
0
0
0
7
189
403
594
735
815
840
786
672
508
302
98
0
0
0
0
0
0
0
0
0
0
0
0
8
213
446
652
809
897
914
862
741
558
336
110
0
0
0
0
0
0
0
0
0
0
0
0
9
213
441
639
789
876
898
848
732
558
341
116
0
0
0
0
0
0
0
0
0
0
0
0
10
223
463
676
835
926
938
876
750
561
334
109
0
0
0
0
0
0
0
0
0
0
0
0
11
216
443
640
786
872
887
836
717
542
325
109
0
0
0
0
0
0
0
0
0
0
0
0
12
215
435
627
765
849
870
822
708
537
323
110
0
0
0
0
0
0
0
0
0
0
0
0
14
237
473
680
834
922
940
885
762
579
354
124
0
0
0
0
0
0
0
0
0
0
0
0
15
245
485
696
853
943
960
904
777
590
360
126
0
0
0
0
0
0
0
0
0
0
0
0
16
240
470
673
825
911
927
877
758
578
356
127
0
0
0
0
0
0
0
0
0
0
0
0
16
230
447
643
785
871
889
839
727
554
344
125
1
0
0
0
0
0
0
0
0
0
0
0
18
240
463
657
804
891
909
859
742
567
351
128
1
0
0
0
0
0
0
0
0
0
0
0
19
222
416
590
704
773
771
722
626
486
300
110
0
0
0
0
0
0
0
0
0
0
0
0
23
262
492
691
838
920
932
876
754
575
357
131
0
0
0
0
0
0
0
0
0
0
0
0
24
255
480
674
818
900
911
852
734
556
343
126
0
0
0
0
0
0
0
0
0
0
0
0
17
189
337
504
594
644
679
623
498
373
233
91
1
0
0
0
0
0
0
0
0
0
0
0
26
254
468
654
795
873
892
840
722
553
343
129
1
0
0
0
0
0
0
0
0
0
0
0
23
217
398
549
654
704
712
673
583
443
270
101
1
0
0
0
0
0
0
0
0
0
0
0
32
276
501
693
836
916
923
865
737
565
350
133
1
0
0
0
0
0
0
0
0
0
0
0
33
273
496
689
829
908
919
869
740
563
350
132
1
0
0
0
0
0
0
0
0
0
0
0
38
296
531
730
879
963
974
916
789
605
379
148
1
0
0
0
0
0
0
0
0
0
0
0
39
284
503
692
825
902
916
862
746
569
357
140
1
0
0
0
0
0
0
0
0
0
0
0
89
313
549
752
898
981
988
927
800
616
388
154
1
0
0
0
0
0
0
0
0
0
0
0
86
294
512
699
836
908
916
862
740
572
362
145
1
0
0
0
0
0
0
0
0
0
0
0
60
206
343
475
575
646
606
566
463
339
220
86
1
0
0
0
0
0
0
0
0
0
0
0
83
266
453
613
727
788
786
738
635
498
319
131
1
0
0
0
0
0
0
0
0
0
0
0
114
359
606
825
585
635
644
596
510
393
246
102
1
0
0
0
0
0
0
0
0
0
0
0
89
276
477
653
777
870
874
839
738
578
376
161
5
0
0
0
0
0
0
0
0
0
0
0
100
308
522
706
835
907
921
863
748
579
369
153
2
0
0
0
0
0
0
0
0
0
0
0
111
332
559
752
891
966
975
913
787
605
387
160
2
0
0
0
0
0
0
0
0
0
0
0
123
358
595
794
938
1011
1013
944
810
621
394
162
1
0
0
0
0
0
0
0
0
0
0
0
120
346
577
773
916
993
1004
940
812
630
405
171
3
0
0
0
0
0
0
0
0
0
0
1
123
347
572
766
902
975
983
924
801
624
402
174
4
0
0
0
0
0
0
0
0
0
0
1
129
356
584
772
903
974
979
913
789
609
392
166
2
0
0
0
0
0
0
0
0
0
0
1
136
369
599
792
932
1006
1012
944
815
630
406
174
3
0
0
0
0
0
0
0
0
0
0
1
128
342
559
740
872
946
950
891
772
595
382
164
3
0
0
0
0
0
0
0
0
0
0
1
135
359
582
768
906
982
986
927
805
627
406
177
5
0
0
0
0
0
0
0
0
0
0
1
140
368
595
785
921
996
1004
938
808
627
406
176
5
0
0
0
0
0
0
0
0
0
0
2
127
311
505
647
746
842
840
799
691
539
349
155
4
0
0
0
0
0
0
0
0
0
0
2
154
389
622
818
958
1031
1034
970
835
647
419
183
4
0
0
0
0
0
0
0
0
0
0
2
152
384
615
805
942
1013
1019
949
818
634
411
180
5
0
0
0
0
0
0
0
0
0
0
2
156
386
611
800
934
999
1002
940
813
626
405
178
4
0
0
0
0
0
0
0
0
0
0
3
153
376
596
779
911
983
987
930
804
627
410
184
7
0
0
0
0
0
0
0
0
0
0
3
132
324
523
689
802
870
882
850
721
579
385
174
8
0
0
0
0
0
0
0
0
0
0
4
167
402
633
829
963
1036
1039
967
833
643
418
186
5
0
0
0
0
0
0
0
0
0
0
4
164
388
608
794
924
995
996
938
812
630
413
187
7
0
0
0
0
0
0
0
0
0
0
4
169
394
611
789
913
979
978
914
792
617
407
187
7
0
0
0
0
0
0
0
0
0
0
4
151
345
532
705
814
874
888
820
718
541
360
168
5
0
0
0
0
0
0
0
0
0
0
4
156
364
561
730
852
922
924
864
765
608
397
185
9
0
0
0
0
0
0
0
0
0
0
5
169
391
608
789
921
987
992
928
811
632
418
195
10
0
0
0
0
0
0
0
0
0
0
6
166
379
590
770
897
959
957
895
779
607
400
186
9
0
0
0
0
0
0
0
0
0
0
7
184
413
635
820
954
1024
1025
964
840
660
440
209
12
0
0
0
0
0
0
0
0
0
0
7
183
406
622
798
923
991
996
933
808
631
421
199
10
0
0
0
0
0
0
0
0
0
0
5
171
406
684
856
572
595
600
525
544
467
330
172
16
0
0
0
0
0
0
0
0
0
0
7
162
354
554
708
755
839
858
834
699
547
361
166
14
0
0
0
0
0
0
0
0
0
0
10
197
421
637
811
934
1002
1007
946
825
650
436
211
12
0
0
0
0
0
0
0
0
0
0
9
188
399
607
779
899
966
965
904
791
627
425
208
14
0
0
0
0
0
0
0
0
0
0
10
188
399
599
770
881
944
951
898
779
613
415
207
14
0
0
0
0
0
0
0
0
0
0
11
180
379
571
720
837
886
903
849
746
575
392
190
13
0
0
0
0
0
0
0
0
0
0
11
163
273
475
452
640
586
733
774
698
528
320
106
4
0
0
0
0
0
0
0
0
0
0
13
202
421
627
799
919
987
984
928
808
640
435
216
16
0
0
0
0
0
0
0
0
0
0
13
210
438
655
834
956
1017
1019
952
827
650
433
210
13
0
0
0
0
0
0
0
0
0
0
14
210
433
647
825
951
1017
1025
958
842
667
455
229
19
0
0
0
0
0
0
0
0
0
0
23
232
474
704
895
1030
1101
1078
945
763
583
368
184
5
0
0
0
0
0
0
0
0
0
0
14
204
411
608
773
897
961
966
908
789
626
426
218
19
0
0
0
0
0
0
0
0
0
0
15
202
410
610
774
893
958
958
898
787
624
426
215
19
0
0
0
0
0
0
0
0
0
0
17
215
435
647
824
949
1014
1015
951
831
658
451
230
21
0
0
0
0
0
0
0
0
0
0
17
211
428
633
801
927
985
984
925
809
636
432
215
19
0
0
0
0
0
0
0
0
0
0
18
222
443
657
829
949
1007
1004
938
818
643
435
216
16
0
0
0
0
0
0
0
0
0
0
18
214
429
632
799
910
970
969
910
798
635
442
228
22
0
0
0
0
0
0
0
0
0
0
22
246
484
704
888
1016
1081
1082
1013
884
701
480
248
22
0
0
0
0
0
0
0
0
0
0
23
249
486
706
889
1019
1084
1080
1015
886
706
488
255
25
0
0
0
0
0
0
0
0
0
0
21
223
437
637
796
903
961
962
908
794
634
436
229
24
0
0
0
0
0
0
0
0
0
0
23
258
513
734
909
466
533
478
447
369
277
208
108
14
0
0
0
0
0
0
0
0
0
0
22
231
449
657
828
947
1010
1011
952
832
660
455
238
25
0
0
0
0
0
0
0
0
0
0
26
253
486
705
886
1011
1077
1077
1017
891
714
496
264
30
0
0
0
0
0
0
0
0
0
0
24
233
448
651
815
940
1007
1005
946
831
666
466
251
31
0
0
0
0
0
0
0
0
0
0
24
240
475
681
814
1024
1139
1142
1076
892
750
486
243
24
0
0
0
0
0
0
0
0
0
0
27
254
485
702
878
1003
1064
1062
998
875
698
488
262
31
0
0
0
0
0
0
0
0
0
0
26
240
461
671
843
964
1028
1031
973
854
684
477
256
32
0
0
0
0
0
0
0
0
0
0
25
231
446
644
800
920
977
971
909
790
632
438
232
27
0
0
0
0
0
0
0
0
0
0
27
241
465
677
853
971
1030
1026
964
842
669
462
242
27
0
0
0
0
0
0
0
0
0
0
25
229
438
636
800
914
976
969
914
801
640
447
243
67
0
0
0
0
0
0
0
0
0
0
26
229
440
643
808
924
987
987
927
817
655
454
244
66
0
0
0
0
0
0
0
0
0
0
26
227
438
636
800
920
986
994
938
820
662
466
255
71
0
0
0
0
0
0
0
0
0
0
28
241
461
671
847
972
1036
1040
984
867
699
493
271
78
0
0
0
0
0
0
0
0
0
0
29
243
460
664
838
961
1029
1034
974
860
693
489
269
78
0
0
0
0
0
0
0
0
0
0
24
196
384
548
688
810
915
925
849
735
615
432
235
70
0
0
0
0
0
0
0
0
0
0
27
230
441
631
800
907
966
969
915
805
649
456
245
70
0
0
0
0
0
0
0
0
0
0
23
205
400
597
751
822
843
869
769
668
554
389
191
51
0
0
0
0
0
0
0
0
0
0
28
223
418
612
762
870
920
907
871
777
637
458
261
78
0
0
0
0
0
0
0
0
0
0
26
212
413
595
745
848
895
934
872
766
608
431
242
76
0
0
0
0
0
0
0
0
0
0
25
206
380
523
681
746
834
851
830
743
590
451
252
80
0
0
0
0
0
0
0
0
0
0
27
227
438
643
811
935
1006
1014
965
858
698
498
279
86
0
0
0
0
0
0
0
0
0
0
28
228
440
636
799
920
986
993
949
841
682
489
278
87
0
0
0
0
0
0
0
0
0
0
28
211
402
557
683
797
888
879
852
763
652
463
262
90
0
0
0
0
0
0
0
0
0
0
31
252
477
690
862
986
1051
1053
996
879
709
501
280
86
0
0
0
0
0
0
0
0
0
0
28
228
440
641
804
921
988
998
947
844
687
490
278
89
0
0
0
0
0
0
0
0
0
0
27
225
427
622
781
898
966
973
922
809
645
456
252
76
0
0
0
0
0
0
0
0
0
0
31
256
487
705
888
1017
1082
1082
1020
897
723
507
281
85
0
0
0
0
0
0
0
0
0
0
27
228
440
641
815
934
1000
1006
951
839
677
480
266
83
0
0
0
0
0
0
0
0
0
0
27
227
439
648
825
950
1017
1025
970
860
697
496
278
88
0
0
0
0
0
0
0
0
0
0
27
236
454
662
836
963
1028
1040
984
869
710
508
288
92
0
0
0
0
0
0
0
0
0
0
26
231
449
659
836
961
1027
1034
979
868
701
496
278
88
0
0
0
0
0
0
0
0
0
0
25
225
438
644
817
942
1009
1016
962
850
687
486
272
86
0
0
0
0
0
0
0
0
0
0
24
216
428
633
804
929
997
1005
949
843
682
485
275
89
0
0
0
0
0
0
0
0
0
0
22
205
404
605
768
892
959
978
930
829
676
481
275
87
0
0
0
0
0
0
0
0
0
0
24
217
420
619
786
911
982
988
943
838
681
488
277
91
0
0
0
0
0
0
0
0
0
0
24
217
422
621
787
910
973
983
934
827
670
478
269
86
0
0
0
0
0
0
0
0
0
0
23
218
426
633
806
933
1003
1019
965
852
691
493
283
92
0
0
0
0
0
0
0
0
0
0
24
223
436
642
814
943
1005
1009
956
851
687
492
279
91
0
0
0
0
0
0
0
0
0
0
22
214
422
625
794
917
983
992
940
832
674
480
270
86
0
0
0
0
0
0
0
0
0
0
22
215
424
630
802
933
1008
1022
974
868
710
509
289
93
0
0
0
0
0
0
0
0
0
0
20
209
415
617
783
901
973
987
939
837
682
483
271
88
0
0
0
0
0
0
0
0
0
0
20
203
403
598
762
881
946
954
904
801
650
463
260
83
0
0
0
0
0
0
0
0
0
0
19
184
372
565
721
836
886
878
836
723
599
401
214
69
0
0
0
0
0
0
0
0
0
0
20
216
430
640
819
953
1028
1037
983
870
706
502
283
91
0
0
0
0
0
0
0
0
0
0
19
201
403
601
769
890
957
967
917
813
659
468
263
84
0
0
0
0
0
0
0
0
0
0
20
209
413
609
785
899
955
958
927
819
667
485
278
90
0
0
0
0
0
0
0
0
0
0
20
216
430
636
809
934
1004
1014
964
856
697
500
285
92
0
0
0
0
0
0
0
0
0
0
18
190
391
600
786
938
1037
1107
1053
913
763
548
297
102
0
0
0
0
0
0
0
0
0
0
17
203
412
617
790
917
988
998
948
840
682
485
273
86
0
0
0
0
0
0
0
0
0
0
17
197
401
594
762
885
953
961
906
803
645
451
251
78
0
0
0
0
0
0
0
0
0
0
16
196
403
611
794
928
993
1001
950
840
681
483
272
86
0
0
0
0
0
0
0
0
0
0
15
194
406
607
781
906
973
980
924
814
657
462
258
78
0
0
0
0
0
0
0
0
0
0
16
206
423
638
823
957
1030
1046
992
881
716
509
289
91
0
0
0
0
0
0
0
0
0
0
11
178
339
534
684
769
847
872
801
720
620
457
246
77
0
0
0
0
0
0
0
0
0
0
13
191
400
611
790
918
992
1002
950
833
672
471
259
77
0
0
0
0
0
0
0
0
0
0
13
186
394
596
769
902
976
995
950
837
677
481
265
82
0
0
0
0
0
0
0
0
0
0
11
176
377
573
737
854
929
954
898
779
631
442
240
73
0
0
0
0
0
0
0
0
0
0
11
179
384
586
763
895
960
972
927
827
662
468
258
78
0
0
0
0
0
0
0
0
0
0
11
177
378
587
762
891
961
969
921
814
652
456
250
75
0
0
0
0
0
0
0
0
0
0
11
183
393
608
783
915
993
997
946
838
674
469
255
74
0
0
0
0
0
0
0
0
0
0
11
175
378
585
762
897
973
984
935
834
672
472
258
76
0
0
0
0
0
0
0
0
0
0
11
192
412
628
809
946
1023
1039
988
877
712
506
283
85
0
0
0
0
0
0
0
0
0
0
9
159
349
531
719
814
883
848
814
728
596
439
232
66
0
0
0
0
0
0
0
0
0
0
9
169
371
568
735
866
947
959
921
823
667
478
262
79
0
0
0
0
0
0
0
0
0
0
9
183
400
615
799
935
1004
1011
961
849
680
475
256
72
0
0
0
0
0
0
0
0
0
0
8
166
373
582
756
867
944
958
904
795
641
451
245
69
0
0
0
0
0
0
0
0
0
0
7
160
359
556
725
853
937
940
898
797
637
452
245
67
0
0
0
0
0
0
0
0
0
0
8
170
379
584
760
890
968
990
940
823
655
453
241
64
0
0
0
0
0
0
0
0
0
0
6
139
330
537
675
788
867
854
804
706
591
431
226
57
0
0
0
0
0
0
0
0
0
0
7
158
359
566
742
867
950
971
925
818
660
466
249
67
0
0
0
0
0
0
0
0
0
0
6
164
371
583
761
893
964
970
923
811
659
460
246
32
0
0
0
0
0
0
0
0
0
0
7
172
390
604
787
912
984
996
945
833
666
460
244
28
0
0
0
0
0
0
0
0
0
0
6
158
359
565
732
864
946
953
911
806
653
456
244
32
0
0
0
0
0
0
0
0
0
0
6
165
377
589
772
906
978
987
948
838
674
470
249
31
0
0
0
0
0
0
0
0
0
0
6
162
370
581
765
899
964
979
931
817
652
452
238
27
0
0
0
0
0
0
0
0
0
0
5
159
363
577
762
896
967
984
938
830
663
459
243
29
0
0
0
0
0
0
0
0
0
0
5
157
367
582
768
902
983
997
951
841
671
462
244
29
0
0
0
0
0
0
0
0
0
0
4
152
356
571
755
889
961
974
910
792
634
429
217
19
0
0
0
0
0
0
0
0
0
0
5
154
349
547
718
835
913
916
878
766
610
409
209
18
0
0
0
0
0
0
0
0
0
0
4
145
348
550
737
866
933
940
898
785
621
419
217
20
0
0
0
0
0
0
0
0
0
0
4
156
372
592
780
919
995
1011
958
846
674
462
237
23
0
0
0
0
0
0
0
0
0
0
3
138
339
544
720
846
923
924
872
762
605
411
211
19
0
0
0
0
0
0
0
0
0
0
3
145
357
574
764
899
976
987
931
818
651
437
216
17
0
0
0
0
0
0
0
0
0
0
3
143
357
569
753
886
960
974
927
807
633
431
214
17
0
0
0
0
0
0
0
0
0
0
3
126
315
534
670
747
854
907
851
725
565
369
181
14
0
0
0
0
0
0
0
0
0
0
3
134
330
523
703
827
896
913
855
755
590
402
194
14
0
0
0
0
0
0
0
0
0
0
2
140
348
560
737
867
939
948
894
781
619
415
201
13
0
0
0
0
0
0
0
0
0
0
3
136
339
553
725
851
916
922
870
761
600
408
199
14
0
0
0
0
0
0
0
0
0
0
3
147
367
591
781
916
996
1012
958
838
665
447
218
15
0
0
0
0
0
0
0
0
0
0
2
140
357
576
764
901
978
983
925
808
632
420
200
11
0
0
0
0
0
0
0
0
0
0
2
128
328
536
711
838
915
937
883
781
610
413
198
13
0
0
0
0
0
0
0
0
0
0
1
109
288
479
628
746
803
802
733
625
472
309
142
3
0
0
0
0
0
0
0
0
0
0
2
133
348
563
750
886
953
958
897
780
608
398
180
8
0
0
0
0
0
0
0
0
0
0
1
127
333
542
709
832
902
925
877
765
602
404
188
10
0
0
0
0
0
0
0
0
0
0
1
126
331
546
734
870
943
955
906
795
624
412
190
10
0
0
0
0
0
0
0
0
0
0
1
133
354
579
771
909
985
992
934
812
633
415
186
7
0
0
0
0
0
0
0
0
0
0
1
128
340
554
744
878
943
954
898
776
597
388
172
6
0
0
0
0
0
0
0
0
0
0
1
128
346
569
760
897
974
982
926
802
623
408
179
6
0
0
0
0
0
0
0
0
0
0
1
132
351
576
766
900
972
979
925
798
616
398
173
5
0
0
0
0
0
0
0
0
0
0
1
124
336
558
748
881
955
963
902
778
597
382
162
4
0
0
0
0
0
0
0
0
0
0
1
123
336
553
736
865
938
942
884
761
582
373
158
3
0
0
0
0
0
0
0
0
0
0
1
105
294
470
634
756
823
809
759
662
514
325
130
1
0
0
0
0
0
0
0
0
0
0
1
113
303
505
677
784
852
855
809
687
525
325
133
1
0
0
0
0
0
0
0
0
0
0
1
108
277
470
642
732
806
784
760
656
492
292
116
1
0
0
0
0
0
0
0
0
0
0
0
83
236
390
527
629
692
717
674
578
451
284
116
2
0
0
0
0
0
0
0
0
0
0
0
110
307
525
323
512
539
511
652
59
206
129
66
1
0
0
0
0
0
0
0
0
0
0
0
99
285
458
633
748
760
806
787
736
604
388
157
6
0
0
0
0
0
0
0
0
0
0
0
89
260
433
581
681
737
730
690
585
447
273
107
1
0
0
0
0
0
0
0
0
0
0
1
96
216
270
421
496
607
657
778
713
570
363
142
5
0
0
0
0
0
0
0
0
0
0
0
106
311
523
704
836
902
910
856
726
552
343
130
1
0
0
0
0
0
0
0
0
0
0
1
119
351
590
791
935
1010
973
881
573
473
235
87
0
0
0
0
0
0
0
0
0
0
0
0
116
344
577
772
909
970
970
897
763
573
346
123
0
0
0
0
0
0
0
0
0
0
0
0
12
114
514
477
251
597
719
1000
562
237
30
11
0
0
0
0
0
0
0
0
0
0
0
0
105
316
529
712
840
902
913
851
729
552
336
120
1
0
0
0
0
0
0
0
0
0
0
0
112
337
565
757
893
964
965
896
762
572
345
119
0
0
0
0
0
0
0
0
0
0
0
0
111
338
568
762
899
970
971
900
765
572
343
116
0
0
0
0
0
0
0
0
0
0
0
0
100
309
522
704
837
901
904
844
724
544
328
110
0
0
0
0
0
0
0
0
0
0
0
0
106
328
556
742
876
939
934
862
724
534
310
97
0
0
0
0
0
0
0
0
0
0
0
0
98
306
518
697
826
893
896
830
705
524
311
100
0
0
0
0
0
0
0
0
0
0
0
0
100
318
544
732
863
930
928
860
724
535
310
95
0
0
0
0
0
0
0
0
0
0
0
0
96
304
515
691
813
873
866
796
670
491
284
84
0
0
0
0
0
0
0
0
0
0
0
0
98
314
532
715
841
903
900
826
695
507
290
84
0
0
0
0
0
0
0
0
0
0
0
0
93
302
520
697
825
887
891
821
692
510
293
84
0
0
0
0
0
0
0
0
0
0
0
0
98
298
533
715
475
590
647
561
490
317
180
19
0
0
0
0
0
0
0
0
0
0
0
0
86
282
486
652
763
820
823
766
645
472
265
34
0
0
0
0
0
0
0
0
0
0
0
0
22
66
113
179
214
216
219
208
172
114
65
6
0
0
0
0
0
0
0
0
0
0
0
0
41
176
226
336
394
541
546
467
410
238
140
6
0
0
0
0
0
0
0
0
0
0
0
0
77
269
470
638
754
813
801
728
606
439
237
25
0
0
0
0
0
0
0
0
0
0
0
0
84
297
524
712
845
910
906
833
693
497
269
28
0
0
0
0
0
0
0
0
0
0
0
0
73
261
461
632
746
810
806
747
620
446
241
23
0
0
0
0
0
0
0
0
0
0
0
0
38
277
486
658
783
847
840
770
638
454
241
21
0
0
0
0
0
0
0
0
0
0
0
0
38
281
495
671
796
856
851
780
647
461
244
20
0
0
0
0
0
0
0
0
0
0
0
0
37
278
496
677
803
869
859
786
650
460
240
19
0
0
0
0
0
0
0
0
0
0
0
0
38
299
530
721
856
924
913
834
686
481
247
17
0
0
0
0
0
0
0
0
0
0
0
0
34
251
442
581
704
775
771
715
574
399
202
14
0
0
0
0
0
0
0
0
0
0
0
0
19
179
366
575
545
635
657
597
441
313
160
3
0
0
0
0
0
0
0
0
0
0
0
0
26
232
406
530
678
702
688
647
515
350
153
3
0
0
0
0
0
0
0
0
0
0
0
0
28
250
449
620
742
798
791
721
588
409
205
12
0
0
0
0
0
0
0
0
0
0
0
0
33
293
526
718
850
915
904
823
674
469
234
12
0
0
0
0
0
0
0
0
0
0
0
0
31
288
517
704
834
895
881
799
651
449
218
9
0
0
0
0
0
0
0
0
0
0
0
0
28
271
495
680
808
867
856
777
632
436
211
9
0
0
0
0
0
0
0
0
0
0
0
0
28
275
502
692
825
887
877
790
637
434
206
7
0
0
0
0
0
0
0
0
0
0
0
0
24
242
446
617
719
779
763
684
549
371
176
5
0
0
0
0
0
0
0
0
0
0
0
0
21
228
416
578
696
752
728
650
542
350
158
5
0
0
0
0
0
0
0
0
0
0
0
0
21
231
437
604
731
779
765
687
555
378
175
5
0
0
0
0
0
0
0
0
0
0
0
0
20
230
433
597
715
766
755
681
544
363
166
4
0
0
0
0
0
0
0
0
0
0
0
0
21
249
468
651
776
839
827
743
599
402
180
4
0
0
0
0
0
0
0
0
0
0
0
0
13
86
156
264
481
509
408
339
277
164
75
1
0
0
0
0
0
0
0
0
0
0
0
0
8
113
218
310
359
361
356
319
249
163
68
1
0
0
0
0
0
0
0
0
0
0
0
0
11
180
343
472
518
550
572
533
396
294
118
1
0
0
0
0
0
0
0
0
0
0
0
0
18
239
457
642
767
825
811
729
581
383
164
3
0
0
0
0
0
0
0
0
0
0
0
0
9
144
250
391
459
435
456
412
346
194
85
1
0
0
0
0
0
0
0
0
0
0
0
0
15
223
434
613
736
793
778
696
551
357
148
2
0
0
0
0
0
0
0
0
0
0
0
0
14
212
412
585
704
753
748
664
523
340
139
1
0
0
0
0
0
0
0
0
0
0
0
0
13
220
432
610
734
790
777
693
547
353
143
1
0
0
0
0
0
0
0
0
0
0
0
0
12
186
367
529
626
663
655
577
465
300
119
1
0
0
0
0
0
0
0
0
0
0
0
0
12
206
409
580
702
754
745
663
525
336
133
1
0
0
0
0
0
0
0
0
0
0
0
0
11
202
402
571
692
749
736
660
519
332
132
1
0
0
0
0
0
0
0
0
0
0
0
0
10
187
369
528
635
701
678
621
492
312
119
1
0
0
0
0
0
0
0
0
0
0
0
0
9
200
407
582
700
757
742
660
515
325
122
0
0
0
0
0
0
0
0
0
0
0
0
0
8
172
352
505
613
654
639
570
446
280
105
0
0
0
0
0
0
0
0
0
0
0
0
0
7
173
360
523
643
692
692
609
477
306
114
1
0
0
0
0
0
0
0
0
0
0
0
0
2
58
125
189
232
253
246
223
173
115
45
0
0
0
0
0
0
0
0
0
0
0
0
0
5
151
326
489
599
660
683
600
466
283
99
0
0
0
0
0
0
0
0
0
0
0
0
0
6
165
339
493
610
662
673
598
464
300
108
0
0
0
0
0
0
0
0
0
0
0
0
0
6
177
372
543
658
713
698
617
484
306
109
0
0
0
0
0
0
0
0
0
0
0
0
0
5
159
350
510
620
673
649
561
440
269
93
0
0
0
0
0
0
0
0
0
0
0
0
0
3
151
321
503
581
550
576
464
359
201
61
0
0
0
0
0
0
0
0
0
0
0
0
0
2
15
32
507
535
502
576
449
281
179
9
0
0
0
0
0
0
0
0
0
0
0
0
0
4
155
339
496
608
666
648
573
450
279
95
0
0
0
0
0
0
0
0
0
0
0
0
0
4
135
307
458
588
621
627
567
434
259
84
0
0
0
0
0
0
0
0
0
0
0
0
0
3
140
323
472
562
620
609
559
438
267
88
0
0
0
0
0
0
0
0
0
0
0
0
0
3
157
351
518
637
690
679
600
468
288
95
0
0
0
0
0
0
0
0
0
0
0
0
0
6
157
345
455
571
586
512
453
304
206
62
0
0
0
0
0
0
0
0
0
0
0
0
0
3
154
354
528
653
709
695
619
482
292
94
0
0
0
0
0
0
0
0
0
0
0
0
0
2
152
350
520
634
688
665
585
450
269
84
0
0
0
0
0
0
0
0
0
0
0
0
0
2
159
371
552
678
736
723
641
495
299
93
0
0
0
0
0
0
0
0
0
0
0
0
0
2
152
358
536
659
715
703
621
478
287
88
0
0
0
0
0
0
0
0
0
0
0
0
0
2
151
357
536
660
717
703
620
478
287
87
0
0
0
0
0
0
0
0
0
0
0
0
0
2
142
342
518
638
693
682
605
465
276
83
0
0
0
0
0
0
0
0
0
0
0
0
0
1
137
335
509
631
690
679
598
455
270
80
0
0
0
0
0
0
0
0
0
0
0
0
0
1
138
341
518
643
698
689
609
466
278
41
0
0
0
0
0
0
0
0
0
0
0
0
0
1
119
302
472
594
646
643
567
435
260
39
0
0
0
0
0
0
0
0
0
0
0
0
0
1
114
298
467
580
634
620
552
415
245
36
0
0
0
0
0
0
0
0
0
0
0
0
0
1
115
301
465
586
651
642
568
436
258
38
0
0
0
0
0
0
0
0
0
0
0
0
0
1
102
259
415
542
589
579
525
402
235
36
0
0
0
0
0
0
0
0
0
0
0
0
0
1
128
271
361
381
408
444
423
369
303
66
0
0
0
0
0
0
0
0
0
0
0
0
0
0
122
320
492
613
674
665
589
451
268
36
0
0
0
0
0
0
0
0
0
0
0
0
0
0
113
302
469
587
644
633
564
434
257
35
0
0
0
0
0
0
0
0
0
0
0
0
0
0
111
302
471
589
647
640
568
434
257
34
0
0
0
0
0
0
0
0
0
0
0
0
0
0
87
255
402
506
553
562
525
394
238
33
0
0
0
0
0
0
0
0
0
0
0
0
0
0
68
227
407
428
499
477
409
327
182
18
0
0
0
0
0
0
0
0
0
0
0
0
0
0
103
290
460
581
644
637
563
429
252
32
0
0
0
0
0
0
0
0
0
0
0
0
0
0
99
286
453
575
631
621
545
416
243
29
0
0
0
0
0
0
0
0
0
0
0
0
0
0
40
130
183
332
406
482
390
323
285
71
0
0
0
0
0
0
0
0
0
0
0
0
0
0
90
269
432
547
607
601
533
406
238
29
0
0
0
0
0
0
0
0
0
0
0
0
0
0
82
238
393
513
571
547
497
374
224
32
0
0
0
0
0
0
0
0
0
0
0
0
0
0
85
260
421
543
599
594
519
396
233
28
0
0
0
0
0
0
0
0
0
0
0
0
0
0
83
252
395
501
564
550
502
384
231
30
0
0
0
0
0
0
0
0
0
0
0
0
0
0
87
273
447
570
637
636
566
435
258
34
0
0
0
0
0
0
0
0
0
0
0
0
0
0
75
237
383
483
560
549
480
355
217
26
0
0
0
0
0
0
0
0
0
0
0
0
0
0
71
237
392
507
569
570
510
393
230
32
0
0
0
0
0
0
0
0
0
0
0
0
0
0
80
265
441
572
637
632
561
431
254
34
0
0
0
0
0
0
0
0
0
0
0
0
0
0
51
177
291
392
424
420
347
226
124
6
0
0
0
0
0
0
0
0
0
0
0
0
0
0
37
258
436
566
633
631
562
431
253
34
0
0
0
0
0
0
0
0
0
0
0
0
0
0
36
257
433
565
628
626
558
426
250
32
0
0
0
0
0
0
0
0
0
0
0
0
0
0
34
244
411
539
605
607
542
419
248
34
0
0
0
0
0
0
0
0
0
0
0
0
0
0
19
111
210
325
351
334
264
194
125
6
0
0
0
0
0
0
0
0
0
0
0
0
0
0
31
240
408
532
595
599
537
411
241
33
0
0
0
0
0
0
0
0
0
0
0
0
0
0
29
229
397
527
591
597
533
408
243
35
0
0
0
0
0
0
0
0
0
0
0
0
0
0
29
227
388
503
570
581
524
402
241
35
0
0
0
0
0
0
0
0
0
0
0
0
0
0
30
248
426
560
631
634
568
438
261
37
0
0
0
0
0
0
0
0
0
0
0
0
0
0
5
20
179
308
386
560
463
371
204
46
0
0
0
0
0
0
0
0
0
0
0
0
0
0
27
233
405
535
606
611
549
426
256
39
0
0
0
0
0
0
0
0
0
0
0
0
0
0
27
240
419
551
623
629
566
440
265
40
0
0
0
0
0
0
0
0
0
0
0
0
0
0
27
240
420
552
621
625
561
436
263
81
0
0
0
0
0
0
0
0
0
0
0
0
0
0
25
230
403
534
609
613
553
428
260
80
0
0
0
0
0
0
0
0
0
0
0
0
0
0
25
238
419
557
633
639
580
454
277
88
0
0
0
0
0
0
0
0
0
0
0
0
0
0
22
215
382
500
569
580
528
415
254
80
0
0
0
0
0
0
0
0
0
0
0
0
0
0
17
183
332
438
528
558
496
390
233
76
0
0
0
0
0
0
0
0
0
0
0
0
0
0
19
189
356
474
533
547
470
378
234
77
0
0
0
0
0
0
0
0
0
0
0
0
0
0
19
197
345
471
554
553
510
403
239
74
0
0
0
0
0
0
0
0
0
0
0
0
0
0
21
216
387
515
585
589
528
408
247
79
0
0
0
0
0
0
0
0
0
0
0
0
0
0
21
215
384
514
584
592
537
421
259
85
0
0
0
0
0
0