0
0
0
0
0
0
0
4
136
287
413
498
518
479
388
252
99
1
0
0
0
0
0
0
0
0
0
0
0
0
0
4
127
267
376
444
464
431
351
234
95
1
0
0
0
0
0
0
0
0
0
0
0
0
0
4
152
324
464
556
580
543
444
296
120
1
0
0
0
0
0
0
0
0
0
0
0
0
0
4
146
304
437
522
539
499
426
290
120
1
0
0
0
0
0
0
0
0
0
0
0
0
0
4
108
225
316
398
414
397
316
207
89
1
0
0
0
0
0
0
0
0
0
0
0
0
0
4
131
279
411
477
518
507
402
278
118
1
0
0
0
0
0
0
0
0
0
0
0
0
0
2
95
210
303
324
356
326
296
190
77
1
0
0
0
0
0
0
0
0
0
0
0
0
0
3
164
313
401
376
395
393
321
290
134
4
0
0
0
0
0
0
0
0
0
0
0
0
0
3
129
265
377
484
480
457
385
269
133
2
0
0
0
0
0
0
0
0
0
0
0
0
0
4
113
258
384
470
504
471
370
272
117
1
0
0
0
0
0
0
0
0
0
0
0
0
0
4
132
283
407
484
508
474
399
261
111
1
0
0
0
0
0
0
0
0
0
0
0
0
0
3
126
278
431
490
504
492
398
258
110
1
0
0
0
0
0
0
0
0
0
0
0
0
0
4
154
333
480
583
617
586
486
330
147
3
0
0
0
0
0
0
0
0
0
0
0
0
0
2
82
181
254
282
313
288
268
168
67
1
0
0
0
0
0
0
0
0
0
0
0
0
0
2
75
170
244
286
298
284
220
145
79
1
0
0
0
0
0
0
0
0
0
0
0
0
0
3
134
286
408
505
539
519
460
322
149
6
0
0
0
0
0
0
0
0
0
0
0
0
0
3
126
268
380
481
518
501
455
327
163
8
0
0
0
0
0
0
0
0
0
0
0
0
0
5
154
331
406
423
396
438
411
307
122
3
0
0
0
0
0
0
0
0
0
0
0
0
0
4
115
292
447
513
482
443
390
263
136
2
0
0
0
0
0
0
0
0
0
0
0
0
0
5
145
313
449
541
579
565
475
328
157
6
0
0
0
0
0
0
0
0
0
0
0
0
0
4
127
238
374
472
518
433
355
243
101
2
0
0
0
0
0
0
0
0
0
0
0
0
0
6
172
362
520
619
655
621
521
368
180
7
0
0
0
0
0
0
0
0
0
0
0
0
0
6
173
354
499
596
629
600
508
365
184
8
0
0
0
0
0
0
0
0
0
0
0
0
0
6
172
354
502
596
636
604
512
366
186
9
0
0
0
0
0
0
0
0
0
0
0
0
0
6
146
313
433
521
517
480
415
312
146
4
0
0
0
0
0
0
0
0
0
0
0
0
0
6
166
345
497
595
629
593
494
349
178
9
0
0
0
0
0
0
0
0
0
0
0
0
0
5
153
319
464
548
575
573
491
356
179
9
0
0
0
0
0
0
0
0
0
0
0
0
0
7
170
349
490
575
604
590
510
368
185
9
0
0
0
0
0
0
0
0
0
0
0
0
0
7
169
348
500
601
642
616
524
381
199
15
0
0
0
0
0
0
0
0
0
0
0
0
0
8
184
376
534
638
677
646
554
399
209
14
0
0
0
0
0
0
0
0
0
0
0
0
0
8
112
275
289
372
416
245
269
220
101
3
0
0
0
0
0
0
0
0
0
0
0
0
0
6
109
149
243
235
324
344
315
175
80
4
0
0
0
0
0
0
0
0
0
0
0
0
0
27
200
338
471
554
500
471
315
219
131
8
0
0
0
0
0
0
0
0
0
0
0
0
0
3
107
191
291
322
351
371
325
241
125
11
0
0
0
0
0
0
0
0
0
0
0
0
0
8
144
286
398
471
516
488
419
284
144
4
0
0
0
0
0
0
0
0
0
0
0
0
0
6
127
235
350
379
423
425
330
241
134
5
0
0
0
0
0
0
0
0
0
0
0
0
0
5
128
255
400
479
446
447
379
257
139
4
0
0
0
0
0
0
0
0
0
0
0
0
0
12
180
323
446
556
583
545
483
306
187
17
0
0
0
0
0
0
0
0
0
0
0
0
0
13
192
371
518
613
644
631
529
397
214
20
0
0
0
0
0
0
0
0
0
0
0
0
0
32
198
382
326
432
421
522
472
166
113
5
0
0
0
0
0
0
0
0
0
0
0
0
0
41
222
360
645
643
273
157
156
220
152
5
0
0
0
0
0
0
0
0
0
0
0
0
0
20
166
448
623
600
468
203
138
136
93
5
0
0
0
0
0
0
0
0
0
0
0
0
0
15
210
395
552
647
683
657
561
418
235
27
0
0
0
0
0
0
0
0
0
0
0
0
0
8
67
157
231
246
261
223
205
135
81
6
0
0
0
0
0
0
0
0
0
0
0
0
0
10
126
247
347
325
554
560
528
426
298
56
0
0
0
0
0
0
0
0
0
0
0
0
0
22
234
429
587
686
723
695
603
453
264
36
0
0
0
0
0
0
0
0
0
0
0
0
0
5
21
134
211
588
224
749
734
93
167
36
0
0
0
0
0
0
0
0
0
0
0
0
0
53
164
234
342
187
306
123
369
291
239
12
0
0
0
0
0
0
0
0
0
0
0
0
0
5
99
410
464
423
238
310
466
237
316
95
0
0
0
0
0
0
0
0
0
0
0
0
0
6
165
254
427
557
606
561
448
262
179
78
0
0
0
0
0
0
0
0
0
0
0
0
0
30
253
443
596
693
734
699
612
463
278
88
0
0
0
0
0
0
0
0
0
0
0
0
0
30
230
357
482
564
681
557
403
380
180
45
0
0
0
0
0
0
0
0
0
0
0
0
0
35
271
480
645
755
794
758
653
493
291
92
0
0
0
0
0
0
0
0
0
0
0
0
0
34
254
450
606
710
742
716
619
472
287
95
0
0
0
0
0
0
0
0
0
0
0
0
0
38
274
476
639
746
783
759
657
498
301
101
0
0
0
0
0
0
0
0
0
0
0
0
0
79
272
467
630
735
773
743
649
498
301
101
0
0
0
0
0
0
0
0
0
0
0
0
0
70
224
335
488
544
588
635
564
459
309
116
1
0
0
0
0
0
0
0
0
0
0
0
0
77
261
428
554
645
714
635
551
403
233
86
0
0
0
0
0
0
0
0
0
0
0
0
0
89
289
491
654
759
797
768
670
514
314
109
0
0
0
0
0
0
0
0
0
0
0
0
0
58
122
120
54
291
343
487
473
281
201
80
1
0
0
0
0
0
0
0
0
0
0
0
0
54
138
198
205
136
532
377
278
105
73
43
2
0
0
0
0
0
0
0
0
0
0
0
0
52
143
212
332
473
629
487
468
446
378
139
3
0
0
0
0
0
0
0
0
0
0
0
0
81
239
515
523
738
888
855
749
579
362
134
0
0
0
0
0
0
0
0
0
0
0
0
0
105
303
503
662
766
804
781
683
527
330
125
1
0
0
0
0
0
0
0
0
0
0
0
0
112
322
528
693
800
839
813
709
547
344
132
1
0
0
0
0
0
0
0
0
0
0
0
0
117
327
530
694
798
835
808
709
552
346
134
1
0
0
0
0
0
0
0
0
0
0
0
1
127
343
548
712
815
850
818
715
557
354
139
1
0
0
0
0
0
0
0
0
0
0
0
1
121
324
520
675
774
812
782
687
541
348
140
2
0
0
0
0
0
0
0
0
0
0
0
1
120
308
483
619
705
747
730
655
497
319
132
1
0
0
0
0
0
0
0
0
0
0
0
1
134
344
539
685
781
807
765
672
528
337
133
1
0
0
0
0
0
0
0
0
0
0
0
1
116
291
460
593
672
707
679
591
462
299
120
1
0
0
0
0
0
0
0
0
0
0
0
1
136
335
525
666
759
796
765
674
526
339
140
2
0
0
0
0
0
0
0
0
0
0
0
3
97
204
393
602
696
691
598
523
426
348
161
5
0
0
0
0
0
0
0
0
0
0
0
2
136
334
518
664
761
797
769
684
517
334
141
2
0
0
0
0
0
0
0
0
0
0
0
2
141
338
525
671
755
779
752
661
525
343
143
2
0
0
0
0
0
0
0
0
0
0
0
6
133
229
304
589
591
612
727
651
453
337
133
5
0
0
0
0
0
0
0
0
0
0
0
3
144
345
514
654
733
771
740
643
505
317
135
2
0
0
0
0
0
0
0
0
0
0
0
4
152
351
528
669
772
785
780
697
550
350
154
4
0
0
0
0
0
0
0
0
0
0
0
3
101
224
448
548
498
566
608
585
502
353
193
8
0
0
0
0
0
0
0
0
0
0
0
6
189
419
628
792
894
928
887
779
612
401
175
4
0
0
0
0
0
0
0
0
0
0
0
6
197
448
657
808
528
567
503
462
346
234
101
3
0
0
0
0
0
0
0
0
0
0
0
6
169
364
564
678
764
786
741
646
497
322
141
2
0
0
0
0
0
0
0
0
0
0
0
8
170
363
538
690
771
803
786
695
542
364
159
5
0
0
0
0
0
0
0
0
0
0
0
8
189
403
595
746
834
866
824
726
572
376
170
5
0
0
0
0
0
0
0
0
0
0
0
8
177
366
532
675
757
784
713
640
500
332
146
5
0
0
0
0
0
0
0
0
0
0
0
10
201
419
611
761
859
890
860
764
601
400
184
7
0
0
0
0
0
0
0
0
0
0
0
3
44
243
700
908
708
493
393
313
107
34
16
2
0
0
0
0
0
0
0
0
0
0
0
14
173
349
528
622
689
708
736
702
534
331
116
2
0
0
0
0
0
0
0
0
0
0
0
11
187
370
565
696
789
801
744
669
521
377
180
9
0
0
0
0
0
0
0
0
0
0
0
4
120
268
279
237
462
440
342
314
52
118
73
3
0
0
0
0
0
0
0
0
0
0
0
18
235
454
650
805
894
920
878
779
617
407
189
7
0
0
0
0
0
0
0
0
0
0
0
10
153
285
437
524
588
562
556
482
362
233
105
3
0
0
0
0
0
0
0
0
0
0
0
19
207
397
558
704
784
831
793
708
574
389
183
10
0
0
0
0
0
0
0
0
0
0
0
27
271
557
757
926
462
468
466
458
322
182
99
5
0
0
0
0
0
0
0
0
0
0
0
15
123
247
324
402
424
454
430
375
269
181
87
3
0
0
0
0
0
0
0
0
0
0
0
5
116
270
376
414
471
395
358
343
237
152
88
3
0
0
0
0
0
0
0
0
0
0
0
28
250
465
648
790
880
896
857
759
603
411
198
11
0
0
0
0
0
0
0
0
0
0
0
32
171
328
460
596
615
578
703
604
373
287
146
3
0
0
0
0
0
0
0
0
0
0
0
56
121
232
214
79
88
90
402
583
758
488
258
45
0
0
0
0
0
0
0
0
0
0
0
38
286
516
721
872
966
992
951
840
674
460
227
14
0
0
0
0
0
0
0
0
0
0
0
83
301
536
743
900
993
1016
970
856
684
467
231
13
0
0
0
0
0
0
0
0
0
0
0
75
261
456
620
758
848
872
835
735
597
408
204
13
0
0
0
0
0
0
0
0
0
0
0
60
202
319
439
432
517
541
569
410
372
239
127
4
0
0
0
0
0
0
0
0
0
0
0
84
285
498
688
824
915
922
883
777
620
424
210
14
0
0
0
0
0
0
0
0
0
0
0
96
314
545
748
896
985
1002
955
839
664
448
222
12
0
0
0
0
0
0
0
0
0
0
0
82
274
456
626
766
846
854
794
711
577
399
206
17
0
0
0
0
0
0
0
0
0
0
0
101
316
545
746
893
982
1007
965
855
688
474
243
20
0
0
0
0
0
0
0
0
0
0
0
72
230
396
549
650
713
732
711
589
450
316
151
5
0
0
0
0
0
0
0
0
0
0
0
86
274
457
627
762
815
848
817
704
562
388
201
17
0
0
0
0
0
0
0
0
0
0
0
64
207
390
600
671
742
703
765
717
600
410
203
21
0
0
0
0
0
0
0
0
0
0
0
110
323
550
744
890
972
991
941
833
670
461
237
20
0
0
0
0
0
0
0
0
0
0
0
108
313
527
721
857
949
971
930
828
667
464
245
26
0
0
0
0
0
0
0
0
0
0
1
127
331
604
790
977
460
522
495
328
290
293
129
5
0
0
0
0
0
0
0
0
0
0
0
74
207
351
472
535
586
609
573
491
356
252
131
10
0
0
0
0
0
0
0
0
0
0
1
121
389
622
862
1025
621
496
490
517
280
156
77
5
0
0
0
0
0
0
0
0
0
0
1
129
348
575
768
915
998
1019
969
855
689
479
251
25
0
0
0
0
0
0
0
0
0
0
1
131
351
578
772
918
1002
1013
965
852
683
473
247
24
0
0
0
0
0
0
0
0
0
0
1
126
336
546
730
864
939
960
912
814
647
451
236
26
0
0
0
0
0
0
0
0
0
0
1
117
311
509
683
806
888
902
869
770
619
448
235
29
0
0
0
0
0
0
0
0
0
0
1
60
160
251
269
347
313
369
384
353
267
148
70
6
0
0
0
0
0
0
0
0
0
0
3
146
394
634
828
1016
512
512
450
362
313
254
134
6
0
0
0
0
0
0
0
0
0
0
2
135
341
548
729
866
945
958
916
812
656
465
249
33
0
0
0
0
0
0
0
0
0
0
2
134
327
513
683
777
855
843
773
693
569
406
221
29
0
0
0
0
0
0
0
0
0
0
4
173
421
628
824
946
494
514
520
435
342
179
122
34
0
0
0
0
0
0
0
0
0
0
1
135
338
463
654
730
476
694
559
630
413
370
205
51
0
0
0
0
0
0
0
0
0
0
3
127
308
501
649
742
843
838
795
722
578
406
209
56
0
0
0
0
0
0
0
0
0
0
2
124
293
484
661
774
842
864
809
716
590
423
223
67
0
0
0
0
0
0
0
0
0
0
3
127
307
481
646
775
845
870
881
791
648
467
262
77
0
0
0
0
0
0
0
0
0
0
4
116
346
520
609
823
909
779
634
586
421
288
167
61
0
0
0
0
0
0
0
0
0
0
6
144
335
538
689
805
868
866
831
750
608
423
249
78
0
0
0
0
0
0
0
0
0
0
5
151
345
538
710
839
900
919
876
776
635
453
251
77
0
0
0
0
0
0
0
0
0
0
6
150
339
548
727
822
819
801
742
656
547
395
226
68
0
0
0
0
0
0
0
0
0
0
2
105
34
122
527
318
456
364
950
379
801
575
212
8
0
0
0
0
0
0
0
0
0
0
7
176
395
612
794
932
1009
1023
971
859
697
492
276
85
0
0
0
0
0
0
0
0
0
0
4
79
34
112
97
154
612
485
643
420
262
424
322
103
2
0
0
0
0
0
0
0
0
0
2
53
109
49
157
342
420
629
629
542
303
222
92
22
0
0
0
0
0
0
0
0
0
0
15
183
389
530
708
780
748
763
635
637
495
307
176
55
0
0
0
0
0
0
0
0
0
0
2
25
35
65
137
207
304
533
535
426
292
273
131
36
1
0
0
0
0
0
0
0
0
0
3
106
247
384
483
555
657
694
735
721
538
321
256
109
1
0
0
0
0
0
0
0
0
0
9
165
355
538
688
817
879
888
841
758
626
459
272
93
0
0
0
0
0
0
0
0
0
0
5
156
384
662
757
926
637
649
491
516
389
322
203
69
1
0
0
0
0
0
0
0
0
0
13
185
448
642
697
795
501
526
648
556
460
322
170
43
0
0
0
0
0
0
0
0
0
0
9
163
349
531
686
804
871
888
844
759
623
451
263
91
0
0
0
0
0
0
0
0
0
0
12
203
428
648
835
972
1049
1065
1016
908
747
544
320
113
0
0
0
0
0
0
0
0
0
0
10
163
350
531
677
808
872
903
823
726
607
440
258
93
1
0
0
0
0
0
0
0
0
0
10
168
359
542
703
820
897
918
875
792
652
490
297
110
1
0
0
0
0
0
0
0
0
0
10
169
356
535
684
798
861
871
836
741
602
443
264
95
1
0
0
0
0
0
0
0
0
0
10
160
344
512
668
797
859
864
846
761
643
474
286
105
1
0
0
0
0
0
0
0
0
0
12
169
349
529
707
832
902
933
896
792
658
486
290
109
2
0
0
0
0
0
0
0
0
0
13
191
404
613
791
924
998
1012
964
857
702
510
300
108
1
0
0
0
0
0
0
0
0
0
14
197
411
622
800
932
1012
1031
992
888
734
538
324
122
1
0
0
0
0
0
0
0
0
0
14
194
406
616
798
934
1014
1031
987
887
731
534
320
120
2
0
0
0
0
0
0
0
0
0
12
168
347
519
671
773
832
845
795
713
589
432
260
96
1
0
0
0
0
0
0
0
0
0
14
200
413
623
804
940
1016
1033
991
888
732
540
325
123
1
0
0
0
0
0
0
0
0
0
15
200
413
623
805
937
1013
1027
984
886
734
539
326
124
2
0
0
0
0
0
0
0
0
0
14
193
402
607
784
915
990
1007
964
866
714
524
314
120
1
0
0
0
0
0
0
0
0
0
14
191
396
601
775
902
981
1000
960
863
714
524
315
121
2
0
0
0
0
0
0
0
0
0
15
200
411
622
802
941
1017
1035
993
887
728
533
317
120
1
0
0
0
0
0
0
0
0
0
16
207
426
638
819
953
1029
1046
1002
901
747
552
336
132
2
0
0
0
0
0
0
0
0
0
13
169
351
526
672
776
832
851
814
730
599
446
269
103
1
0
0
0
0
0
0
0
0
0
15
170
347
535
687
770
844
856
801
732
613
432
277
106
1
0
0
0
0
0
0
0
0
0
14
188
390
590
761
887
954
969
932
834
685
503
305
118
1
0
0
0
0
0
0
0
0
0
14
180
368
548
711
825
914
937
905
813
661
486
295
119
2
0
0
0
0
0
0
0
0
0
14
188
387
583
747
873
951
965
927
834
693
516
317
127
2
0
0
0
0
0
0
0
0
0
12
169
345
523
676
790
862
862
814
720
596
438
264
106
1
0
0
0
0
0
0
0
0
0
13
168
357
538
680
772
861
889
860
798
662
495
304
127
4
0
0
0
0
0
0
0
0
0
15
195
403
611
790
925
1005
1029
994
897
748
559
346
142
4
0
0
0
0
0
0
0
0
0
14
179
365
555
723
837
933
947
886
796
660
491
301
124
3
0
0
0
0
0
0
0
0
0
13
176
371
571
736
864
929
952
915
830
695
520
326
132
4
0
0
0
0
0
0
0
0
0
13
180
374
569
739
866
945
965
933
839
697
520
317
128
3
0
0
0
0
0
0
0
0
0
13
173
355
548
719
794
828
842
820
717
605
458
281
123
4
0
0
0
0
0
0
0
0
0
13
180
375
572
741
862
948
967
927
837
686
512
315
128
3
0
0
0
0
0
0
0
0
0
10
148
301
477
647
745
833
865
801
690
562
412
244
99
1
0
0
0
0
0
0
0
0
0
8
100
209
314
495
709
836
855
698
633
593
492
357
146
15
0
0
0
0
0
0
0
0
0
8
141
312
501
637
759
832
871
837
766
665
488
321
140
7
0
0
0
0
0
0
0
0
0
14
152
404
458
412
482
671
707
631
685
734
577
367
144
7
0
0
0
0
0
0
0
0
0
9
172
336
588
701
730
793
774
766
705
528
311
219
90
4
0
0
0
0
0
0
0
0
0
9
155
317
491
661
784
863
880
842
778
658
503
293
125
5
0
0
0
0
0
0
0
0
0
11
159
345
514
665
785
804
811
791
740
645
516
324
133
4
0
0
0
0
0
0
0
0
0
10
131
297
481
631
736
788
805
759
650
554
418
258
104
1
0
0
0
0
0
0
0
0
0
11
166
355
550
718
854
931
950
921
814
681
510
313
131
4
0
0
0
0
0
0
0
0
0
11
172
371
576
755
893
979
1004
974
888
750
566
352
145
6
0
0
0
0
0
0
0
0
0
6
122
300
514
622
770
808
813
768
743
631
476
317
128
4
0
0
0
0
0
0
0
0
0
9
155
345
539
704
846
911
949
899
825
689
523
325
135
4
0
0
0
0
0
0
0
0
0
9
165
357
555
736
869
956
982
955
873
730
544
336
141
5
0
0
0
0
0
0
0
0
0
9
167
363
567
754
896
980
1006
970
874
731
545
340
141
4
0
0
0
0
0
0
0
0
0
10
176
382
592
777
914
996
1027
995
902
756
566
354
150
5
0
0
0
0
0
0
0
0
0
10
179
388
598
782
920
1007
1035
1000
908
760
569
357
149
4
0
0
0
0
0
0
0
0
0
9
181
393
604
787
927
1012
1035
1003
908
757
570
356
149
4
0
0
0
0
0
0
0
0
0
6
136
281
471
646
771
769
845
861
727
615
437
258
113
4
0
0
0
0
0
0
0
0
0
8
158
351
553
720
850
927
945
921
831
690
515
319
128
3
0
0
0
0
0
0
0
0
0
7
150
335
531
704
833
914
944
906
819
686
510
314
128
4
0
0
0
0
0
0
0
0
0
7
161
364
574
754
893
972
1000
968
870
722
536
329
134
3
0
0
0
0
0
0
0
0
0
7
163
367
577
766
908
994
1017
985
889
743
553
342
141
4
0
0
0
0
0
0
0
0
0
6
151
347
546
713
851
925
956
911
835
697
511
303
116
1
0
0
0
0
0
0
0
0
0
6
144
329
528
713
826
904
927
904
833
704
527
328
133
4
0
0
0
0
0
0
0
0
0
5
146
337
538
718
855
940
955
929
837
699
515
310
126
3
0
0
0
0
0
0
0
0
0
5
140
333
540
715
837
906
912
875
795
654
480
295
116
1
0
0
0
0
0
0
0
0
0
5
120
281
454
583
703
743
746
715
633
537
397
248
98
1
0
0
0
0
0
0
0
0
0
5
138
328
519
678
812
894
924
902
811
670
505
302
118
2
0
0
0
0
0
0
0
0
0
4
129
314
509
690
814
898
941
896
804
678
515
319
123
3
0
0
0
0
0
0
0
0
0
5
150
353
566
751
899
989
1016
975
881
731
540
326
127
2
0
0
0
0
0
0
0
0
0
4
148
350
557
741
877
961
979
941
847
699
515
309
118
1
0
0
0
0
0
0
0
0
0
4
139
335
526
701
839
920
947
910
825
699
514
311
123
2
0
0
0
0
0
0
0
0
0
4
146
352
566
754
902
994
1021
986
889
742
548
331
128
2
0
0
0
0
0
0
0
0
0
4
140
339
544
724
859
947
969
937
850
707
522
317
121
2
0
0
0
0
0
0
0
0
0
3
135
337
548
738
888
983
1010
972
879
728
538
321
121
2
0
0
0
0
0
0
0
0
0
3
122
309
501
670
805
887
911
886
796
670
493
296
109
1
0
0
0
0
0
0
0
0
0
3
128
322
530
713
851
937
961
932
847
703
515
305
113
1
0
0
0
0
0
0
0
0
0
3
131
328
537
721
861
942
967
932
839
691
503
298
108
1
0
0
0
0
0
0
0
0
0
2
128
327
535
723
869
960
992
953
863
723
530
316
117
1
0
0
0
0
0
0
0
0
0
2
128
323
527
708
845
927
954
920
823
681
497
291
104
1
0
0
0
0
0
0
0
0
0
2
130
333
545
734
875
962
983
950
852
701
512
301
107
1
0
0
0
0
0
0
0
0
0
2
119
310
506
690
827
907
926
884
800
666
476
280
96
0
0
0
0
0
0
0
0
0
0
2
117
307
493
664
796
884
918
886
794
655
476
280
98
0
0
0
0
0
0
0
0
0
0
2
125
329
544
727
872
954
982
945
848
698
505
294
101
0
0
0
0
0
0
0
0
0
0
1
120
322
536
722
856
947
967
925
829
684
494
285
97
0
0
0
0
0
0
0
0
0
0
1
120
318
528
714
861
954
983
941
847
700
505
297
101
1
0
0
0
0
0
0
0
0
0
1
103
284
486
658
779
862
888
865
769
632
456
256
85
0
0
0
0
0
0
0
0
0
0
1
119
323
539
730
875
965
992
955
858
705
509
292
96
0
0
0
0
0
0
0
0
0
0
1
104
290
489
669
793
883
913
868
786
645
467
264
84
0
0
0
0
0
0
0
0
0
0
1
110
307
514
700
839
928
956
923
831
688
500
286
92
0
0
0
0
0
0
0
0
0
0
0
48
158
356
617
665
313
529
802
614
649
550
187
39
0
0
0
0
0
0
0
0
0
0
0
105
309
471
655
813
433
563
590
554
442
326
204
56
0
0
0
0
0
0
0
0
0
0
1
105
299
510
701
851
938
970
932
833
686
492
277
86
0
0
0
0
0
0
0
0
0
0
1
107
310
529
722
867
959
994
961
860
705
501
280
84
0
0
0
0
0
0
0
0
0
0
0
98
280
485
664
793
862
896
864
770
627
437
240
71
0
0
0
0
0
0
0
0
0
0
0
104
305
522
712
859
946
974
935
836
679
484
266
76
0
0
0
0
0
0
0
0
0
0
0
101
300
514
702
849
940
970
934
841
691
496
276
79
0
0
0
0
0
0
0
0
0
0
0
112
330
478
768
924
1018
1046
1006
899
733
232
145
57
0
0
0
0
0
0
0
0
0
0
0
95
282
486
668
799
890
912
891
794
650
467
259
38
0
0
0
0
0
0
0
0
0
0
0
95
284
487
672
806
871
918
862
780
627
442
235
30
0
0
0
0
0
0
0
0
0
0
0
97
299
519
712
863
950
973
936
833
674
473
253
31
0
0
0
0
0
0
0
0
0
0
0
94
292
508
700
847
939
960
916
817
663
461
244
28
0
0
0
0
0
0
0
0
0
0
0
87
274
475
652
792
874
902
863
772
625
436
228
24
0
0
0
0
0
0
0
0
0
0
0
51
225
321
488
631
771
695
798
624
478
370
185
16
0
0
0
0
0
0
0
0
0
0
0
91
291
507
700
849
936
954
908
799
639
437
224
18
0
0
0
0
0
0
0
0
0
0
0
84
272
478
662
797
880
904
862
762
613
423
218
20
0
0
0
0
0
0
0
0
0
0
0
70
206
377
563
695
751
829
750
697
525
415
228
26
0
0
0
0
0
0
0
0
0
0
0
83
274
482
651
789
862
878
838
752
601
413
211
16
0
0
0
0
0
0
0
0
0
0
0
80
269
479
661
803
897
929
897
794
637
434
221
19
0
0
0
0
0
0
0
0
0
0
0
78
265
473
655
794
875
897
856
758
602
408
200
13
0
0
0
0
0
0
0
0
0
0
0
81
276
491
679
825
906
924
882
780
621
420
205
13
0
0
0
0
0
0
0
0
0
0
0
84
290
515
710
856
947
967
920
810
643
435
212
12
0
0
0
0
0
0
0
0
0
0
0
85
258
442
538
796
478
627
457
499
495
368
179
8
0
0
0
0
0
0
0
0
0
0
0
40
119
116
257
252
610
780
499
429
390
307
214
34
0
0
0
0
0
0
0
0
0
0
0
61
224
412
588
724
805
824
793
698
534
346
158
6
0
0
0
0
0
0
0
0
0
0
0
61
237
441
619
732
785
811
730
644
484
331
156
8
0
0
0
0
0
0
0
0
0
0
0
36
272
494
690
837
923
944
898
786
615
407
188
8
0
0
0
0
0
0
0
0
0
0
0
30
233
418
576
706
807
824
800
713
558
369
168
7
0
0
0
0
0
0
0
0
0
0
0
30
240
434
618
761
836
846
808
714
562
366
166
6
0
0
0
0
0
0
0
0
0
0
0
30
242
444
619
756
827
841
805
697
549
359
159
5
0
0
0
0
0
0
0
0
0
0
0
31
253
458
644
779
853
872
830
728
568
368
160
4
0
0
0
0
0
0
0
0
0
0
0
26
223
411
561
683
775
795
757
659
524
351
140
4
0
0
0
0
0
0
0
0
0
0
0
28
242
443
624
761
842
866
827
727
567
368
160
5
0
0
0
0
0
0
0
0
0
0
0
23
214
404
569
717
814
799
760
665
517
333
143
3
0
0
0
0
0
0
0
0
0
0
0
15
185
407
522
620
562
722
710
609
386
333
159
5
0
0
0
0
0
0
0
0
0
0
0
21
204
388
541
656
696
688
668
586
437
280
113
1
0
0
0
0
0
0
0
0
0
0
0
17
155
312
418
488
549
541
508
442
341
215
87
1
0
0
0
0
0
0
0
0
0
0
0
5
68
71
115
240
330
414
516
439
394
321
163
9
0
0
0
0
0
0
0
0
0
0
0
4
87
86
151
134
173
538
510
701
274
187
60
1
0
0
0
0
0
0
0
0
0
0
0
20
220
414
585
709
784
790
743
637
487
303
115
1
0
0
0
0
0
0
0
0
0
0
0
21
226
427
603
732
807
819
768
660
502
311
117
1
0
0
0
0
0
0
0
0
0
0
0
21
245
465
660
803
888
903
851
735
559
347
129
1
0
0
0
0
0
0
0
0
0
0
0
20
241
459
651
792
873
886
830
713
540
330
119
0
0
0
0
0
0
0
0
0
0
0
0
20
238
459
650
796
880
896
847
736
560
346
125
1
0
0
0
0
0
0
0
0
0
0
0
19
244
470
668
814
897
911
855
732
553
334
116
0
0
0
0
0
0
0
0
0
0
0
0
18
230
444
635
772
851
865
814
699
527
316
107
0
0
0
0
0
0
0
0
0
0
0
0
14
199
394
573
694
751
763
714
595
458
273
92
0
0
0
0
0
0
0
0
0
0
0
0
15
196
371
558
676
749
768
719
626
475
270
83
0
0
0
0
0
0
0
0
0
0
0
0
14
177
339
529
674
707
725
658
544
369
222
71
0
0
0
0
0
0
0
0
0
0
0
0
16
172
313
519
634
662
635
537
502
285
147
73
0
0
0
0
0
0
0
0
0
0
0
0
12
247
293
486
280
282
199
600
590
242
35
62
0
0
0
0
0
0
0
0
0
0
0
0
3
91
196
329
372
357
368
316
284
175
110
36
0
0
0
0
0
0
0
0
0
0
0
0
3
61
123
180
228
258
273
259
217
155
94
13
0
0
0
0
0
0
0
0
0
0
0
0
16
148
246
269
449
568
483
413
264
194
263
80
0
0
0
0
0
0
0
0
0
0
0
0
11
203
415
604
745
824
836
779
663
486
274
36
0
0
0
0
0
0
0
0
0
0
0
0
10
186
391
575
710
784
786
737
612
440
240
29
0
0
0
0
0
0
0
0
0
0
0
0
9
182
380
552
680
750
771
716
603
443
244
28
0
0
0
0
0
0
0
0
0
0
0
0
6
196
351
580
730
891
901
807
687
418
229
17
0
0
0
0
0
0
0
0
0
0
0
0
9
188
386
563
694
758
763
710
588
420
229
22
0
0
0
0
0
0
0
0
0
0
0
0
8
162
306
441
553
588
657
628
575
382
202
24
0
0
0
0
0
0
0
0
0
0
0
0
8
189
398
584
725
798
808
747
623
449
241
23
0
0
0
0
0
0
0
0
0
0
0
0
7
175
371
547
678
756
769
714
604
431
231
23
0
0
0
0
0
0
0
0
0
0
0
0
7
179
384
569
707
785
795
732
611
437
230
20
0
0
0
0
0
0
0
0
0
0
0
0
4
144
321
476
606
678
706
676
549
385
201
18
0
0
0
0
0
0
0
0
0
0
0
0
6
161
341
506
613
688
708
657
554
386
200
14
0
0
0
0
0
0
0
0
0
0
0
0
5
149
321
485
630
703
691
632
520
364
188
15
0
0
0
0
0
0
0
0
0
0
0
0
5
151
340
503
633
707
713
660
551
382
193
12
0
0
0
0
0
0
0
0
0
0
0
0
5
165
371
555
684
754
763
696
569
393
194
9
0
0
0
0
0
0
0
0
0
0
0
0
3
145
330
503
624
687
693
615
510
346
173
10
0
0
0
0
0
0
0
0
0
0
0
0
4
144
320
484
596
681
648
583
504
337
162
9
0
0
0
0
0
0
0
0
0
0
0
0
3
132
307
475
610
669
659
598
500
347
178
11
0
0
0
0
0
0
0
0
0
0
0
0
2
113
259
401
500
550
525
490
404
264
121
2
0
0
0
0
0
0
0
0
0
0
0
0
3
137
323
487
606
682
692
637
521
361
170
7
0
0
0
0
0
0
0
0
0
0
0
0
2
134
317
487
605
664
671
618
510
354
169
8
0
0
0
0
0
0
0
0
0
0
0
0
3
149
353
537
669
742
745
680
553
374
173
5
0
0
0
0
0
0
0
0
0
0
0
0
3
110
260
427
435
472
548
585
380
227
108
2
0
0
0
0
0
0
0
0
0
0
0
0
1
120
297
457
570
644
655
598
492
340
157
6
0
0
0
0
0
0
0
0
0
0
0
0
1
18
28
72
90
120
123
538
435
299
141
6
0
0
0
0
0
0
0
0
0
0
0
0
2
122
278
436
560
633
635
567
462
318
137
2
0
0
0
0
0
0
0
0
0
0
0
0
1
126
313
486
610
667
658
603
483
322
138
2
0
0
0
0
0
0
0
0
0
0
0
0
1
117
304
476
603
679
687
622
506
335
144
3
0
0
0
0
0
0
0
0
0
0
0
0
1
126
324
504
644
716
721
657
531
351
151
3
0
0
0
0
0
0
0
0
0
0
0
0
1
115
302
478
611
682
691
636
508
337
147
3
0
0
0
0
0
0
0
0
0
0
0
0
0
98
257
397
505
562
575
523
426
280
119
2
0
0
0
0
0
0
0
0
0
0
0
0
0
84
213
336
446
500
492
438
352
227
89
1
0
0
0
0
0
0
0
0
0
0
0
0
1
116
312
493
625
699
702
635
507
335
139
2
0
0
0
0
0
0
0
0
0
0
0
0
0
107
294
459
588
652
647
598
478
305
120
1
0
0
0
0
0
0
0
0
0
0
0
0
0
94
252
403
511
568
563
505
404
259
107
1
0
0
0
0
0
0
0
0
0
0
0
0
0
98
261
420
542
606
590
550
428
254
104
1
0
0
0
0
0
0
0
0
0
0
0
0
0
64
42
177
345
51
122
452
274
218
98
4
0
0
0
0
0
0
0
0
0
0
0
0
0
99
284
463
593
669
678
616
495
324
130
1
0
0
0
0
0
0
0
0
0
0
0
0
0
97
283
458
590
660
667
612
490
319
127
1
0
0
0
0
0
0
0
0
0
0
0
0
0
88
261
432
557
630
631
579
464
304
120
1
0
0
0
0
0
0
0
0
0
0
0
0
0
86
250
403
503
574
592
542
429
265
110
1
0
0
0
0
0
0
0
0
0
0
0
0
0
88
270
439
563
634
635
572
458
294
109
0
0
0
0
0
0
0
0
0
0
0
0
0
0
101
194
42
421
238
91
283
378
223
94
0
0
0
0
0
0
0
0
0
0
0
0
0
0
42
163
231
309
276
325
359
283
235
122
2
0
0
0
0
0
0
0
0
0
0
0
0
0
85
274
453
587
657
661
599
477
304
113
0
0
0
0
0
0
0
0
0
0
0
0
0
0
65
210
349
453
532
575
497
381
240
98
0
0
0
0
0
0
0
0
0
0
0
0
0
0
67
232
389
502
556
558
504
385
230
87
0
0
0
0
0
0
0
0
0
0
0
0
0
0
35
212
393
498
522
524
383
382
232
94
0
0
0
0
0
0
0
0
0
0
0
0
0
0
33
241
416
549
623
630
569
448
279
100
0
0
0
0
0
0
0
0
0
0
0
0
0
0
28
226
382
504
572
572
497
400
262
95
0
0
0
0
0
0
0
0
0
0
0
0
0
0
7
40
60
86
102
109
100
76
50
19
0
0
0
0
0
0
0
0
0
0
0
0
0
0
5
53
103
116
116
124
465
392
276
107
1
0
0
0
0
0
0
0
0
0
0
0
0
0
23
175
330
395
479
519
463
399
240
94
1
0
0
0
0
0
0
0
0
0
0
0
0
0
21
171
234
445
446
420
511
345
183
62
1
0
0
0
0
0
0
0
0
0
0
0
0
0
26
233
407
536
608
616
557
442
279
99
0
0
0
0
0
0
0
0
0
0
0
0
0
0
22
200
356
476
533
554
516
415
257
92
0
0
0
0
0
0
0
0
0
0
0
0
0
0
23
226
401
535
609
617
558
441
274
95
0
0
0
0
0
0
0
0
0
0
0
0
0
0
17
189
339
458
535
543
484
385
241
87
0
0
0
0
0
0
0
0
0
0
0
0
0
0
17
198
347
473
544
568
512
410
255
91
0
0
0
0
0
0
0
0
0
0
0
0
0
0
16
163
370
413
496
455
360
323
201
44
0
0
0
0
0
0
0
0
0
0
0
0
0
0
16
184
337
472
546
535
464
359
209
70
0
0
0
0
0
0
0
0
0
0
0
0
0
0
12
160
333
450
487
510
486
358
215
79
0
0
0
0
0
0
0
0
0
0
0
0
0
0
13
168
324
428
493
521
461
365
230
84
0
0
0
0
0
0
0
0
0
0
0
0
0
0
14
189
349
478
558
566
515
410
255
89
0
0
0
0
0
0
0
0
0
0
0
0
0
0
15
206
382
519
596
610
558
443
277
96
0
0
0
0
0
0
0
0
0
0
0
0
0
0
12
164
300
321
464
564
373
186
21
7
0
0
0
0
0
0
0
0
0
0
0
0
0
0
9
31
31
227
230
285
234
258
172
44
0
0
0
0
0
0
0
0
0
0
0
0
0
0
11
182
350
477
551
564
515
405
251
85
0
0
0
0
0
0
0
0
0
0
0
0
0
0
11
182
350
485
559
573
525
411
258
88
0
0
0
0
0
0
0
0
0
0
0
0
0
0
9
157
280
412
493
536
450
347
190
50
0
0
0
0
0
0
0
0
0
0
0
0
0
0
9
149
285
409
492
489
493
380
233
85
0
0
0
0
0
0
0
0
0
0
0
0
0
0
9
169
336
468
543
558
508
400
251
86
0
0
0
0
0
0
0
0
0
0
0
0
0
0
9
169
335
462
538
551
498
395
246
85
0
0
0
0
0
0
0
0
0
0
0
0
0
0
3
117
269
373
428
449
487
371
243
86
0
0
0
0
0
0
0
0
0
0
0
0
0
0
2
126
222
332
361
391
358
325
219
84
0
0
0
0
0
0
0
0
0
0
0
0
0
0
2
115
213
315
382
431
439
299
203
72
0
0
0
0
0
0
0
0
0
0
0
0
0
0
7
157
319
444
504
503
453
356
226
76
0
0
0
0
0
0
0
0
0
0
0
0
0
0
4
139
160
310
465
468
410
282
245
60
0
0
0
0
0
0
0
0
0
0
0
0
0
0
6
157
325
460
542
555
513
406
252
89
0
0
0
0
0
0
0
0
0
0
0
0
0
0
6
142
279
413
440
484
460
377
239
96
1
0
0
0
0
0
0
0
0
0
0
0
0
0
2
79
215
367
390
393
479
418
239
83
0
0
0
0
0
0
0
0
0
0
0
0
0
0
6
162
331
466
549
571
529
424
272
101
0
0
0
0
0
0
0
0
0
0
0
0
0
0
5
145
301
428
503
521
482
387
248
92
0
0
0
0
0
0
0
0
0
0
0
0
0
0
5
156
326
463
546
569
532
428
272
102
0
0
0
0
0
0
0
0
0
0
0
0
0
0
5
155
326
462
547
568
524
422
269
101
0
0
0
0
0
0
0
0
0
0
0
0
0
0
5
149
315
454
534
563
519
422
277
108
1
0
0
0
0
0
0
0
0
0
0
0
0
0
4
129
273
393
465
486
451
360
229
87
0
0
0
0
0
0
0
0
0
0
0
0
0
0
1
63
135
197
250
267
235
189
112
44
0
0
0
0
0
0
0
0
0
0
0
0
0
0
2
64
139
203
237
239
215
171
114
46
0
0
0
0
0
0
0
0
0
0
0
0
0
0
3
115
251
364
431
450
427
347
217
87
0
0
0
0
0
0
0