0
0
0
0
0
0
0
2
92
239
343
89
228
143
345
159
35
0
0
0
0
0
0
0
0
0
0
0
0
0
0
6
167
315
415
438
454
433
352
267
113
1
0
0
0
0
0
0
0
0
0
0
0
0
0
7
176
349
485
570
591
551
452
303
126
1
0
0
0
0
0
0
0
0
0
0
0
0
0
7
174
349
489
573
600
560
461
310
129
1
0
0
0
0
0
0
0
0
0
0
0
0
0
7
169
342
479
563
586
548
451
302
128
1
0
0
0
0
0
0
0
0
0
0
0
0
0
7
187
376
526
618
644
601
493
332
140
1
0
0
0
0
0
0
0
0
0
0
0
0
0
7
182
363
506
594
617
576
475
318
134
1
0
0
0
0
0
0
0
0
0
0
0
0
0
6
160
317
447
515
554
518
427
282
123
1
0
0
0
0
0
0
0
0
0
0
0
0
0
7
169
341
468
540
563
528
436
297
131
2
0
0
0
0
0
0
0
0
0
0
0
0
0
8
197
394
550
648
676
636
527
361
160
2
0
0
0
0
0
0
0
0
0
0
0
0
0
6
161
324
463
547
583
543
455
307
136
2
0
0
0
0
0
0
0
0
0
0
0
0
0
7
186
374
525
617
644
606
502
343
154
2
0
0
0
0
0
0
0
0
0
0
0
0
0
6
154
314
437
542
573
552
455
303
132
2
0
0
0
0
0
0
0
0
0
0
0
0
0
2
207
414
579
548
714
628
560
387
111
1
0
0
0
0
0
0
0
0
0
0
0
0
0
7
178
353
498
587
614
578
488
342
160
4
0
0
0
0
0
0
0
0
0
0
0
0
0
7
175
347
483
564
592
559
467
325
155
4
0
0
0
0
0
0
0
0
0
0
0
0
0
8
197
388
542
636
665
626
524
364
171
4
0
0
0
0
0
0
0
0
0
0
0
0
0
8
170
339
482
556
570
535
445
316
149
4
0
0
0
0
0
0
0
0
0
0
0
0
0
8
186
368
513
605
640
606
511
362
175
6
0
0
0
0
0
0
0
0
0
0
0
0
0
8
174
340
481
566
594
540
465
337
163
6
0
0
0
0
0
0
0
0
0
0
0
0
0
8
180
356
500
590
618
587
492
345
168
6
0
0
0
0
0
0
0
0
0
0
0
0
0
10
207
405
563
663
697
659
553
391
192
6
0
0
0
0
0
0
0
0
0
0
0
0
0
11
219
419
576
672
700
659
552
390
193
5
0
0
0
0
0
0
0
0
0
0
0
0
0
11
222
427
589
691
724
686
578
413
210
8
0
0
0
0
0
0
0
0
0
0
0
0
0
9
184
357
493
588
620
593
514
370
188
10
0
0
0
0
0
0
0
0
0
0
0
0
0
11
212
411
568
667
700
664
560
399
203
9
0
0
0
0
0
0
0
0
0
0
0
0
0
10
182
360
447
479
465
490
450
338
152
7
0
0
0
0
0
0
0
0
0
0
0
0
0
9
127
322
487
542
481
435
398
273
157
3
0
0
0
0
0
0
0
0
0
0
0
0
0
12
203
394
546
645
681
653
555
400
208
12
0
0
0
0
0
0
0
0
0
0
0
0
0
10
185
353
497
589
607
557
485
358
196
14
0
0
0
0
0
0
0
0
0
0
0
0
0
13
196
370
506
597
631
606
526
387
205
15
0
0
0
0
0
0
0
0
0
0
0
0
0
13
206
388
538
632
668
628
532
388
209
15
0
0
0
0
0
0
0
0
0
0
0
0
0
9
122
231
272
361
373
385
319
273
148
4
0
0
0
0
0
0
0
0
0
0
0
0
0
15
216
409
564
663
702
668
571
417
225
17
0
0
0
0
0
0
0
0
0
0
0
0
0
17
235
442
607
712
747
713
609
445
240
18
0
0
0
0
0
0
0
0
0
0
0
0
0
18
238
442
603
704
743
709
606
445
244
19
0
0
0
0
0
0
0
0
0
0
0
0
0
18
228
423
577
673
708
674
573
422
231
18
0
0
0
0
0
0
0
0
0
0
0
0
0
18
186
386
441
540
586
430
422
333
172
12
0
0
0
0
0
0
0
0
0
0
0
0
0
13
137
158
258
231
340
370
345
184
85
5
0
0
0
0
0
0
0
0
0
0
0
0
0
12
150
271
359
414
459
431
373
245
125
6
0
0
0
0
0
0
0
0
0
0
0
0
0
24
258
470
637
745
781
746
641
474
266
27
0
0
0
0
0
0
0
0
0
0
0
0
0
24
250
452
614
718
756
725
626
466
265
30
0
0
0
0
0
0
0
0
0
0
0
0
0
24
242
433
585
682
716
686
593
443
255
30
0
0
0
0
0
0
0
0
0
0
0
0
0
25
212
370
501
581
619
608
530
401
196
23
0
0
0
0
0
0
0
0
0
0
0
0
0
11
129
232
352
413
375
377
323
223
128
7
0
0
0
0
0
0
0
0
0
0
0
0
0
31
275
477
637
734
768
732
632
475
275
34
0
0
0
0
0
0
0
0
0
0
0
0
0
36
301
519
689
796
833
797
689
520
305
39
0
0
0
0
0
0
0
0
0
0
0
0
0
32
258
442
587
684
717
686
598
449
269
39
0
0
0
0
0
0
0
0
0
0
0
0
0
34
265
455
604
699
730
705
607
464
273
39
0
0
0
0
0
0
0
0
0
0
0
0
0
36
268
451
601
694
730
697
607
463
280
86
0
0
0
0
0
0
0
0
0
0
0
0
0
41
290
490
650
753
787
755
657
501
303
94
0
0
0
0
0
0
0
0
0
0
0
0
0
81
281
477
632
730
762
733
638
484
289
90
0
0
0
0
0
0
0
0
0
0
0
0
0
85
286
485
645
747
788
752
658
498
301
96
0
0
0
0
0
0
0
0
0
0
0
0
0
36
135
303
309
233
359
491
611
599
359
116
0
0
0
0
0
0
0
0
0
0
0
0
0
56
217
266
502
654
590
573
413
349
165
57
0
0
0
0
0
0
0
0
0
0
0
0
0
87
271
448
574
665
703
676
596
445
267
89
0
0
0
0
0
0
0
0
0
0
0
0
0
100
308
511
669
771
802
768
670
515
314
106
0
0
0
0
0
0
0
0
0
0
0
0
0
95
286
475
624
710
737
710
608
471
286
97
0
0
0
0
0
0
0
0
0
0
0
0
0
93
280
454
597
690
730
680
591
444
266
92
0
0
0
0
0
0
0
0
0
0
0
0
0
120
350
569
741
849
885
847
737
563
344
119
0
0
0
0
0
0
0
0
0
0
0
0
0
115
328
533
689
788
818
786
687
526
324
113
0
0
0
0
0
0
0
0
0
0
0
0
1
130
171
52
271
542
274
350
349
424
245
74
3
0
0
0
0
0
0
0
0
0
0
0
0
92
237
367
466
551
597
636
509
420
354
150
2
0
0
0
0
0
0
0
0
0
0
0
1
135
362
575
740
844
878
841
734
568
356
131
0
0
0
0
0
0
0
0
0
0
0
0
1
104
277
441
568
647
673
646
568
436
276
103
0
0
0
0
0
0
0
0
0
0
0
0
1
134
349
548
700
796
831
795
698
545
348
132
1
0
0
0
0
0
0
0
0
0
0
0
1
115
301
479
574
679
729
704
629
501
330
122
1
0
0
0
0
0
0
0
0
0
0
0
1
83
244
378
452
517
547
486
416
348
239
97
1
0
0
0
0
0
0
0
0
0
0
0
6
169
456
578
766
479
597
362
169
55
49
14
1
0
0
0
0
0
0
0
0
0
0
0
2
165
397
607
772
870
904
864
758
592
378
150
1
0
0
0
0
0
0
0
0
0
0
0
2
145
341
518
648
728
762
728
641
504
320
128
1
0
0
0
0
0
0
0
0
0
0
0
1
109
249
390
504
551
572
548
503
375
230
100
1
0
0
0
0
0
0
0
0
0
0
0
3
182
423
642
810
912
944
902
786
609
389
154
1
0
0
0
0
0
0
0
0
0
0
0
4
187
427
647
815
919
949
909
795
621
401
163
1
0
0
0
0
0
0
0
0
0
0
0
4
175
393
590
742
835
870
829
725
569
371
153
2
0
0
0
0
0
0
0
0
0
0
0
4
146
343
527
656
729
760
741
626
468
290
133
2
0
0
0
0
0
0
0
0
0
0
0
5
196
427
637
797
895
923
882
770
602
389
162
2
0
0
0
0
0
0
0
0
0
0
0
7
209
450
667
832
935
965
924
813
639
419
178
2
0
0
0
0
0
0
0
0
0
0
0
7
197
417
616
767
856
882
845
744
587
387
165
2
0
0
0
0
0
0
0
0
0
0
0
9
223
469
688
854
958
990
946
829
653
428
184
3
0
0
0
0
0
0
0
0
0
0
0
8
190
401
595
743
821
827
772
675
532
355
154
3
0
0
0
0
0
0
0
0
0
0
0
10
222
452
657
812
907
933
894
788
623
414
184
4
0
0
0
0
0
0
0
0
0
0
0
11
215
437
635
787
879
904
865
761
601
395
174
3
0
0
0
0
0
0
0
0
0
0
0
14
253
506
728
896
997
1021
970
847
663
432
186
2
0
0
0
0
0
0
0
0
0
0
0
14
239
475
680
839
932
957
913
803
633
419
187
4
0
0
0
0
0
0
0
0
0
0
0
13
200
399
579
722
805
835
805
718
563
371
167
5
0
0
0
0
0
0
0
0
0
0
0
14
210
409
589
718
805
787
763
663
513
344
160
5
0
0
0
0
0
0
0
0
0
0
0
16
221
425
608
739
816
841
797
696
557
371
165
4
0
0
0
0
0
0
0
0
0
0
0
21
268
513
728
890
986
1012
967
851
673
447
204
5
0
0
0
0
0
0
0
0
0
0
0
23
275
520
735
899
996
1021
973
861
684
461
214
7
0
0
0
0
0
0
0
0
0
0
0
25
286
536
753
915
1011
1038
985
864
681
450
206
4
0
0
0
0
0
0
0
0
0
0
0
27
282
520
728
883
979
1003
956
846
673
455
214
7
0
0
0
0
0
0
0
0
0
0
0
34
313
572
798
921
1069
986
907
866
697
362
127
2
0
0
0
0
0
0
0
0
0
0
0
29
260
466
649
783
863
881
835
745
599
412
201
9
0
0
0
0
0
0
0
0
0
0
0
30
288
541
758
910
608
617
556
541
457
332
155
13
0
0
0
0
0
0
0
0
0
0
0
26
205
350
465
568
635
668
581
525
428
295
132
3
0
0
0
0
0
0
0
0
0
0
0
36
283
509
701
848
937
960
918
812
652
443
216
10
0
0
0
0
0
0
0
0
0
0
0
40
300
531
733
882
970
992
947
834
668
454
219
10
0
0
0
0
0
0
0
0
0
0
0
75
253
428
589
704
814
823
794
699
569
385
192
11
0
0
0
0
0
0
0
0
0
0
0
82
282
488
659
781
858
874
840
745
598
417
206
10
0
0
0
0
0
0
0
0
0
0
0
49
148
297
383
413
418
446
438
362
318
214
91
4
0
0
0
0
0
0
0
0
0
0
0
108
348
595
806
959
1049
1063
1006
881
696
468
225
6
0
0
0
0
0
0
0
0
0
0
0
100
294
507
758
1023
599
557
475
444
392
215
83
3
0
0
0
0
0
0
0
0
0
0
0
103
323
550
745
888
973
993
947
836
668
459
228
13
0
0
0
0
0
0
0
0
0
0
0
88
268
447
595
717
811
869
845
725
571
393
196
13
0
0
0
0
0
0
0
0
0
0
0
103
314
528
712
850
938
950
907
802
642
442
222
14
0
0
0
0
0
0
0
0
0
0
0
120
355
591
793
943
1033
1052
1003
889
715
493
251
17
0
0
0
0
0
0
0
0
0
0
0
119
345
575
770
912
994
1011
964
848
680
469
237
15
0
0
0
0
0
0
0
0
0
0
0
119
341
567
757
901
983
1000
951
842
676
469
240
17
0
0
0
0
0
0
0
0
0
0
0
119
331
547
733
866
944
965
914
813
654
453
234
18
0
0
0
0
0
0
0
0
0
0
1
123
341
562
753
892
969
987
939
829
668
463
237
18
0
0
0
0
0
0
0
0
0
0
1
126
347
568
758
897
977
996
950
840
676
470
244
20
0
0
0
0
0
0
0
0
0
0
1
117
317
524
685
810
888
890
847
756
607
415
214
17
0
0
0
0
0
0
0
0
0
0
1
124
327
532
714
848
932
952
908
806
656
458
240
23
0
0
0
0
0
0
0
0
0
0
3
62
94
292
480
193
600
855
86
470
624
454
156
35
0
0
0
0
0
0
0
0
0
0
3
145
281
351
669
745
706
735
356
507
479
342
152
16
0
0
0
0
0
0
0
0
0
0
1
75
175
307
377
452
466
495
466
405
290
200
103
5
0
0
0
0
0
0
0
0
0
0
1
115
271
441
571
670
816
776
731
696
574
369
215
32
0
0
0
0
0
0
0
0
0
0
2
148
371
591
778
916
993
1006
958
846
681
474
249
23
0
0
0
0
0
0
0
0
0
0
3
157
383
606
796
934
1015
1029
981
872
705
496
266
28
0
0
0
0
0
0
0
0
0
0
3
164
394
624
816
958
1037
1051
1000
888
716
503
269
28
0
0
0
0
0
0
0
0
0
0
3
163
389
612
801
933
1012
1025
973
853
684
475
249
22
0
0
0
0
0
0
0
0
0
0
3
157
369
574
742
871
940
963
919
816
657
464
252
29
0
0
0
0
0
0
0
0
0
0
4
159
369
577
753
882
958
981
935
841
693
498
277
39
0
0
0
0
0
0
0
0
0
0
4
160
368
569
740
865
934
939
901
803
656
466
257
33
0
0
0
0
0
0
0
0
0
0
4
152
349
548
695
815
883
904
856
755
633
451
244
34
0
0
0
0
0
0
0
0
0
0
5
163
362
560
724
850
909
917
877
784
641
452
250
30
0
0
0
0
0
0
0
0
0
0
6
180
411
636
825
964
1041
1056
997
881
712
499
270
32
0
0
0
0
0
0
0
0
0
0
6
173
387
597
776
908
982
990
940
841
689
493
277
79
0
0
0
0
0
0
0
0
0
0
6
170
379
585
757
885
959
970
925
820
666
473
264
74
0
0
0
0
0
0
0
0
0
0
20
82
33
51
66
289
286
382
712
567
804
554
140
92
0
0
0
0
0
0
0
0
0
0
2
99
195
326
411
524
560
546
579
526
418
295
163
43
0
0
0
0
0
0
0
0
0
0
2
30
48
83
141
215
243
268
254
245
208
161
96
29
0
0
0
0
0
0
0
0
0
0
9
200
434
658
848
987
1063
1074
1021
906
739
526
296
88
0
0
0
0
0
0
0
0
0
0
12
222
480
731
923
1021
483
456
455
432
370
275
139
34
0
0
0
0
0
0
0
0
0
0
8
172
358
538
703
818
880
911
857
784
622
439
243
73
0
0
0
0
0
0
0
0
0
0
10
197
420
638
823
955
1032
1044
994
884
718
513
290
88
0
0
0
0
0
0
0
0
0
0
8
170
360
540
712
824
877
905
866
755
607
439
247
77
0
0
0
0
0
0
0
0
0
0
10
182
376
562
720
833
900
914
858
752
620
452
252
79
0
0
0
0
0
0
0
0
0
0
29
203
420
737
731
878
874
677
306
74
61
44
85
52
1
0
0
0
0
0
0
0
0
0
9
169
351
520
686
799
878
884
865
768
651
467
266
91
0
0
0
0
0
0
0
0
0
0
12
190
395
587
758
889
957
975
923
828
686
496
292
98
0
0
0
0
0
0
0
0
0
0
13
206
424
636
817
948
1027
1041
995
896
743
541
317
107
0
0
0
0
0
0
0
0
0
0
14
217
441
655
835
967
1042
1056
1008
902
743
543
320
109
0
0
0
0
0
0
0
0
0
0
15
230
468
696
887
1027
1107
1122
1071
958
789
576
339
116
0
0
0
0
0
0
0
0
0
0
16
232
466
688
875
1012
1090
1104
1054
944
778
571
339
119
0
0
0
0
0
0
0
0
0
0
16
230
464
686
873
1010
1088
1103
1053
942
777
569
337
118
0
0
0
0
0
0
0
0
0
0
15
220
447
665
847
981
1059
1072
1023
914
753
549
324
112
0
0
0
0
0
0
0
0
0
0
15
216
437
650
829
960
1033
1047
1000
894
735
537
317
110
0
0
0
0
0
0
0
0
0
0
13
180
365
547
684
784
849
859
812
724
596
436
260
92
0
0
0
0
0
0
0
0
0
0
17
222
447
663
840
974
1049
1063
1019
912
753
553
329
118
1
0
0
0
0
0
0
0
0
0
16
223
453
676
864
1002
1081
1096
1048
938
774
565
334
119
1
0
0
0
0
0
0
0
0
0
17
224
451
670
852
989
1068
1080
1035
928
769
564
338
123
1
0
0
0
0
0
0
0
0
0
17
219
442
654
831
964
1040
1056
1012
907
751
551
329
121
1
0
0
0
0
0
0
0
0
0
15
196
389
574
741
859
927
943
894
792
658
482
290
105
1
0
0
0
0
0
0
0
0
0
13
138
265
398
501
543
606
649
631
602
503
369
208
77
1
0
0
0
0
0
0
0
0
0
4
155
311
417
409
357
298
342
358
405
410
280
133
11
1
0
0
0
0
0
0
0
0
0
18
223
448
664
845
979
1054
1067
1019
912
752
551
329
121
1
0
0
0
0
0
0
0
0
0
16
203
404
595
755
879
959
971
935
840
699
521
319
124
2
0
0
0
0
0
0
0
0
0
18
222
443
655
833
963
1038
1051
1003
898
741
545
327
122
1
0
0
0
0
0
0
0
0
0
17
206
412
606
772
899
973
985
946
855
709
527
322
123
1
0
0
0
0
0
0
0
0
0
17
207
416
614
779
904
974
993
947
850
707
524
316
119
1
0
0
0
0
0
0
0
0
0
18
214
429
637
816
945
1022
1043
1006
904
755
563
346
136
2
0
0
0
0
0
0
0
0
0
16
197
397
570
715
823
907
925
883
794
666
488
291
113
1
0
0
0
0
0
0
0
0
0
20
242
451
652
879
1103
420
558
434
350
302
244
120
52
1
0
0
0
0
0
0
0
0
0
19
232
462
682
868
1000
1077
1089
1045
937
774
571
345
131
1
0
0
0
0
0
0
0
0
0
17
216
431
637
812
940
1012
1023
979
877
728
540
325
124
1
0
0
0
0
0
0
0
0
0
14
185
367
550
695
827
896
926
884
812
682
517
324
132
3
0
0
0
0
0
0
0
0
0
16
204
412
618
788
920
994
1011
977
884
734
547
336
132
2
0
0
0
0
0
0
0
0
0
16
201
407
608
781
910
986
1005
970
878
736
552
340
135
3
0
0
0
0
0
0
0
0
0
17
213
430
640
817
950
1026
1044
999
898
748
555
339
133
2
0
0
0
0
0
0
0
0
0
16
212
432
646
827
960
1038
1050
1001
897
742
543
328
126
1
0
0
0
0
0
0
0
0
0
16
211
430
644
828
966
1042
1062
1021
919
761
565
345
136
2
0
0
0
0
0
0
0
0
0
14
193
397
593
767
891
965
973
934
845
697
519
316
122
2
0
0
0
0
0
0
0
0
0
16
223
455
682
871
1010
635
651
625
567
463
350
214
83
1
0
0
0
0
0
0
0
0
0
14
199
407
608
781
906
980
992
942
845
699
517
317
125
1
0
0
0
0
0
0
0
0
0
16
213
436
652
839
977
1060
1080
1040
939
782
584
360
145
3
0
0
0
0
0
0
0
0
0
14
199
408
616
795
925
999
1018
976
876
729
538
326
128
2
0
0
0
0
0
0
0
0
0
13
187
384
577
746
865
941
966
929
836
704
528
330
134
3
0
0
0
0
0
0
0
0
0
13
191
400
599
768
894
980
1003
965
876
732
544
337
136
3
0
0
0
0
0
0
0
0
0
13
194
402
605
783
909
985
1003
960
861
713
523
319
125
2
0
0
0
0
0
0
0
0
0
12
185
386
584
754
883
955
971
936
846
709
526
323
129
2
0
0
0
0
0
0
0
0
0
12
192
402
609
784
914
995
1018
983
888
742
557
345
139
3
0
0
0
0
0
0
0
0
0
12
186
393
596
768
892
970
983
942
848
699
519
317
125
2
0
0
0
0
0
0
0
0
0
11
183
387
589
761
887
965
985
946
853
712
529
321
128
2
0
0
0
0
0
0
0
0
0
11
178
378
582
751
880
957
981
948
858
720
544
335
135
3
0
0
0
0
0
0
0
0
0
11
193
402
607
782
915
995
1020
983
894
753
567
354
147
3
0
0
0
0
0
0
0
0
0
10
178
372
562
723
853
929
945
915
837
702
528
329
135
3
0
0
0
0
0
0
0
0
0
12
207
433
651
835
971
1053
1073
1029
925
771
573
352
140
1
0
0
0
0
0
0
0
0
0
9
166
352
528
682
803
890
902
860
763
641
490
306
121
2
0
0
0
0
0
0
0
0
0
9
165
350
527
686
803
878
895
858
770
641
481
294
115
1
0
0
0
0
0
0
0
0
0
9
169
368
559
726
857
930
944
916
830
696
520
321
126
2
0
0
0
0
0
0
0
0
0
8
168
355
548
697
821
898
939
900
816
689
509
307
121
2
0
0
0
0
0
0
0
0
0
8
173
377
577
753
881
956
975
937
846
705
529
326
129
2
0
0
0
0
0
0
0
0
0
8
174
384
593
775
909
987
1005
963
868
720
532
321
123
1
0
0
0
0
0
0
0
0
0
7
167
372
576
759
894
974
996
958
867
723
534
325
127
2
0
0
0
0
0
0
0
0
0
7
166
374
577
754
891
972
988
954
860
713
530
323
123
2
0
0
0
0
0
0
0
0
0
5
54
124
181
232
271
225
254
293
215
183
132
81
34
1
0
0
0
0
0
0
0
0
0
6
167
372
581
758
893
974
996
960
860
709
520
312
117
1
0
0
0
0
0
0
0
0
0
6
151
348
546
726
858
931
943
919
834
695
521
314
120
2
0
0
0
0
0
0
0
0
0
5
146
334
519
685
814
896
920
890
810
682
505
307
118
2
0
0
0
0
0
0
0
0
0
3
130
305
493
640
770
853
817
750
673
568
404
248
95
1
0
0
0
0
0
0
0
0
0
6
179
405
630
812
968
541
544
538
493
396
282
168
62
1
0
0
0
0
0
0
0
0
0
5
147
337
524
685
802
872
888
852
768
634
469
283
105
1
0
0
0
0
0
0
0
0
0
2
140
32
50
360
1059
199
451
523
830
659
618
382
142
8
0
0
0
0
0
0
0
0
0
5
168
393
618
811
956
1042
1065
1024
921
762
560
333
120
1
0
0
0
0
0
0
0
0
0
4
144
346
554
734
870
956
982
950
861
723
533
322
118
1
0
0
0
0
0
0
0
0
0
3
116
281
444
587
686
750
761
738
659
553
413
244
86
0
0
0
0
0
0
0
0
0
0
4
152
367
584
774
918
1001
1023
982
882
729
534
314
111
0
0
0
0
0
0
0
0
0
0
3
148
357
569
750
888
970
992
954
858
707
517
304
106
0
0
0
0
0
0
0
0
0
0
3
139
341
544
726
851
922
942
911
819
675
496
294
102
0
0
0
0
0
0
0
0
0
0
3
149
363
579
767
907
991
1014
976
877
724
529
312
107
0
0
0
0
0
0
0
0
0
0
3
152
374
597
789
934
1022
1046
1006
905
747
545
320
110
0
0
0
0
0
0
0
0
0
0
2
126
315
502
669
796
872
893
859
772
637
463
271
92
0
0
0
0
0
0
0
0
0
0
2
124
316
502
677
810
878
907
887
807
672
491
285
96
0
0
0
0
0
0
0
0
0
0
2
147
370
595
790
937
1025
1051
1011
909
750
547
318
105
0
0
0
0
0
0
0
0
0
0
2
149
377
609
810
961
1052
1078
1037
932
768
559
324
106
0
0
0
0
0
0
0
0
0
0
2
133
340
553
734
871
961
985
951
855
707
517
299
96
0
0
0
0
0
0
0
0
0
0
2
128
333
542
721
862
958
989
953
857
706
510
294
93
0
0
0
0
0
0
0
0
0
0
1
129
333
541
721
860
947
967
925
834
686
495
282
87
0
0
0
0
0
0
0
0
0
0
1
126
331
542
721
860
946
970
937
845
694
503
287
88
0
0
0
0
0
0
0
0
0
0
1
112
290
469
620
780
813
829
789
683
595
426
236
73
0
0
0
0
0
0
0
0
0
0
1
11
143
306
345
598
955
492
421
323
378
457
331
98
0
0
0
0
0
0
0
0
0
0
1
127
344
568
762
909
1000
1023
979
873
710
506
281
80
0
0
0
0
0
0
0
0
0
0
1
136
370
610
819
976
1070
1057
1008
898
710
489
244
61
0
0
0
0
0
0
0
0
0
0
1
131
360
596
800
949
1037
1055
1006
892
725
509
276
73
0
0
0
0
0
0
0
0
0
0
1
117
323
535
716
853
944
961
919
823
672
482
269
38
0
0
0
0
0
0
0
0
0
0
1
95
262
460
636
746
814
813
813
719
587
427
241
36
0
0
0
0
0
0
0
0
0
0
1
106
289
473
627
758
816
841
824
740
605
442
242
31
0
0
0
0
0
0
0
0
0
0
0
102
297
490
662
808
901
915
865
781
634
464
252
37
0
0
0
0
0
0
0
0
0
0
1
35
254
276
362
666
539
370
488
453
343
377
186
75
0
0
0
0
0
0
0
0
0
0
0
101
274
475
592
704
784
830
799
706
574
398
224
31
0
0
0
0
0
0
0
0
0
0
0
114
332
559
756
900
985
1004
962
851
686
478
252
24
0
0
0
0
0
0
0
0
0
0
0
105
311
525
714
857
934
958
911
811
653
451
235
21
0
0
0
0
0
0
0
0
0
0
0
105
315
529
717
856
935
952
905
801
641
443
228
18
0
0
0
0
0
0
0
0
0
0
0
103
308
519
705
839
915
933
894
790
635
442
229
19
0
0
0
0
0
0
0
0
0
0
0
52
193
411
526
520
604
623
680
538
434
302
116
4
0
0
0
0
0
0
0
0
0
0
0
105
318
539
729
866
947
967
916
807
646
444
222
14
0
0
0
0
0
0
0
0
0
0
0
101
311
531
722
865
951
967
925
820
656
454
230
17
0
0
0
0
0
0
0
0
0
0
0
112
345
589
797
953
1039
1056
998
875
692
466
226
10
0
0
0
0
0
0
0
0
0
0
0
96
304
524
715
857
941
962
916
810
649
445
221
15
0
0
0
0
0
0
0
0
0
0
0
49
154
288
362
423
520
482
474
396
342
215
104
3
0
0
0
0
0
0
0
0
0
0
0
92
297
517
709
845
924
947
904
797
634
431
212
12
0
0
0
0
0
0
0
0
0
0
0
93
338
615
732
890
580
493
581
475
529
344
189
26
0
0
0
0
0
0
0
0
0
0
0
96
316
546
743
888
971
989
938
824
653
439
209
9
0
0
0
0
0
0
0
0
0
0
0
89
297
514
699
837
915
933
885
778
612
407
190
7
0
0
0
0
0
0
0
0
0
0
0
77
258
453
626
744
803
798
771
686
533
347
155
4
0
0
0
0
0
0
0
0
0
0
0
46
135
267
388
432
411
436
418
364
294
189
89
2
0
0
0
0
0
0
0
0
0
0
0
71
240
415
557
676
786
770
703
597
475
301
130
2
0
0
0
0
0
0
0
0
0
0
0
64
220
384
546
642
702
710
678
584
452
301
129
2
0
0
0
0
0
0
0
0
0
0
0
83
293
519
711
854
933
949
902
786
616
404
179
4
0
0
0
0
0
0
0
0
0
0
0
73
262
459
628
740
815
832
782
686
520
325
140
2
0
0
0
0
0
0
0
0
0
0
0
40
295
522
714
859
943
957
901
784
613
400
174
3
0
0
0
0
0
0
0
0
0
0
0
40
299
530
727
873
954
969
912
789
613
394
167
2
0
0
0
0
0
0
0
0
0
0
0
22
260
211
540
948
1039
769
973
870
679
442
188
1
0
0
0
0
0
0
0
0
0
0
0
39
303
538
741
889
974
989
937
818
639
415
175
3
0
0
0
0
0
0
0
0
0
0
0
32
256
454
546
678
740
733
644
584
439
323
143
1
0
0
0
0
0
0
0
0
0
0
0
22
198
355
484
571
634
639
564
508
381
231
93
1
0
0
0
0
0
0
0
0
0
0
0
32
270
481
658
785
857
866
814
699
538
342
135
1
0
0
0
0
0
0
0
0
0
0
0
34
296
532
732
880
959
969
910
784
602
379
145
1
0
0
0
0
0
0
0
0
0
0
0
30
272
495
688
829
907
920
869
749
574
358
137
1
0
0
0
0
0
0
0
0
0
0
0
29
260
475
659
793
861
868
817
705
542
339
127
1
0
0
0
0
0
0
0
0
0
0
0
15
165
245
294
385
489
649
619
565
377
287
145
3
0
0
0
0
0
0
0
0
0
0
0
38
319
507
703
973
576
513
474
391
320
248
61
0
0
0
0
0
0
0
0
0
0
0
0
27
270
495
686
825
902
911
858
738
564
348
124
0
0
0
0
0
0
0
0
0
0
0
0
26
265
487
674
811
885
897
837
716
536
327
112
0
0
0
0
0
0
0
0
0
0
0
0
29
135
227
439
365
278
126
460
332
490
365
125
2
0
0
0
0
0
0
0
0
0
0
0
19
198
359
530
634
723
727
612
593
432
263
90
0
0
0
0
0
0
0
0
0
0
0
0
24
267
495
688
830
909
917
860
731
548
326
105
0
0
0
0
0
0
0
0
0
0
0
0
21
236
438
608
740
806
813
759
642
480
286
89
0
0
0
0
0
0
0
0
0
0
0
0
20
245
464
652
791
870
880
821
703
528
310
96
0
0
0
0
0
0
0
0
0
0
0
0
19
238
450
634
768
839
844
791
671
496
288
85
0
0
0
0
0
0
0
0
0
0
0
0
20
254
483
677
819
894
903
843
715
530
308
45
0
0
0
0
0
0
0
0
0
0
0
0
4
49
93
143
179
174
173
153
129
91
54
7
0
0
0
0
0
0
0
0
0
0
0
0
18
254
487
686
831
910
918
853
721
530
302
38
0
0
0
0
0
0
0
0
0
0
0
0
16
230
444
627
763
837
843
783
660
486
273
33
0
0
0
0
0
0
0
0
0
0
0
0
16
247
481
680
823
902
910
843
709
515
286
30
0
0
0
0
0
0
0
0
0
0
0
0
13
201
400
584
704
774
781
722
598
443
248
28
0
0
0
0
0
0
0
0
0
0
0
0
12
211
420
589
713
779
782
724
606
440
240
22
0
0
0
0
0
0
0
0
0
0
0
0
14
225
437
621
752
828
834
773
655
477
265
27
0
0
0
0
0
0
0
0
0
0
0
0
13
210
416
496
599
626
619
609
506
349
142
5
0
0
0
0
0
0
0
0
0
0
0
0
11
209
413
590
719
789
799
734
615
442
239
21
0
0
0
0
0
0
0
0
0
0
0
0
14
193
385
527
561
611
603
563
526
395
167
5
0
0
0
0
0
0
0
0
0
0
0
0
9
188
383
542
648
717
738
682
582
406
209
14
0
0
0
0
0
0
0
0
0
0
0
0
9
192
396
575
693
761
774
715
592
422
221
17
0
0
0
0
0
0
0
0
0
0
0
0
5
183
409
594
794
778
897
826
685
485
250
30
0
0
0
0
0
0
0
0
0
0
0
0
3
55
112
157
192
207
200
187
159
114
58
4
0
0
0
0
0
0
0
0
0
0
0
0
4
104
198
305
387
469
447
375
314
209
111
3
0
0
0
0
0
0
0
0
0
0
0
0
7
187
389
561
688
746
751
688
567
402
201
11
0
0
0
0
0
0
0
0
0
0
0
0
2
114
261
372
437
450
484
462
363
248
114
4
0
0
0
0
0
0
0
0
0
0
0
0
7
189
401
587
725
797
801
735
602
421
206
9
0
0
0
0
0
0
0
0
0
0
0
0
6
194
411
598
736
805
806
737
608
421
204
8
0
0
0
0
0
0
0
0
0
0
0
0
5
181
391
576
706
778
781
718
587
403
192
7
0
0
0
0
0
0
0
0
0
0
0
0
5
157
347
512
617
683
689
605
489
341
152
3
0
0
0
0
0
0
0
0
0
0
0
0
5
166
358
522
645
707
706
650
537
371
173
6
0
0
0
0
0
0
0
0
0
0
0
0
5
183
405
599
738
810
810
737
598
408
189
5
0
0
0
0
0
0
0
0
0
0
0
0
4
162
360
534
658
723
724
663
548
377
175
5
0
0
0
0
0
0
0
0
0
0
0
0
4
168
375
556
683
750
751
683
558
379
174
4
0
0
0
0
0
0
0
0
0
0
0
0
3
169
378
561
694
763
766
700
572
391
178
4
0
0
0
0
0
0
0
0
0
0
0
0
3
163
372
553
680
748
746
682
556
377
171
4
0
0
0
0
0
0
0
0
0
0
0
0
3
160
370
552
682
749
750
680
549
366
161
3
0
0
0
0
0
0
0
0
0
0
0
0
2
155
362
545
675
746
753
688
556
373
164
3
0
0
0
0
0
0
0
0
0
0
0
0
2
132
311
466
586
644
629
565
463
301
127
1
0
0
0
0
0
0
0
0
0
0
0
0
2
128
299
460
578
647
646
584
473
302
132
2
0
0
0
0
0
0
0
0
0
0
0
0
1
81
188
290
378
442
453
396
286
212
90
1
0
0
0
0
0
0
0
0
0
0
0
0
2
160
385
587
731
806
792
654
390
248
115
1
0
0
0
0
0
0
0
0
0
0
0
0
1
136
330
501
629
695
698
634
506
335
140
1
0
0
0
0
0
0
0
0
0
0
0
0
1
135
333
507
633
697
693
627
503
331
136
1
0
0
0
0
0
0
0
0
0
0
0
0
1
112
289
435
533
601
581
543
453
303
131
1
0
0
0
0
0
0
0
0
0
0
0
0
1
117
296
454
569
627
635
589
465
312
131
1
0
0
0
0
0
0
0
0
0
0
0
0
1
118
305
469
588
632
626
563
450
292
117
1
0
0
0
0
0
0
0
0
0
0
0
0
1
119
310
483
606
673
673
609
481
312
123
1
0
0
0
0
0
0
0
0
0
0
0
0
0
106
281
444
564
620
618
570
459
300
119
1
0
0
0
0
0
0
0
0
0
0
0
0
0
116
309
482
609
676
676
611
488
317
125
1
0
0
0
0
0
0
0
0
0
0
0
0
0
116
314
492
622
690
688
624
497
321
124
1
0
0
0
0
0
0
0
0
0
0
0
0
0
117
317
499
631
699
701
634
504
324
124
0
0
0
0
0
0
0
0
0
0
0
0
0
1
98
218
269
368
420
390
313
295
247
133
3
0
0
0
0
0
0
0
0
0
0
0
0
0
93
256
408
513
568
562
481
391
258
95
0
0
0
0
0
0
0
0
0
0
0
0
0
0
51
152
445
289
294
298
487
351
313
89
0
0
0
0
0
0
0
0
0
0
0
0
0
0
32
27
43
55
286
501
598
578
346
126
2
0
0
0
0
0
0
0
0
0
0
0
0
0
93
275
445
565
635
639
580
464
301
112
0
0
0
0
0
0
0
0
0
0
0
0
0
0
78
240
408
513
579
571
526
426
276
103
0
0
0
0
0
0
0
0
0
0
0
0
0
0
96
293
474
606
678
679
612
484
306
110
0
0
0
0
0
0
0
0
0
0
0
0
0
0
73
234
392
515
577
576
522
406
263
95
0
0
0
0
0
0
0
0
0
0
0
0
0
0
63
145
274
414
423
530
483
437
263
100
0
0
0
0
0
0
0
0
0
0
0
0
0
0
70
236
388
513
579
590
529
408
263
92
0
0
0
0
0
0
0
0
0
0
0
0
0
0
74
248
412
534
596
601
535
420
264
91
0
0
0
0
0
0
0
0
0
0
0
0
0
0
47
198
271
355
740
443
229
158
146
43
0
0
0
0
0
0
0
0
0
0
0
0
0
0
42
292
482
621
696
699
632
501
317
112
0
0
0
0
0
0
0
0
0
0
0
0
0
0
37
270
449
583
652
657
596
473
300
106
0
0
0
0
0
0
0
0
0
0
0
0
0
0
36
271
453
587
660
667
606
480
304
107
0
0
0
0
0
0
0
0
0
0
0
0
0
0
33
257
435
569
639
648
587
467
293
102
0
0
0
0
0
0
0
0
0
0
0
0
0
0
32
260
446
583
655
662
599
470
294
100
0
0
0
0
0
0
0
0
0
0
0
0
0
0
25
222
382
506
565
577
526
415
259
88
0
0
0
0
0
0
0
0
0
0
0
0
0
0
26
230
393
517
586
594
537
428
269
92
0
0
0
0
0
0
0
0
0
0
0
0
0
0
26
267
485
488
421
357
273
127
57
8
0
0
0
0
0
0
0
0
0
0
0
0
0
0
5
21
36
49
54
55
423
331
214
75
0
0
0
0
0
0
0
0
0
0
0
0
0
0
20
198
351
474
545
556
499
400
246
85
0
0
0
0
0
0
0
0
0
0
0
0
0
0
4
53
84
123
153
135
125
92
52
19
0
0
0
0
0
0
0
0
0
0
0
0
0
0
20
215
382
504
568
573
516
410
257
89
0
0
0
0
0
0
0
0
0
0
0
0
0
0
19
205
365
490
552
559
511
409
255
89
0
0
0
0
0
0
0
0
0
0
0
0
0
0
19
223
398
529
604
614
560
444
281
97
0
0
0
0
0
0
0
0
0
0
0
0
0
0
19
234
421
561
639
647
586
462
287
97
0
0
0
0
0
0
0
0
0
0
0
0
0
0
17
210
384
518
594
606
557
441
279
97
0
0
0
0
0
0
0
0
0
0
0
0
0
0
16
210
387
524
602
612
558
441
275
94
0
0
0
0
0
0
0
0
0
0
0
0
0
0
16
213
393
531
611
621
565
448
280
96
0
0
0
0
0
0
0
0
0
0
0
0
0
0
14
192
352
468
527
530
488
388
244
81
0
0
0
0
0
0
0
0
0
0
0
0
0
0
13
187
345
455
521
518
476
382
236
82
0
0
0
0
0
0
0
0
0
0
0
0
0
0
13
207
389
528
608
620
564
447
279
96
0
0
0
0
0
0
0
0
0
0
0
0
0
0
12
194
367
501
578
597
544
431
272
96
0
0
0
0
0
0
0
0
0
0
0
0
0
0
12
193
365
494
570
583
532
428
273
97
0
0
0
0
0
0
0
0
0
0
0
0
0
0
11
192
365
497
577
595
546
437
279
100
0
0
0
0
0
0
0
0
0
0
0
0
0
0
11
191
364
499
577
591
542
433
275
99
0
0
0
0
0
0
0
0
0
0
0
0
0
0
11
186
356
493
568
587
542
436
279
103
0
0
0
0
0
0
0
0
0
0
0
0
0
0
7
137
235
385
432
482
415
346
214
65
0
0
0
0
0
0
0
0
0
0
0
0
0
0
10
194
373
511
593
610
560
448
289
105
0
0
0
0
0
0
0
0
0
0
0
0
0
0
10
200
383
527
610
626
579
465
300
111
0
0
0
0
0
0
0
0
0
0
0
0
0
0
7
155
302
410
496
536
450
364
227
86
0
0
0
0
0
0
0
0
0
0
0
0
0
0
9
180
349
485
566
581
533
428
278
105
0
0
0
0
0
0
0
0
0
0
0
0
0
0
9
191
375
517
602
620
573
462
300
114
0
0
0
0
0
0
0
0
0
0
0
0
0
0
8
187
365
507
591
609
563
453
296
113
0
0
0
0
0
0
0
0
0
0
0
0
0
0
7
145
283
401
495
516
472
359
235
88
0
0
0
0
0
0
0
0
0
0
0
0
0
0
6
142
284
393
458
471
433
356
231
88
0
0
0
0
0
0
0
0
0
0
0
0
0
0
8
143
275
411
485
498
485
399
266
97
1
0
0
0
0
0
0
0
0
0
0
0
0
0
5
140
285
416
466
508
485
384
261
114
1
0
0
0
0
0
0