0
0
0
0
0
0
0
86
264
442
588
659
660
597
472
301
120
1
0
0
0
0
0
0
0
0
0
0
0
0
0
90
279
464
603
680
688
630
505
326
128
1
0
0
0
0
0
0
0
0
0
0
0
0
0
88
278
461
605
685
700
639
516
347
146
3
0
0
0
0
0
0
0
0
0
0
0
0
0
82
259
439
581
651
641
581
462
302
122
1
0
0
0
0
0
0
0
0
0
0
0
0
0
92
174
270
424
390
517
625
408
336
147
3
0
0
0
0
0
0
0
0
0
0
0
0
0
72
247
443
580
602
584
492
426
290
121
1
0
0
0
0
0
0
0
0
0
0
0
0
0
68
222
401
527
629
603
600
470
305
126
2
0
0
0
0
0
0
0
0
0
0
0
0
0
83
256
436
567
660
664
603
481
323
138
2
0
0
0
0
0
0
0
0
0
0
0
0
0
83
262
445
579
657
643
579
455
311
131
2
0
0
0
0
0
0
0
0
0
0
0
0
0
69
238
398
523
604
610
612
486
315
127
2
0
0
0
0
0
0
0
0
0
0
0
0
0
88
285
481
633
720
737
678
551
372
164
4
0
0
0
0
0
0
0
0
0
0
0
0
0
80
263
436
581
657
680
636
518
354
158
5
0
0
0
0
0
0
0
0
0
0
0
0
0
79
259
437
583
676
691
637
518
349
157
4
0
0
0
0
0
0
0
0
0
0
0
0
0
80
260
410
548
631
651
606
494
328
154
5
0
0
0
0
0
0
0
0
0
0
0
0
0
89
281
471
614
696
708
650
535
355
157
3
0
0
0
0
0
0
0
0
0
0
0
0
0
85
271
457
592
685
700
647
523
358
163
4
0
0
0
0
0
0
0
0
0
0
0
0
0
88
276
455
595
679
695
642
531
363
166
5
0
0
0
0
0
0
0
0
0
0
0
0
0
82
266
441
594
674
690
646
527
363
170
7
0
0
0
0
0
0
0
0
0
0
0
0
0
86
278
463
613
691
704
657
537
369
174
7
0
0
0
0
0
0
0
0
0
0
0
0
0
73
247
417
535
627
621
521
428
320
148
2
0
0
0
0
0
0
0
0
0
0
0
0
0
87
277
475
625
711
731
680
561
386
183
8
0
0
0
0
0
0
0
0
0
0
0
0
0
83
264
451
588
664
673
607
487
329
146
2
0
0
0
0
0
0
0
0
0
0
0
0
0
98
304
502
653
739
753
701
582
403
195
6
0
0
0
0
0
0
0
0
0
0
0
0
0
97
302
499
655
751
767
715
595
416
204
9
0
0
0
0
0
0
0
0
0
0
0
0
0
88
275
472
610
688
712
664
548
387
190
10
0
0
0
0
0
0
0
0
0
0
0
0
0
96
298
503
659
758
780
726
605
427
209
12
0
0
0
0
0
0
0
0
0
0
0
0
0
45
153
336
388
613
609
647
563
332
98
3
0
0
0
0
0
0
0
0
0
0
0
0
0
81
257
452
591
689
704
665
522
353
174
10
0
0
0
0
0
0
0
0
0
0
0
0
0
91
290
477
627
705
700
656
518
349
172
6
0
0
0
0
0
0
0
0
0
0
0
0
0
87
276
453
556
644
697
645
557
400
208
16
0
0
0
0
0
0
0
0
0
0
0
0
0
99
306
440
564
633
590
588
502
366
202
17
0
0
0
0
0
0
0
0
0
0
0
0
0
93
280
481
629
681
717
646
541
379
189
13
0
0
0
0
0
0
0
0
0
0
0
0
0
103
310
518
674
768
786
731
605
424
214
13
0
0
0
0
0
0
0
0
0
0
0
0
0
91
275
466
613
719
739
696
567
383
198
13
0
0
0
0
0
0
0
0
0
0
0
0
0
97
286
478
617
701
726
685
562
386
195
11
0
0
0
0
0
0
0
0
0
0
0
0
0
103
303
499
639
710
721
687
579
409
208
14
0
0
0
0
0
0
0
0
0
0
0
0
0
102
295
487
636
730
752
704
574
402
207
16
0
0
0
0
0
0
0
0
0
0
0
0
0
94
282
469
618
704
721
669
562
400
206
16
0
0
0
0
0
0
0
0
0
0
0
0
0
98
292
483
618
693
713
691
584
424
227
24
0
0
0
0
0
0
0
0
0
0
0
0
0
109
314
514
673
765
792
744
623
448
238
21
0
0
0
0
0
0
0
0
0
0
0
0
0
101
284
459
606
719
742
707
591
411
208
23
0
0
0
0
0
0
0
0
0
0
0
0
0
104
295
483
644
740
752
687
584
417
225
21
0
0
0
0
0
0
0
0
0
0
0
0
1
112
315
508
662
751
774
736
625
451
248
27
0
0
0
0
0
0
0
0
0
0
0
0
1
117
323
527
678
762
778
729
616
454
243
26
0
0
0
0
0
0
0
0
0
0
0
0
1
124
339
548
712
803
820
771
657
475
259
26
0
0
0
0
0
0
0
0
0
0
0
0
1
115
305
488
632
699
703
688
594
418
221
22
0
0
0
0
0
0
0
0
0
0
0
0
1
132
353
565
731
837
863
816
697
515
287
35
0
0
0
0
0
0
0
0
0
0
0
0
1
123
323
525
667
761
783
750
643
470
265
33
0
0
0
0
0
0
0
0
0
0
0
0
1
135
351
556
716
812
832
780
662
483
267
30
0
0
0
0
0
0
0
0
0
0
0
0
1
141
364
576
740
837
866
810
691
507
284
37
0
0
0
0
0
0
0
0
0
0
0
0
1
138
358
558
713
796
821
765
643
469
261
30
0
0
0
0
0
0
0
0
0
0
0
0
2
138
355
554
701
787
835
770
643
465
254
27
0
0
0
0
0
0
0
0
0
0
0
0
2
124
311
499
660
758
784
751
628
447
245
33
0
0
0
0
0
0
0
0
0
0
0
0
1
131
323
516
676
770
804
776
649
481
267
38
0
0
0
0
0
0
0
0
0
0
0
0
2
132
329
526
689
775
806
753
625
465
268
42
0
0
0
0
0
0
0
0
0
0
0
0
3
143
364
531
672
765
698
665
572
389
173
6
0
0
0
0
0
0
0
0
0
0
0
0
3
147
359
551
716
803
825
772
664
491
279
78
0
0
0
0
0
0
0
0
0
0
0
0
3
144
350
539
696
788
799
753
614
444
238
66
0
0
0
0
0
0
0
0
0
0
0
0
3
153
369
574
728
823
845
792
672
499
284
83
0
0
0
0
0
0
0
0
0
0
0
0
3
159
372
585
740
839
857
806
683
497
275
80
0
0
0
0
0
0
0
0
0
0
0
0
4
155
368
569
728
825
858
805
674
499
292
87
0
0
0
0
0
0
0
0
0
0
0
0
4
160
367
563
711
797
812
771
649
490
278
82
0
0
0
0
0
0
0
0
0
0
0
0
4
163
377
575
727
774
808
755
642
468
263
78
0
0
0
0
0
0
0
0
0
0
0
0
5
165
380
584
721
809
833
765
651
477
267
77
0
0
0
0
0
0
0
0
0
0
0
0
5
172
377
583
743
826
843
804
708
527
306
95
0
0
0
0
0
0
0
0
0
0
0
0
9
150
305
463
696
687
758
697
612
416
240
74
0
0
0
0
0
0
0
0
0
0
0
0
7
195
427
637
801
899
916
861
735
549
323
102
0
0
0
0
0
0
0
0
0
0
0
0
8
202
437
650
809
907
930
874
749
561
330
105
0
0
0
0
0
0
0
0
0
0
0
0
8
204
442
652
818
908
934
882
761
573
343
111
0
0
0
0
0
0
0
0
0
0
0
0
9
213
452
670
836
934
954
895
766
573
340
110
0
0
0
0
0
0
0
0
0
0
0
0
9
202
428
635
782
878
902
843
721
535
318
101
0
0
0
0
0
0
0
0
0
0
0
0
11
220
458
671
831
924
942
883
755
568
337
110
0
0
0
0
0
0
0
0
0
0
0
0
11
210
439
641
799
886
909
853
727
538
314
101
0
0
0
0
0
0
0
0
0
0
0
0
12
216
451
662
817
912
931
880
756
563
335
112
0
0
0
0
0
0
0
0
0
0
0
0
13
222
455
665
824
914
931
873
748
560
332
110
0
0
0
0
0
0
0
0
0
0
0
0
11
201
416
519
663
729
775
759
689
508
295
98
0
0
0
0
0
0
0
0
0
0
0
0
14
216
435
633
783
869
889
838
717
537
319
108
0
0
0
0
0
0
0
0
0
0
0
0
16
231
458
664
808
897
912
862
739
548
329
113
0
0
0
0
0
0
0
0
0
0
0
0
16
222
440
636
783
868
881
829
711
532
316
109
0
0
0
0
0
0
0
0
0
0
0
0
19
245
477
686
842
928
940
882
761
570
341
117
0
0
0
0
0
0
0
0
0
0
0
0
18
226
440
612
762
855
822
755
648
514
300
102
0
0
0
0
0
0
0
0
0
0
0
0
22
247
475
676
830
918
936
885
751
567
342
121
1
0
0
0
0
0
0
0
0
0
0
0
22
241
466
667
805
889
900
855
722
552
330
116
1
0
0
0
0
0
0
0
0
0
0
0
24
259
495
705
857
944
959
902
774
578
349
123
1
0
0
0
0
0
0
0
0
0
0
0
26
256
486
690
839
921
933
873
747
561
338
118
0
0
0
0
0
0
0
0
0
0
0
0
27
244
471
670
831
902
894
838
700
521
315
111
1
0
0
0
0
0
0
0
0
0
0
0
29
264
494
704
860
950
964
904
770
572
348
127
1
0
0
0
0
0
0
0
0
0
0
0
27
236
437
617
754
823
840
785
666
493
295
104
0
0
0
0
0
0
0
0
0
0
0
0
31
266
496
699
854
930
935
877
756
572
346
124
1
0
0
0
0
0
0
0
0
0
0
0
33
263
468
654
804
875
892
834
719
547
332
120
1
0
0
0
0
0
0
0
0
0
0
0
36
267
489
684
827
901
906
852
745
563
349
131
1
0
0
0
0
0
0
0
0
0
0
0
72
263
475
655
786
868
877
817
700
524
319
115
1
0
0
0
0
0
0
0
0
0
0
0
83
299
535
741
891
972
981
918
789
599
367
136
1
0
0
0
0
0
0
0
0
0
0
0
89
309
547
750
897
985
989
928
795
604
373
140
1
0
0
0
0
0
0
0
0
0
0
0
83
284
496
681
821
889
889
837
723
556
350
131
1
0
0
0
0
0
0
0
0
0
0
0
85
284
506
698
837
916
915
857
727
542
329
121
1
0
0
0
0
0
0
0
0
0
0
0
86
285
513
703
841
927
930
855
728
550
339
128
1
0
0
0
0
0
0
0
0
0
0
0
83
275
493
679
828
905
904
850
720
543
338
129
2
0
0
0
0
0
0
0
0
0
0
0
92
292
504
688
823
898
903
837
716
537
327
123
1
0
0
0
0
0
0
0
0
0
0
0
91
291
499
679
789
873
878
827
702
528
323
120
1
0
0
0
0
0
0
0
0
0
0
0
100
311
545
725
859
936
932
874
749
569
347
132
1
0
0
0
0
0
0
0
0
0
0
0
108
331
568
779
935
1003
1004
933
794
611
371
149
2
0
0
0
0
0
0
0
0
0
0
0
106
316
541
724
863
926
923
872
740
558
336
129
1
0
0
0
0
0
0
0
0
0
0
0
106
311
529
720
864
939
948
887
774
595
369
145
3
0
0
0
0
0
0
0
0
0
0
0
106
315
534
723
861
938
935
875
746
573
351
139
3
0
0
0
0
0
0
0
0
0
0
0
105
302
513
693
829
892
901
844
728
537
329
124
1
0
0
0
0
0
0
0
0
0
0
1
113
327
548
735
873
947
943
901
774
593
372
151
3
0
0
0
0
0
0
0
0
0
0
1
116
323
540
703
821
889
898
833
706
517
316
120
1
0
0
0
0
0
0
0
0
0
0
1
120
332
555
738
873
936
951
891
757
573
347
133
1
0
0
0
0
0
0
0
0
0
0
1
113
315
538
705
813
896
918
857
778
584
384
155
5
0
0
0
0
0
0
0
0
0
0
1
123
331
548
737
864
931
936
867
733
557
340
132
1
0
0
0
0
0
0
0
0
0
0
2
119
329
529
713
839
898
886
834
691
509
306
119
1
0
0
0
0
0
0
0
0
0
0
1
119
319
525
699
811
880
891
848
725
566
345
141
4
0
0
0
0
0
0
0
0
0
0
1
123
333
554
733
870
937
955
881
744
564
354
144
3
0
0
0
0
0
0
0
0
0
0
2
135
350
553
743
877
951
940
860
730
557
344
140
2
0
0
0
0
0
0
0
0
0
0
2
133
345
563
750
885
955
947
892
771
583
368
155
4
0
0
0
0
0
0
0
0
0
0
2
136
348
566
771
904
956
943
869
746
569
344
134
1
0
0
0
0
0
0
0
0
0
0
2
123
324
538
724
820
894
873
801
715
541
345
144
5
0
0
0
0
0
0
0
0
0
0
2
129
322
526
715
842
932
934
855
722
565
358
155
6
0
0
0
0
0
0
0
0
0
0
3
138
344
564
734
856
917
917
854
721
541
344
136
2
0
0
0
0
0
0
0
0
0
0
3
145
364
574
745
870
932
938
877
732
559
358
152
3
0
0
0
0
0
0
0
0
0
0
3
133
335
558
743
879
938
922
855
731
552
352
144
4
0
0
0
0
0
0
0
0
0
0
3
144
357
566
735
861
935
940
875
754
582
377
160
5
0
0
0
0
0
0
0
0
0
0
4
159
381
606
800
937
1013
1011
946
822
633
406
176
6
0
0
0
0
0
0
0
0
0
0
4
158
376
596
777
907
970
978
903
778
595
372
158
4
0
0
0
0
0
0
0
0
0
0
5
159
381
598
776
897
965
974
907
785
602
392
171
6
0
0
0
0
0
0
0
0
0
0
5
157
370
586
752
892
961
953
878
751
570
359
154
4
0
0
0
0
0
0
0
0
0
0
5
154
368
583
762
884
947
959
891
765
590
373
164
6
0
0
0
0
0
0
0
0
0
0
5
161
371
578
761
895
954
957
894
774
594
379
170
7
0
0
0
0
0
0
0
0
0
0
5
160
362
569
747
894
961
957
896
756
579
361
159
4
0
0
0
0
0
0
0
0
0
0
5
135
314
511
624
756
826
769
706
618
493
311
126
2
0
0
0
0
0
0
0
0
0
0
6
163
375
592
780
907
974
975
923
799
622
405
181
10
0
0
0
0
0
0
0
0
0
0
7
166
373
583
769
912
980
975
922
800
607
399
182
9
0
0
0
0
0
0
0
0
0
0
7
170
388
593
786
919
986
990
926
797
613
402
176
8
0
0
0
0
0
0
0
0
0
0
6
161
358
579
766
868
933
896
835
693
558
338
142
5
0
0
0
0
0
0
0
0
0
0
7
140
347
509
664
801
915
900
835
710
549
344
171
12
0
0
0
0
0
0
0
0
0
0
7
170
380
591
773
905
980
982
900
781
606
397
178
9
0
0
0
0
0
0
0
0
0
0
7
154
373
576
724
845
915
883
815
725
581
384
180
11
0
0
0
0
0
0
0
0
0
0
9
186
411
626
810
935
1007
1009
941
814
627
407
187
9
0
0
0
0
0
0
0
0
0
0
9
173
380
573
741
869
930
947
873
760
602
404
189
12
0
0
0
0
0
0
0
0
0
0
8
172
371
585
744
860
925
915
862
737
586
386
183
11
0
0
0
0
0
0
0
0
0
0
9
178
393
606
789
907
960
980
922
808
631
422
196
13
0
0
0
0
0
0
0
0
0
0
8
177
373
574
737
853
927
901
827
713
580
374
170
7
0
0
0
0
0
0
0
0
0
0
11
195
428
643
827
981
655
634
582
486
382
237
110
3
0
0
0
0
0
0
0
0
0
0
8
160
361
538
702
830
892
918
788
688
540
352
177
12
0
0
0
0
0
0
0
0
0
0
10
186
397
600
778
903
967
975
919
811
638
431
212
17
0
0
0
0
0
0
0
0
0
0
11
198
419
636
813
937
997
996
929
804
626
417
199
12
0
0
0
0
0
0
0
0
0
0
11
185
398
608
781
908
971
973
914
805
632
419
200
15
0
0
0
0
0
0
0
0
0
0
11
184
395
563
706
810
905
886
771
624
520
356
171
11
0
0
0
0
0
0
0
0
0
0
9
162
361
582
744
868
908
898
831
737
549
371
172
10
0
0
0
0
0
0
0
0
0
0
12
189
403
600
762
889
949
944
863
738
585
385
184
10
0
0
0
0
0
0
0
0
0
0
9
171
369
573
731
873
931
932
874
763
596
400
192
13
0
0
0
0
0
0
0
0
0
0
11
192
412
628
810
942
1011
1014
952
828
656
436
216
18
0
0
0
0
0
0
0
0
0
0
12
195
415
634
817
951
1019
1018
955
830
650
435
213
17
0
0
0
0
0
0
0
0
0
0
11
182
387
580
762
870
930
936
894
782
619
417
203
17
0
0
0
0
0
0
0
0
0
0
10
179
386
583
742
867
938
942
892
782
614
411
204
17
0
0
0
0
0
0
0
0
0
0
12
189
405
619
798
923
992
1000
940
816
640
427
210
17
0
0
0
0
0
0
0
0
0
0
12
192
406
617
795
927
989
987
933
807
632
426
212
17
0
0
0
0
0
0
0
0
0
0
13
207
438
659
839
964
1031
1027
959
828
648
433
213
14
0
0
0
0
0
0
0
0
0
0
12
196
415
626
806
939
1009
1013
946
823
648
437
218
18
0
0
0
0
0
0
0
0
0
0
12
183
383
587
768
892
961
964
902
797
637
435
221
23
0
0
0
0
0
0
0
0
0
0
12
183
383
575
760
887
943
946
877
770
607
409
199
16
0
0
0
0
0
0
0
0
0
0
12
197
411
611
779
894
948
953
892
768
602
409
205
16
0
0
0
0
0
0
0
0
0
0
13
194
403
608
783
907
977
984
927
812
646
438
223
22
0
0
0
0
0
0
0
0
0
0
9
177
377
531
674
794
810
858
846
720
517
375
184
17
0
0
0
0
0
0
0
0
0
0
12
181
386
592
772
899
956
945
873
761
604
417
213
22
0
0
0
0
0
0
0
0
0
0
11
181
385
582
759
887
946
945
891
791
616
421
213
20
0
0
0
0
0
0
0
0
0
0
12
199
422
637
816
943
1013
1019
960
842
670
461
237
23
0
0
0
0
0
0
0
0
0
0
12
152
308
567
576
486
328
669
681
796
691
388
227
38
0
0
0
0
0
0
0
0
0
0
10
176
382
585
751
882
942
947
903
810
646
436
221
25
0
0
0
0
0
0
0
0
0
0
11
189
404
619
793
919
988
984
930
807
639
436
222
21
0
0
0
0
0
0
0
0
0
0
11
189
402
615
793
927
1001
1009
951
834
661
448
230
24
0
0
0
0
0
0
0
0
0
0
10
182
396
607
771
890
953
969
908
788
626
421
212
18
0
0
0
0
0
0
0
0
0
0
10
180
391
603
784
919
985
989
934
815
652
445
228
24
0
0
0
0
0
0
0
0
0
0
10
187
403
616
793
923
996
1012
955
835
668
460
241
27
0
0
0
0
0
0
0
0
0
0
10
178
380
582
755
874
945
973
926
816
655
454
236
28
0
0
0
0
0
0
0
0
0
0
9
162
357
549
719
841
900
931
877
775
616
431
221
29
0
0
0
0
0
0
0
0
0
0
10
164
352
547
711
827
916
923
864
773
624
436
226
31
0
0
0
0
0
0
0
0
0
0
9
181
388
590
766
900
964
977
924
821
653
449
237
27
0
0
0
0
0
0
0
0
0
0
9
175
386
593
757
880
948
951
902
792
627
426
218
21
0
0
0
0
0
0
0
0
0
0
9
165
351
543
686
808
861
880
854
756
607
403
193
17
0
0
0
0
0
0
0
0
0
0
8
161
360
565
743
869
926
923
877
776
621
426
213
21
0
0
0
0
0
0
0
0
0
0
9
183
403
620
800
927
996
1000
945
827
652
442
225
21
0
0
0
0
0
0
0
0
0
0
5
148
327
560
694
771
839
838
856
737
594
403
213
21
0
0
0
0
0
0
0
0
0
0
4
88
225
353
603
564
763
927
842
759
605
373
191
17
0
0
0
0
0
0
0
0
0
0
8
174
384
599
781
914
989
1007
951
832
663
458
243
29
0
0
0
0
0
0
0
0
0
0
8
186
410
631
818
954
1035
1040
982
864
696
480
253
29
0
0
0
0
0
0
0
0
0
0
8
178
394
605
782
916
986
997
933
822
657
455
238
25
0
0
0
0
0
0
0
0
0
0
8
190
418
642
831
965
1041
1049
995
877
704
489
257
28
0
0
0
0
0
0
0
0
0
0
7
159
359
552
709
840
904
915
856
742
600
420
219
25
0
0
0
0
0
0
0
0
0
0
7
176
395
617
799
933
1011
1017
958
840
666
456
234
23
0
0
0
0
0
0
0
0
0
0
7
171
391
607
794
938
1016
1031
980
861
686
469
244
27
0
0
0
0
0
0
0
0
0
0
6
164
379
593
771
912
983
987
928
816
650
443
229
23
0
0
0
0
0
0
0
0
0
0
6
173
397
615
793
926
1000
1004
950
827
655
448
228
20
0
0
0
0
0
0
0
0
0
0
6
165
382
598
787
915
983
997
947
830
657
445
226
21
0
0
0
0
0
0
0
0
0
0
6
166
384
602
790
930
1007
1020
970
855
684
472
241
27
0
0
0
0
0
0
0
0
0
0
6
150
338
547
717
846
917
913
852
755
599
421
221
24
0
0
0
0
0
0
0
0
0
0
5
151
343
526
682
835
892
901
874
768
601
417
210
21
0
0
0
0
0
0
0
0
0
0
5
154
366
575
756
885
962
973
916
804
632
432
218
20
0
0
0
0
0
0
0
0
0
0
4
140
326
522
710
810
922
949
900
759
613
416
211
23
0
0
0
0
0
0
0
0
0
0
4
145
349
559
740
882
956
963
912
803
641
438
222
23
0
0
0
0
0
0
0
0
0
0
4
142
339
526
681
801
887
926
886
770
605
417
217
21
0
0
0
0
0
0
0
0
0
0
4
139
335
533
717
856
929
953
899
802
651
445
227
24
0
0
0
0
0
0
0
0
0
0
4
156
375
593
781
917
993
998
944
829
658
448
225
19
0
0
0
0
0
0
0
0
0
0
3
140
337
544
725
849
915
926
900
769
611
414
205
17
0
0
0
0
0
0
0
0
0
0
4
149
362
578
769
895
969
977
930
811
643
439
219
18
0
0
0
0
0
0
0
0
0
0
3
139
343
553
731
878
953
970
910
799
624
419
206
16
0
0
0
0
0
0
0
0
0
0
3
134
318
507
699
839
903
889
830
717
585
373
188
14
0
0
0
0
0
0
0
0
0
0
3
137
343
550
734
879
963
970
918
820
663
448
223
23
0
0
0
0
0
0
0
0
0
0
3
134
328
535
710
840
883
903
848
742
577
394
196
19
0
0
0
0
0
0
0
0
0
0
3
127
313
519
692
840
925
907
852
757
570
393
191
13
0
0
0
0
0
0
0
0
0
0
3
135
337
542
717
852
937
943
879
773
610
407
203
16
0
0
0
0
0
0
0
0
0
0
2
128
332
535
724
865
925
936
895
801
619
421
207
17
0
0
0
0
0
0
0
0
0
0
2
136
347
564
762
898
973
979
917
802
632
418
200
13
0
0
0
0
0
0
0
0
0
0
2
138
350
567
758
908
970
982
934
804
634
429
208
14
0
0
0
0
0
0
0
0
0
0
2
131
340
557
743
882
973
992
948
833
657
440
217
17
0
0
0
0
0
0
0
0
0
0
2
134
347
575
768
907
992
1001
937
822
644
431
204
12
0
0
0
0
0
0
0
0
0
0
2
128
338
550
733
871
933
952
896
805
620
415
190
12
0
0
0
0
0
0
0
0
0
0
2
125
320
546
691
866
909
879
835
726
557
373
183
9
0
0
0
0
0
0
0
0
0
0
1
126
336
541
723
854
935
943
888
789
631
422
199
11
0
0
0
0
0
0
0
0
0
0
2
129
340
561
755
900
982
1001
939
819
643
423
198
12
0
0
0
0
0
0
0
0
0
0
2
121
324
541
720
871
955
959
904
804
623
402
185
11
0
0
0
0
0
0
0
0
0
0
2
130
347
553
720
846
916
905
846
708
570
390
172
8
0
0
0
0
0
0
0
0
0
0
1
118
318
530
729
885
954
950
855
750
579
374
166
5
0
0
0
0
0
0
0
0
0
0
1
127
345
571
766
903
985
989
932
802
624
409
185
8
0
0
0
0
0
0
0
0
0
0
1
122
333
555
750
902
977
987
920
800
620
411
187
10
0
0
0
0
0
0
0
0
0
0
1
117
325
540
747
894
977
988
937
815
632
404
181
7
0
0
0
0
0
0
0
0
0
0
1
112
313
527
713
843
939
951
898
784
603
395
174
8
0
0
0
0
0
0
0
0
0
0
1
113
320
525
700
842
921
909
872
764
564
373
168
6
0
0
0
0
0
0
0
0
0
0
1
121
336
562
749
887
974
974
929
801
621
405
182
7
0
0
0
0
0
0
0
0
0
0
1
113
320
539
714
837
932
939
875
759
567
374
166
6
0
0
0
0
0
0
0
0
0
0
1
122
334
555
757
892
966
969
922
793
592
373
158
3
0
0
0
0
0
0
0
0
0
0
1
118
338
567
767
905
988
995
929
798
613
388
168
5
0
0
0
0
0
0
0
0
0
0
1
111
323
545
737
870
970
981
927
802
612
392
166
5
0
0
0
0
0
0
0
0
0
0
1
104
296
498
681
815
932
962
875
737
581
372
165
6
0
0
0
0
0
0
0
0
0
0
1
106
301
527
732
841
906
911
859
727
586
365
153
4
0
0
0
0
0
0
0
0
0
0
1
104
308
514
684
829
895
919
872
754
571
345
135
2
0
0
0
0
0
0
0
0
0
0
1
113
321
533
715
839
913
930
874
749
572
353
149
4
0
0
0
0
0
0
0
0
0
0
0
115
332
566
762
911
985
994
926
797
608
380
152
3
0
0
0
0
0
0
0
0
0
0
0
105
308
522
718
853
929
935
892
768
588
377
152
3
0
0
0
0
0
0
0
0
0
0
0
98
292
500
675
821
897
909
852
765
581
367
148
3
0
0
0
0
0
0
0
0
0
0
0
107
313
520
707
815
879
894
821
700
544
334
132
2
0
0
0
0
0
0
0
0
0
0
0
102
304
527
691
824
905
899
852
717
549
350
135
2
0
0
0
0
0
0
0
0
0
0
0
102
296
514
669
813
868
872
805
679
522
331
127
2
0
0
0
0
0
0
0
0
0
0
0
101
300
508
682
810
879
873
819
700
529
319
118
1
0
0
0
0
0
0
0
0
0
0
0
105
315
540
732
869
934
939
870
747
562
340
123
1
0
0
0
0
0
0
0
0
0
0
0
56
248
562
708
746
757
716
578
283
315
203
93
0
0
0
0
0
0
0
0
0
0
0
0
96
295
512
698
841
897
904
842
721
539
324
122
1
0
0
0
0
0
0
0
0
0
0
0
90
278
473
632
752
813
819
755
640
480
290
103
0
0
0
0
0
0
0
0
0
0
0
0
89
271
462
626
743
804
808
749
639
471
282
99
0
0
0
0
0
0
0
0
0
0
0
0
92
298
510
685
823
898
907
838
696
511
310
110
1
0
0
0
0
0
0
0
0
0
0
0
93
287
497
668
803
868
876
816
686
513
303
104
0
0
0
0
0
0
0
0
0
0
0
0
95
296
508
686
816
883
885
820
694
516
305
102
0
0
0
0
0
0
0
0
0
0
0
0
93
298
498
671
768
831
828
777
672
507
297
98
0
0
0
0
0
0
0
0
0
0
0
0
102
321
546
730
861
927
928
859
727
534
313
101
0
0
0
0
0
0
0
0
0
0
0
0
99
314
538
727
856
924
924
851
713
525
304
96
0
0
0
0
0
0
0
0
0
0
0
0
95
301
516
704
835
905
913
846
718
535
318
101
0
0
0
0
0
0
0
0
0
0
0
0
96
307
525
717
844
912
909
833
695
515
301
94
0
0
0
0
0
0
0
0
0
0
0
0
97
314
541
739
877
944
940
874
736
544
315
95
0
0
0
0
0
0
0
0
0
0
0
0
83
275
490
657
788
878
868
792
677
500
280
82
0
0
0
0
0
0
0
0
0
0
0
0
86
285
506
695
832
892
892
824
691
505
289
85
0
0
0
0
0
0
0
0
0
0
0
0
84
263
444
622
701
784
793
769
639
491
279
80
0
0
0
0
0
0
0
0
0
0
0
0
97
316
546
739
876
945
941
866
723
527
296
39
0
0
0
0
0
0
0
0
0
0
0
0
90
298
515
693
827
898
896
823
683
498
275
34
0
0
0
0
0
0
0
0
0
0
0
0
93
310
536
726
852
915
919
841
695
500
274
31
0
0
0
0
0
0
0
0
0
0
0
0
83
273
473
661
779
829
829
772
652
456
244
23
0
0
0
0
0
0
0
0
0
0
0
0
68
242
444
644
754
816
807
716
620
429
235
30
0
0
0
0
0
0
0
0
0
0
0
0
81
279
495
682
807
874
886
814
672
486
265
32
0
0
0
0
0
0
0
0
0
0
0
0
88
302
530
716
856
929
921
847
700
507
275
31
0
0
0
0
0
0
0
0
0
0
0
0
84
292
515
710
843
918
919
841
698
497
263
28
0
0
0
0
0
0
0
0
0
0
0
0
79
283
499
686
814
884
869
789
645
455
242
24
0
0
0
0
0
0
0
0
0
0
0
0
79
278
502
687
809
872
873
800
656
465
250
25
0
0
0
0
0
0
0
0
0
0
0
0
70
259
463
639
773
807
793
719
603
416
227
20
0
0
0
0
0
0
0
0
0
0
0
0
81
287
509
700
824
879
873
789
640
437
219
13
0
0
0
0
0
0
0
0
0
0
0
0
67
235
407
555
676
768
851
742
585
430
239
23
0
0
0
0
0
0
0
0
0
0
0
0
62
220
370
517
575
642
620
552
428
278
130
4
0
0
0
0
0
0
0
0
0
0
0
0
37
254
459
639
749
807
850
762
615
431
214
15
0
0
0
0
0
0
0
0
0
0
0
0
34
260
477
669
800
857
844
773
634
426
210
15
0
0
0
0
0
0
0
0
0
0
0
0
36
274
482
666
792
851
848
749
616
425
210
12
0
0
0
0
0
0
0
0
0
0
0
0
37
284
508
693
824
886
872
794
650
454
227
14
0
0
0
0
0
0
0
0
0
0
0
0
34
271
490
674
807
871
860
780
649
455
228
16
0
0
0
0
0
0
0
0
0
0
0
0
35
279
506
697
831
889
881
795
645
439
211
10
0
0
0
0
0
0
0
0
0
0
0
0
34
274
499
685
821
872
862
776
626
426
201
9
0
0
0
0
0
0
0
0
0
0
0
0
31
261
472
638
744
792
794
736
595
395
189
9
0
0
0
0
0
0
0
0
0
0
0
0
26
232
437
607
736
800
818
745
605
409
191
10
0
0
0
0
0
0
0
0
0
0
0
0
27
223
384
555
685
748
765
704
574
377
178
8
0
0
0
0
0
0
0
0
0
0
0
0
29
245
451
633
768
825
819
721
581
387
178
6
0
0
0
0
0
0
0
0
0
0
0
0
28
256
477
659
791
855
829
741
597
400
183
6
0
0
0
0
0
0
0
0
0
0
0
0
20
215
406
584
716
786
791
728
579
380
175
7
0
0
0
0
0
0
0
0
0
0
0
0
27
256
479
674
806
866
845
762
616
409
185
7
0
0
0
0
0
0
0
0
0
0
0
0
25
247
467
651
777
840
833
748
593
390
171
5
0
0
0
0
0
0
0
0
0
0
0
0
19
227
422
604
721
779
752
639
520
353
161
4
0
0
0
0
0
0
0
0
0
0
0
0
23
235
433
622
741
803
795
713
566
367
162
5
0
0
0
0
0
0
0
0
0
0
0
0
23
247
464
645
773
833
807
718
563
364
154
3
0
0
0
0
0
0
0
0
0
0
0
0
20
215
428
602
700
763
759
674
536
353
152
4
0
0
0
0
0
0
0
0
0
0
0
0
22
243
463
637
757
813
804
724
579
378
159
3
0
0
0
0
0
0
0
0
0
0
0
0
20
226
432
611
750
815
804
725
572
377
160
4
0
0
0
0
0
0
0
0
0
0
0
0
18
219
418
594
727
791
776
688
541
349
144
2
0
0
0
0
0
0
0
0
0
0
0
0
19
232
447
630
758
812
796
709
561
353
141
1
0
0
0
0
0
0
0
0
0
0
0
0
17
211
411
587
698
708
699
640
528
332
136
2
0
0
0
0
0
0
0
0
0
0
0
0
7
152
260
452
640
674
687
602
483
339
152
4
0
0
0
0
0
0
0
0
0
0
0
0
17
210
422
596
720
783
765
679
541
353
144
3
0
0
0
0
0
0
0
0
0
0
0
0
15
212
413
592
703
764
749
652
512
335
130
1
0
0
0
0
0
0
0
0
0
0
0
0
16
215
436
598
704
739
705
672
526
338
140
2
0
0
0
0
0
0
0
0
0
0
0
0
15
200
377
568
687
748
735
644
504
323
127
2
0
0
0
0
0
0
0
0
0
0
0
0
13
210
418
594
713
768
754
664
517
328
125
1
0
0
0
0
0
0
0
0
0
0
0
0
14
201
397
571
678
747
753
667
530
344
137
2
0
0
0
0
0
0
0
0
0
0
0
0
13
204
404
586
714
769
756
678
527
336
132
1
0
0
0
0
0
0
0
0
0
0
0
0
13
209
419
595
721
782
771
689
539
342
133
1
0
0
0
0
0
0
0
0
0
0
0
0
11
194
395
568
697
756
740
655
513
314
119
1
0
0
0
0
0
0
0
0
0
0
0
0
11
204
411
590
711
768
750
666
511
319
119
1
0
0
0
0
0
0
0
0
0
0
0
0
10
187
376
547
669
708
705
614
478
295
105
0
0
0
0
0
0
0
0
0
0
0
0
0
10
187
383
550
664
719
702
623
482
299
110
0
0
0
0
0
0
0
0
0
0
0
0
0
9
191
397
577
695
753
735
652
508
319
118
1
0
0
0
0
0
0
0
0
0
0
0
0
8
177
377
546
670
724
712
621
483
303
107
0
0
0
0
0
0
0
0
0
0
0
0
0
8
179
374
541
656
712
696
619
479
298
108
0
0
0
0
0
0
0
0
0
0
0
0
0
8
179
375
545
663
715
701
622
481
299
108
0
0
0
0
0
0
0
0
0
0
0
0
0
7
175
369
537
653
705
694
613
478
294
106
0
0
0
0
0
0
0
0
0
0
0
0
0
7
179
381
564
680
741
723
651
503
314
114
0
0
0
0
0
0
0
0
0
0
0
0
0
6
148
326
469
592
640
620
613
445
270
97
1
0
0
0
0
0
0
0
0
0
0
0
0
5
157
338
499
608
663
653
580
448
274
97
0
0
0
0
0
0
0
0
0
0
0
0
0
5
167
368
550
683
748
740
663
513
318
112
1
0
0
0
0
0
0
0
0
0
0
0
0
5
165
360
536
655
712
702
628
484
297
105
0
0
0
0
0
0
0
0
0
0
0
0
0
5
145
327
486
606
670
642
557
447
280
101
0
0
0
0
0
0
0
0
0
0
0
0
0
4
149
344
511
635
686
675
590
461
286
98
0
0
0
0
0
0
0
0
0
0
0
0
0
3
141
307
470
565
663
645
553
438
253
88
0
0
0
0
0
0
0
0
0
0
0
0
0
1
110
284
476
609
666
613
503
399
242
93
0
0
0
0
0
0
0
0
0
0
0
0
0
3
149
333
497
619
686
677
605
467
289
101
0
0
0
0
0
0
0
0
0
0
0
0
0
3
159
361
538
662
724
719
640
498
310
109
0
0
0
0
0
0
0
0
0
0
0
0
0
3
147
347
523
643
703
703
622
486
301
106
0
0
0
0
0
0
0
0
0
0
0
0
0
3
153
353
530
657
708
702
623
485
291
100
0
0
0
0
0
0
0
0
0
0
0
0
0
2
145
336
509
625
676
672
607
468
280
94
0
0
0
0
0
0
0
0
0
0
0
0
0
2
135
325
499
620
664
658
579
442
276
89
0
0
0
0
0
0
0
0
0
0
0
0
0
2
137
327
490
616
651
650
557
412
253
87
0
0
0
0
0
0
0
0
0
0
0
0
0
2
135
320
479
597
658
636
582
453
269
95
0
0
0
0
0
0
0
0
0
0
0
0
0
2
127
311
485
609
671
667
605
472
288
102
0
0
0
0
0
0
0
0
0
0
0
0
0
1
129
318
496
620
687
685
598
464
289
98
0
0
0
0
0
0
0
0
0
0
0
0
0
1
117
295
463
595
641
628
509
417
253
91
0
0
0
0
0
0
0
0
0
0
0
0
0
1
131
324
501
631
688
673
587
446
268
89
0
0
0
0
0
0
0
0
0
0
0
0
0
1
123
307
481
593
649
641
581
450
279
100
0
0
0
0
0
0
0
0
0
0
0
0
0
1
125
320
497
621
685
679
601
468
286
100
0
0
0
0
0
0
0
0
0
0
0
0
0
1
126
322
503
633
698
693
620
483
299
105
0
0
0
0
0
0
0
0
0
0
0
0
0
1
115
297
473
591
649
622
543
406
250
84
0
0
0
0
0
0
0
0
0
0
0
0
0
1
112
293
464
581
642
644
578
439
274
98
0
0
0
0
0
0
0
0
0
0
0
0
0
1
105
277
447
577
641
644
602
472
294
103
1
0
0
0
0
0
0
0
0
0
0
0
0
1
109
294
468
596
661
659
588
457
281
98
0
0
0
0
0
0
0
0
0
0
0
0
0
1
109
296
466
588
648
649
565
439
277
99
0
0
0
0
0
0
0
0
0
0
0
0
0
0
107
293
467
595
662
661
591
461
286
101
0
0
0
0
0
0
0
0
0
0
0
0
0
0
92
250
419
563
625
616
554
416
260
95
0
0
0
0
0
0
0
0
0
0
0
0
0
0
91
252
423
546
632
657
598
480
297
107
1
0
0
0
0
0
0
0
0
0
0
0
0
0
87
245
401
509
564
570
510
403
251
91
0
0
0
0
0
0
0
0
0
0
0
0
0
0
97
274
439
556
624
630
555
434
268
97
0
0
0
0
0
0
0
0
0
0
0
0
0
0
102
290
469
601
670
674
604
474
295
108
0
0
0
0
0
0
0
0
0
0
0
0
0
0
98
283
458
588
667
665
601
473
300
112
1
0
0
0
0
0
0
0
0
0
0
0
0
0
96
274
445
584
637
633
574
450
280
105
0
0
0
0
0
0
0
0
0
0
0
0
0
0
89
255
412
535
611
623
549
425
267
101
0
0
0
0
0
0
0
0
0
0
0
0
0
0
93
271
442
566
631
638
571
449
280
105
0
0
0
0
0
0
0
0
0
0
0
0
0
0
95
278
451
592
666
658
586
464
290
109
1
0
0
0
0
0
0
0
0
0
0
0
0
0
91
266
436
566
633
638
578
445
273
104
1
0
0
0
0
0
0
0
0
0
0
0
0
0
90
240
410
526
582
609
555
414
288
107
1
0
0
0
0
0
0
0
0
0
0
0
0
0
92
280
464
597
658
658
592
468
300
116
1
0
0
0
0
0
0
0
0
0
0
0
0
0
87
266
444
576
648
651
594
474
296
113
1
0
0
0
0
0
0
0
0
0
0
0
0
0
87
259
432
556
640
611
562
436
290
113
1
0
0
0
0
0
0
0
0
0
0
0
0
0
66
208
340
450
487
496
439
312
206
75
1
0
0
0
0
0
0
0
0
0
0
0
0
0
65
219
396
538
613
621
546
446
289
122
2
0
0
0
0
0
0