0
0
0
0
0
0
0
2
129
286
418
527
545
530
444
318
145
3
0
0
0
0
0
0
0
0
0
0
0
0
0
2
130
288
415
425
479
439
422
278
123
2
0
0
0
0
0
0
0
0
0
0
0
0
0
2
179
330
407
351
369
381
317
327
170
9
0
0
0
0
0
0
0
0
0
0
0
0
0
4
147
311
445
539
563
536
453
321
158
5
0
0
0
0
0
0
0
0
0
0
0
0
0
4
168
363
524
627
664
631
530
373
178
5
0
0
0
0
0
0
0
0
0
0
0
0
0
4
151
324
465
554
584
552
470
323
152
3
0
0
0
0
0
0
0
0
0
0
0
0
0
4
148
333
446
493
519
500
424
300
154
5
0
0
0
0
0
0
0
0
0
0
0
0
0
3
130
299
420
515
535
541
453
322
164
7
0
0
0
0
0
0
0
0
0
0
0
0
0
2
130
288
451
508
524
521
429
289
138
3
0
0
0
0
0
0
0
0
0
0
0
0
0
3
137
302
427
485
534
501
460
309
142
4
0
0
0
0
0
0
0
0
0
0
0
0
0
4
161
348
505
606
644
615
527
379
191
9
0
0
0
0
0
0
0
0
0
0
0
0
0
4
161
348
500
598
636
608
517
370
189
9
0
0
0
0
0
0
0
0
0
0
0
0
0
4
170
366
528
632
670
640
545
389
197
8
0
0
0
0
0
0
0
0
0
0
0
0
0
4
149
322
474
557
580
551
467
341
174
9
0
0
0
0
0
0
0
0
0
0
0
0
0
3
120
257
399
473
457
439
363
241
117
3
0
0
0
0
0
0
0
0
0
0
0
0
0
4
152
327
427
473
472
492
450
340
162
8
0
0
0
0
0
0
0
0
0
0
0
0
0
4
154
327
474
565
603
586
493
370
199
14
0
0
0
0
0
0
0
0
0
0
0
0
0
4
153
331
480
573
602
576
497
362
194
12
0
0
0
0
0
0
0
0
0
0
0
0
0
4
159
341
488
588
631
616
530
386
206
14
0
0
0
0
0
0
0
0
0
0
0
0
0
5
177
377
542
652
695
667
568
416
222
14
0
0
0
0
0
0
0
0
0
0
0
0
0
5
174
371
535
644
685
657
567
418
227
17
0
0
0
0
0
0
0
0
0
0
0
0
0
5
162
337
477
574
614
597
525
393
215
19
0
0
0
0
0
0
0
0
0
0
0
0
0
2
31
60
87
100
107
89
73
56
33
5
0
0
0
0
0
0
0
0
0
0
0
0
0
7
175
456
654
527
536
403
134
76
22
5
0
0
0
0
0
0
0
0
0
0
0
0
0
6
185
384
546
656
699
676
585
437
244
21
0
0
0
0
0
0
0
0
0
0
0
0
0
12
171
376
515
564
778
725
642
471
272
27
0
0
0
0
0
0
0
0
0
0
0
0
0
7
196
409
585
701
747
721
623
462
256
23
0
0
0
0
0
0
0
0
0
0
0
0
0
6
161
336
481
581
632
615
535
397
225
24
0
0
0
0
0
0
0
0
0
0
0
0
0
7
195
404
575
687
737
711
615
459
259
26
0
0
0
0
0
0
0
0
0
0
0
0
0
7
190
390
555
662
707
682
588
441
250
25
0
0
0
0
0
0
0
0
0
0
0
0
0
8
197
404
578
693
740
714
618
462
264
29
0
0
0
0
0
0
0
0
0
0
0
0
0
8
202
408
579
694
739
714
620
467
269
31
0
0
0
0
0
0
0
0
0
0
0
0
0
9
209
422
598
713
759
736
642
484
280
33
0
0
0
0
0
0
0
0
0
0
0
0
0
10
132
349
319
430
497
208
293
269
127
6
0
0
0
0
0
0
0
0
0
0
0
0
0
6
147
335
495
551
512
534
465
382
233
30
0
0
0
0
0
0
0
0
0
0
0
0
0
10
203
401
563
674
720
697
604
458
270
37
0
0
0
0
0
0
0
0
0
0
0
0
0
10
205
409
576
689
736
715
629
481
286
44
0
0
0
0
0
0
0
0
0
0
0
0
0
9
168
358
510
624
641
591
497
376
227
75
0
0
0
0
0
0
0
0
0
0
0
0
0
3
21
37
52
62
66
504
429
320
195
63
0
0
0
0
0
0
0
0
0
0
0
0
0
12
183
375
697
742
392
89
58
44
27
8
0
0
0
0
0
0
0
0
0
0
0
0
0
12
156
263
331
382
418
298
318
306
225
108
0
0
0
0
0
0
0
0
0
0
0
0
0
9
139
326
442
510
636
561
527
409
251
81
0
0
0
0
0
0
0
0
0
0
0
0
0
5
167
246
509
466
426
427
359
317
243
88
0
0
0
0
0
0
0
0
0
0
0
0
0
4
255
319
670
598
208
60
62
167
33
16
0
0
0
0
0
0
0
0
0
0
0
0
0
19
255
478
658
778
828
803
705
544
333
112
0
0
0
0
0
0
0
0
0
0
0
0
0
18
231
429
590
696
739
722
633
493
304
105
0
0
0
0
0
0
0
0
0
0
0
0
0
19
225
415
566
670
707
688
609
479
302
107
0
0
0
0
0
0
0
0
0
0
0
0
0
5
128
254
330
375
425
547
467
371
236
88
0
0
0
0
0
0
0
0
0
0
0
0
0
21
225
408
553
648
703
694
605
471
302
112
0
0
0
0
0
0
0
0
0
0
0
0
0
20
222
397
512
620
678
595
506
399
280
98
0
0
0
0
0
0
0
0
0
0
0
0
0
24
239
415
563
657
709
697
625
502
312
118
1
0
0
0
0
0
0
0
0
0
0
0
0
19
109
172
297
346
571
632
666
477
377
148
3
0
0
0
0
0
0
0
0
0
0
0
0
22
209
372
499
590
634
621
552
431
268
100
0
0
0
0
0
0
0
0
0
0
0
0
0
6
24
174
215
645
705
449
140
50
31
12
1
0
0
0
0
0
0
0
0
0
0
0
0
33
278
493
664
777
823
799
705
551
350
133
1
0
0
0
0
0
0
0
0
0
0
0
0
17
189
332
465
533
563
550
472
373
230
88
1
0
0
0
0
0
0
0
0
0
0
0
0
36
259
449
608
700
749
731
651
505
322
130
1
0
0
0
0
0
0
0
0
0
0
0
0
37
278
485
654
767
811
787
698
547
353
139
1
0
0
0
0
0
0
0
0
0
0
0
0
38
270
467
622
729
766
746
656
513
333
132
1
0
0
0
0
0
0
0
0
0
0
0
0
90
312
537
718
838
884
857
759
598
385
155
1
0
0
0
0
0
0
0
0
0
0
0
0
54
181
319
412
490
527
530
433
338
204
76
1
0
0
0
0
0
0
0
0
0
0
0
0
79
268
445
576
672
712
665
645
518
347
149
3
0
0
0
0
0
0
0
0
0
0
0
0
88
282
470
621
703
733
712
635
500
324
130
1
0
0
0
0
0
0
0
0
0
0
0
0
82
261
430
561
631
702
674
620
470
310
128
1
0
0
0
0
0
0
0
0
0
0
0
0
64
200
351
434
503
556
551
488
405
251
98
1
0
0
0
0
0
0
0
0
0
0
0
0
53
53
43
148
283
325
416
354
372
343
186
13
0
0
0
0
0
0
0
0
0
0
0
0
103
298
458
585
660
730
654
611
473
321
148
2
0
0
0
0
0
0
0
0
0
0
0
0
133
378
612
797
915
957
923
818
645
423
181
1
0
0
0
0
0
0
0
0
0
0
0
0
124
347
557
729
838
883
858
768
614
413
185
4
0
0
0
0
0
0
0
0
0
0
0
0
126
348
558
726
837
881
856
765
612
413
185
5
0
0
0
0
0
0
0
0
0
0
0
0
94
247
377
512
601
628
603
541
440
285
122
2
0
0
0
0
0
0
0
0
0
0
0
1
142
374
589
759
868
909
882
784
625
419
189
4
0
0
0
0
0
0
0
0
0
0
0
1
153
394
653
846
624
632
595
497
401
265
115
2
0
0
0
0
0
0
0
0
0
0
0
1
103
255
359
463
552
610
589
504
419
275
126
2
0
0
0
0
0
0
0
0
0
0
0
1
97
299
429
576
629
636
579
527
433
297
133
2
0
0
0
0
0
0
0
0
0
0
0
2
167
413
640
817
930
971
934
830
661
439
199
4
0
0
0
0
0
0
0
0
0
0
0
2
151
370
573
735
839
881
853
762
612
414
192
6
0
0
0
0
0
0
0
0
0
0
0
2
169
405
621
794
903
941
908
806
644
433
201
6
0
0
0
0
0
0
0
0
0
0
0
2
148
351
543
692
790
822
799
692
558
374
172
4
0
0
0
0
0
0
0
0
0
0
0
3
159
369
568
717
816
847
818
733
588
399
193
8
0
0
0
0
0
0
0
0
0
0
0
4
182
420
636
807
917
956
924
823
661
449
213
7
0
0
0
0
0
0
0
0
0
0
0
4
157
356
531
686
790
828
810
723
571
399
199
11
0
0
0
0
0
0
0
0
0
0
0
8
155
402
642
740
820
1048
1015
907
730
499
241
34
0
0
0
0
0
0
0
0
0
0
0
5
199
439
658
825
933
971
942
841
677
466
227
10
0
0
0
0
0
0
0
0
0
0
0
6
195
430
642
806
913
950
919
819
658
452
220
10
0
0
0
0
0
0
0
0
0
0
0
7
197
427
637
801
904
945
914
817
658
451
223
11
0
0
0
0
0
0
0
0
0
0
0
2
148
291
448
377
313
412
600
469
464
350
253
28
0
0
0
0
0
0
0
0
0
0
0
8
210
448
665
830
935
970
932
832
671
460
225
11
0
0
0
0
0
0
0
0
0
0
0
10
225
470
692
864
969
1005
969
863
696
478
236
12
0
0
0
0
0
0
0
0
0
0
0
11
231
478
700
871
977
1014
979
875
703
485
241
13
0
0
0
0
0
0
0
0
0
0
0
12
239
487
707
880
984
1019
981
872
701
481
238
11
0
0
0
0
0
0
0
0
0
0
0
15
248
529
742
889
570
586
620
544
449
310
163
12
0
0
0
0
0
0
0
0
0
0
0
14
233
460
662
814
907
934
901
803
652
455
232
14
0
0
0
0
0
0
0
0
0
0
0
17
255
496
710
873
973
1008
971
867
704
493
256
16
0
0
0
0
0
0
0
0
0
0
0
13
57
306
277
545
602
412
920
427
367
151
134
7
0
0
0
0
0
0
0
0
0
0
0
17
205
338
521
637
706
782
677
657
579
429
231
28
0
0
0
0
0
0
0
0
0
0
0
19
245
471
673
829
925
954
919
824
668
464
239
17
0
0
0
0
0
0
0
0
0
0
0
19
222
426
620
752
832
872
838
732
601
423
222
18
0
0
0
0
0
0
0
0
0
0
0
25
274
516
728
892
991
1024
988
884
719
504
264
20
0
0
0
0
0
0
0
0
0
0
0
27
287
538
759
926
1027
1057
1017
907
732
506
258
16
0
0
0
0
0
0
0
0
0
0
0
21
218
401
581
725
797
810
783
746
570
403
210
16
0
0
0
0
0
0
0
0
0
0
0
31
296
540
754
917
1019
1045
1003
893
725
507
265
20
0
0
0
0
0
0
0
0
0
0
0
32
282
514
714
869
963
992
960
860
702
496
266
24
0
0
0
0
0
0
0
0
0
0
0
30
255
459
644
786
861
882
861
775
627
435
228
18
0
0
0
0
0
0
0
0
0
0
0
33
257
467
649
783
872
902
864
776
641
457
243
24
0
0
0
0
0
0
0
0
0
0
0
35
274
493
684
832
923
959
929
829
675
480
257
27
0
0
0
0
0
0
0
0
0
0
0
42
311
554
767
925
1025
1054
1011
903
734
517
275
25
0
0
0
0
0
0
0
0
0
0
0
88
315
557
772
930
1029
1060
1018
910
743
526
283
28
0
0
0
0
0
0
0
0
0
0
0
86
298
526
728
879
970
1000
960
854
696
490
263
26
0
0
0
0
0
0
0
0
0
0
0
39
155
314
352
386
500
773
577
620
607
392
314
70
0
0
0
0
0
0
0
0
0
0
0
91
342
488
589
829
330
172
83
649
594
479
320
77
0
0
0
0
0
0
0
0
0
0
0
48
154
315
401
507
567
633
475
401
365
182
97
6
0
0
0
0
0
0
0
0
0
0
0
98
315
546
750
901
994
1021
980
873
709
500
270
30
0
0
0
0
0
0
0
0
0
0
0
103
327
563
764
918
1010
1031
987
877
714
504
272
29
0
0
0
0
0
0
0
0
0
0
0
104
319
543
737
881
969
997
966
870
717
517
292
41
0
0
0
0
0
0
0
0
0
0
0
51
161
260
334
465
502
444
459
421
318
186
98
7
0
0
0
0
0
0
0
0
0
0
0
89
277
441
612
750
801
836
779
722
593
414
215
26
0
0
0
0
0
0
0
0
0
0
0
9
28
144
242
209
255
750
623
270
212
305
210
29
0
0
0
0
0
0
0
0
0
0
0
92
269
456
621
745
818
840
809
723
592
423
236
65
0
0
0
0
0
0
0
0
0
0
0
121
347
579
783
934
1023
1052
1007
903
739
529
295
83
0
0
0
0
0
0
0
0
0
0
0
115
328
547
740
883
969
987
944
845
695
496
276
78
0
0
0
0
0
0
0
0
0
0
1
124
347
575
771
918
1005
1029
982
876
716
510
283
81
0
0
0
0
0
0
0
0
0
0
0
121
328
556
355
559
596
578
749
75
280
206
147
40
0
0
0
0
0
0
0
0
0
0
1
141
376
615
821
973
1068
1095
1056
951
784
571
329
101
0
0
0
0
0
0
0
0
0
0
2
152
372
604
874
1051
631
499
546
555
481
399
251
85
0
0
0
0
0
0
0
0
0
0
1
101
300
360
472
637
826
828
843
605
510
346
199
50
0
0
0
0
0
0
0
0
0
0
1
90
232
389
528
590
632
669
657
600
492
334
197
61
0
0
0
0
0
0
0
0
0
0
1
126
331
542
722
857
941
960
927
839
695
510
295
93
0
0
0
0
0
0
0
0
0
0
2
137
349
567
752
893
973
1001
963
866
718
527
307
99
0
0
0
0
0
0
0
0
0
0
2
125
323
520
693
817
878
907
882
801
650
471
274
88
0
0
0
0
0
0
0
0
0
0
1
44
45
145
216
221
713
592
399
342
278
44
26
8
0
0
0
0
0
0
0
0
0
0
2
136
340
545
730
866
941
968
935
841
697
511
300
100
0
0
0
0
0
0
0
0
0
0
3
158
388
645
853
971
540
583
575
612
538
380
218
78
0
0
0
0
0
0
0
0
0
0
3
160
391
624
823
973
1063
1088
1047
942
779
570
334
113
0
0
0
0
0
0
0
0
0
0
2
149
355
615
891
875
355
643
768
783
339
226
242
123
2
0
0
0
0
0
0
0
0
0
1
93
207
347
456
548
654
713
659
607
464
338
183
75
0
0
0
0
0
0
0
0
0
0
4
65
216
148
317
935
1037
550
504
241
204
194
203
30
0
0
0
0
0
0
0
0
0
0
3
152
361
570
748
882
964
984
947
854
707
519
308
108
0
0
0
0
0
0
0
0
0
0
3
140
335
539
697
840
920
935
898
817
694
506
302
105
1
0
0
0
0
0
0
0
0
0
16
200
344
723
946
766
486
578
327
254
283
404
239
57
0
0
0
0
0
0
0
0
0
0
5
176
411
644
844
993
1083
1107
1063
957
792
583
347
124
0
0
0
0
0
0
0
0
0
0
4
166
386
604
791
930
1015
1040
1001
899
750
555
334
121
1
0
0
0
0
0
0
0
0
0
6
170
441
689
903
935
518
612
646
487
533
335
166
75
0
0
0
0
0
0
0
0
0
0
5
179
408
631
821
965
1050
1072
1032
928
770
571
345
128
1
0
0
0
0
0
0
0
0
0
5
180
408
632
823
967
1050
1071
1031
929
772
571
345
128
1
0
0
0
0
0
0
0
0
0
6
188
422
649
842
988
1075
1097
1055
950
791
588
358
135
1
0
0
0
0
0
0
0
0
0
5
155
350
548
711
835
915
941
894
814
674
512
314
122
1
0
0
0
0
0
0
0
0
0
4
122
282
441
587
672
746
733
701
623
530
385
240
91
1
0
0
0
0
0
0
0
0
0
5
148
340
520
675
816
913
914
873
787
668
503
312
124
2
0
0
0
0
0
0
0
0
0
6
171
390
608
796
935
1019
1044
1006
905
754
558
337
129
1
0
0
0
0
0
0
0
0
0
5
103
229
364
470
579
576
645
610
488
433
325
212
70
1
0
0
0
0
0
0
0
0
0
6
182
413
642
839
986
1074
1096
1053
948
785
580
351
133
1
0
0
0
0
0
0
0
0
0
6
170
383
590
776
907
985
1008
973
881
738
554
343
136
2
0
0
0
0
0
0
0
0
0
6
173
389
601
790
930
1018
1046
1009
915
767
577
359
145
3
0
0
0
0
0
0
0
0
0
6
155
338
500
595
767
803
862
843
783
662
523
321
124
2
0
0
0
0
0
0
0
0
0
7
171
381
591
775
912
995
1022
988
897
754
564
351
142
3
0
0
0
0
0
0
0
0
0
6
164
367
570
744
873
953
976
940
850
711
535
330
133
2
0
0
0
0
0
0
0
0
0
7
169
376
580
759
891
972
995
965
876
733
550
340
137
2
0
0
0
0
0
0
0
0
0
7
183
405
620
807
946
1035
1057
1025
930
779
584
367
150
3
0
0
0
0
0
0
0
0
0
8
193
426
657
855
1004
1091
1114
1072
965
804
599
368
146
1
0
0
0
0
0
0
0
0
0
6
89
147
558
644
813
1198
861
120
153
165
51
126
13
1
0
0
0
0
0
0
0
0
0
2
59
142
201
287
325
380
328
330
337
311
241
149
68
3
0
0
0
0
0
0
0
0
0
7
193
434
672
870
1022
658
691
655
587
486
369
224
93
1
0
0
0
0
0
0
0
0
0
7
172
381
586
763
898
980
1006
972
882
739
559
354
150
4
0
0
0
0
0
0
0
0
0
7
168
371
571
748
884
972
995
964
883
751
573
367
160
5
0
0
0
0
0
0
0
0
0
7
164
362
563
733
869
943
969
942
856
728
550
346
147
4
0
0
0
0
0
0
0
0
0
7
187
415
641
835
980
1068
1095
1054
954
799
600
374
155
2
0
0
0
0
0
0
0
0
0
7
183
404
623
808
948
1030
1055
1018
921
770
579
363
151
2
0
0
0
0
0
0
0
0
0
5
147
335
504
674
803
869
910
860
790
654
499
302
129
3
0
0
0
0
0
0
0
0
0
5
153
350
544
715
842
913
942
914
807
679
509
325
136
3
0
0
0
0
0
0
0
0
0
7
181
407
632
829
976
1067
1093
1055
961
809
609
383
161
4
0
0
0
0
0
0
0
0
0
6
149
332
524
678
799
882
918
882
791
679
511
318
133
4
0
0
0
0
0
0
0
0
0
6
167
382
598
782
920
1008
1046
1013
921
777
587
370
157
4
0
0
0
0
0
0
0
0
0
5
141
335
512
687
825
897
908
865
777
661
495
322
137
4
0
0
0
0
0
0
0
0
0
5
132
328
580
777
1010
1106
1138
1071
979
757
535
354
173
12
0
0
0
0
0
0
0
0
0
6
159
364
565
733
864
935
967
932
839
706
532
336
143
3
0
0
0
0
0
0
0
0
0
5
150
348
555
723
851
931
940
913
831
697
521
328
133
2
0
0
0
0
0
0
0
0
0
5
161
373
586
773
917
1001
1030
997
908
767
582
368
157
5
0
0
0
0
0
0
0
0
0
5
145
331
510
657
781
860
900
867
779
659
488
308
131
3
0
0
0
0
0
0
0
0
0
5
154
355
563
741
868
956
980
951
868
724
543
343
147
4
0
0
0
0
0
0
0
0
0
4
134
312
471
642
766
845
901
901
813
695
527
345
153
5
0
0
0
0
0
0
0
0
0
5
142
333
532
699
830
910
947
929
845
714
540
347
149
6
0
0
0
0
0
0
0
0
0
4
144
327
519
679
797
880
904
878
801
683
523
337
145
4
0
0
0
0
0
0
0
0
0
4
153
362
576
762
906
995
1031
1002
917
775
592
379
164
6
0
0
0
0
0
0
0
0
0
3
127
302
459
611
760
805
843
811
684
566
444
283
116
1
0
0
0
0
0
0
0
0
0
3
127
302
492
639
763
858
907
871
779
644
501
312
135
4
0
0
0
0
0
0
0
0
0
3
110
275
436
571
678
757
763
712
664
560
412
266
111
2
0
0
0
0
0
0
0
0
0
2
126
296
462
606
733
789
801
812
760
638
492
319
135
4
0
0
0
0
0
0
0
0
0
2
91
217
334
487
595
654
702
676
620
537
393
249
101
2
0
0
0
0
0
0
0
0
0
3
113
270
405
554
666
777
858
739
634
570
397
240
96
1
0
0
0
0
0
0
0
0
0
3
132
317
505
686
824
899
933
919
824
695
532
350
150
5
0
0
0
0
0
0
0
0
0
3
148
361
583
774
919
1009
1043
1014
926
784
592
373
158
4
0
0
0
0
0
0
0
0
0
3
150
370
592
786
934
1025
1048
1013
918
766
574
354
144
1
0
0
0
0
0
0
0
0
0
3
148
364
583
775
924
1014
1048
1016
922
775
586
368
155
3
0
0
0
0
0
0
0
0
0
2
128
323
526
706
839
934
971
946
865
736
558
356
152
5
0
0
0
0
0
0
0
0
0
2
139
350
568
758
908
998
1030
998
908
761
572
357
147
3
0
0
0
0
0
0
0
0
0
2
128
325
532
712
851
939
970
943
860
721
544
341
142
3
0
0
0
0
0
0
0
0
0
2
130
330
538
726
869
965
997
970
884
744
558
348
143
3
0
0
0
0
0
0
0
0
0
2
134
344
563
754
902
989
1025
994
902
757
565
351
143
2
0
0
0
0
0
0
0
0
0
2
125
330
542
724
866
952
981
953
867
723
539
331
132
2
0
0
0
0
0
0
0
0
0
2
127
333
549
740
889
977
1009
983
896
753
568
353
144
3
0
0
0
0
0
0
0
0
0
2
134
350
576
773
924
1021
1052
1017
926
778
584
363
147
2
0
0
0
0
0
0
0
0
0
1
130
342
559
750
901
996
1027
1002
917
775
589
373
155
4
0
0
0
0
0
0
0
0
0
1
129
340
557
746
888
974
996
963
873
732
548
337
134
1
0
0
0
0
0
0
0
0
0
1
112
293
478
649
782
881
894
864
780
664
502
319
136
3
0
0
0
0
0
0
0
0
0
1
112
298
492
662
796
882
915
890
802
687
524
334
138
4
0
0
0
0
0
0
0
0
0
1
102
287
483
657
782
859
898
865
780
665
506
312
123
2
0
0
0
0
0
0
0
0
0
1
116
322
538
728
875
960
990
959
870
727
538
326
125
1
0
0
0
0
0
0
0
0
0
1
110
308
517
701
841
932
961
922
840
704
525
318
123
1
0
0
0
0
0
0
0
0
0
1
118
333
561
761
915
1014
1049
1019
930
783
584
359
139
2
0
0
0
0
0
0
0
0
0
1
107
307
516
700
838
930
971
949
862
727
544
335
130
2
0
0
0
0
0
0
0
0
0
1
113
323
544
738
888
983
1018
989
899
753
563
345
132
1
0
0
0
0
0
0
0
0
0
1
114
326
549
748
902
1000
1037
1009
917
767
574
354
134
1
0
0
0
0
0
0
0
0
0
0
99
289
502
681
823
920
945
907
826
680
506
307
113
1
0
0
0
0
0
0
0
0
0
0
97
280
471
634
762
844
891
874
798
678
510
311
115
1
0
0
0
0
0
0
0
0
0
0
95
280
474
642
776
858
887
858
782
652
481
289
106
1
0
0
0
0
0
0
0
0
0
0
104
310
529
722
875
971
1002
975
892
743
552
335
124
1
0
0
0
0
0
0
0
0
0
0
109
328
559
766
924
1021
1058
1028
927
776
572
339
120
0
0
0
0
0
0
0
0
0
0
0
97
298
514
704
851
945
978
946
857
715
526
311
109
0
0
0
0
0
0
0
0
0
0
0
102
314
539
740
895
993
1028
996
903
753
557
331
116
0
0
0
0
0
0
0
0
0
0
0
94
291
506
698
841
933
965
936
849
706
519
306
103
0
0
0
0
0
0
0
0
0
0
0
81
254
440
606
728
803
826
800
723
599
442
261
89
0
0
0
0
0
0
0
0
0
0
0
109
348
602
837
1015
417
418
388
346
267
207
108
41
0
0
0
0
0
0
0
0
0
0
0
96
312
546
756
917
1020
1055
1022
926
767
559
326
108
0
0
0
0
0
0
0
0
0
0
0
90
293
516
711
864
966
1002
971
882
738
542
318
106
0
0
0
0
0
0
0
0
0
0
0
73
272
451
665
834
847
787
728
643
500
372
203
60
0
0
0
0
0
0
0
0
0
0
0
73
260
457
621
758
850
856
820
771
637
481
290
97
0
0
0
0
0
0
0
0
0
0
0
78
266
476
660
806
896
930
894
815
674
485
284
87
0
0
0
0
0
0
0
0
0
0
0
92
311
548
757
917
1015
1047
1012
911
748
538
303
90
0
0
0
0
0
0
0
0
0
0
0
90
304
533
736
889
985
1015
983
888
732
528
301
90
0
0
0
0
0
0
0
0
0
0
0
75
259
468
656
776
850
858
827
749
623
440
255
74
0
0
0
0
0
0
0
0
0
0
0
45
139
289
371
460
494
585
610
641
525
376
243
96
0
0
0
0
0
0
0
0
0
0
0
78
280
502
697
849
945
975
944
857
704
511
286
81
0
0
0
0
0
0
0
0
0
0
0
77
278
502
699
851
946
971
928
835
682
488
266
33
0
0
0
0
0
0
0
0
0
0
0
78
287
521
727
882
978
1011
976
875
716
507
277
33
0
0
0
0
0
0
0
0
0
0
0
38
289
523
731
889
983
1012
972
864
701
497
269
30
0
0
0
0
0
0
0
0
0
0
0
33
250
450
639
791
829
836
793
713
556
392
211
17
0
0
0
0
0
0
0
0
0
0
0
6
178
323
537
660
682
608
584
569
424
309
228
35
0
0
0
0
0
0
0
0
0
0
0
33
260
477
675
821
907
931
903
811
663
470
252
29
0
0
0
0
0
0
0
0
0
0
0
29
208
359
453
559
630
547
841
702
622
379
245
44
0
0
0
0
0
0
0
0
0
0
0
36
312
576
807
988
526
527
428
415
358
221
97
5
0
0
0
0
0
0
0
0
0
0
0
31
269
494
697
855
951
984
956
858
699
492
261
26
0
0
0
0
0
0
0
0
0
0
0
30
271
501
706
861
955
983
945
841
677
471
242
19
0
0
0
0
0
0
0
0
0
0
0
16
155
578
699
874
501
302
171
349
403
425
176
23
0
0
0
0
0
0
0
0
0
0
0
30
276
510
717
871
966
994
952
846
680
470
239
17
0
0
0
0
0
0
0
0
0
0
0
27
256
472
666
815
904
931
891
793
644
443
223
15
0
0
0
0
0
0
0
0
0
0
0
27
265
496
701
857
953
983
944
844
683
472
239
17
0
0
0
0
0
0
0
0
0
0
0
28
276
517
732
894
995
1023
985
877
708
488
244
16
0
0
0
0
0
0
0
0
0
0
0
24
242
453
636
777
872
900
867
773
622
430
215
15
0
0
0
0
0
0
0
0
0
0
0
15
190
390
522
605
701
726
690
656
516
402
204
17
0
0
0
0
0
0
0
0
0
0
0
24
262
494
700
857
953
980
937
828
659
446
215
10
0
0
0
0
0
0
0
0
0
0
0
21
226
428
606
747
811
811
778
687
542
356
167
5
0
0
0
0
0
0
0
0
0
0
0
20
223
421
604
745
835
859
811
729
580
398
195
10
0
0
0
0
0
0
0
0
0
0
0
24
281
538
756
923
424
434
449
403
313
192
92
2
0
0
0
0
0
0
0
0
0
0
0
20
247
471
665
811
900
924
884
782
619
415
192
6
0
0
0
0
0
0
0
0
0
0
0
19
223
411
582
718
781
832
796
720
574
379
177
7
0
0
0
0
0
0
0
0
0
0
0
16
199
387
552
694
753
774
739
625
497
337
150
2
0
0
0
0
0
0
0
0
0
0
0
16
218
422
602
743
813
842
808
701
559
371
167
4
0
0
0
0
0
0
0
0
0
0
0
18
237
460
653
803
889
913
867
761
599
394
173
4
0
0
0
0
0
0
0
0
0
0
0
17
241
467
667
818
907
932
889
779
613
403
177
4
0
0
0
0
0
0
0
0
0
0
0
16
229
451
647
792
874
895
852
744
581
376
158
2
0
0
0
0
0
0
0
0
0
0
0
16
237
461
657
803
895
921
879
769
600
392
166
3
0
0
0
0
0
0
0
0
0
0
0
16
237
462
660
807
892
914
870
763
600
390
164
2
0
0
0
0
0
0
0
0
0
0
0
9
153
289
439
543
585
568
565
500
387
247
93
1
0
0
0
0
0
0
0
0
0
0
0
24
123
61
90
100
368
524
384
490
488
398
168
11
0
0
0
0
0
0
0
0
0
0
0
8
143
269
394
495
547
601
601
479
356
235
95
1
0
0
0
0
0
0
0
0
0
0
0
14
247
492
706
864
959
982
930
806
621
392
151
1
0
0
0
0
0
0
0
0
0
0
0
3
169
284
464
537
603
580
614
552
399
253
92
1
0
0
0
0
0
0
0
0
0
0
0
8
161
329
456
544
618
649
601
523
396
247
89
1
0
0
0
0
0
0
0
0
0
0
0
9
182
379
550
688
763
795
760
662
504
309
114
0
0
0
0
0
0
0
0
0
0
0
0
10
196
402
584
721
801
818
772
666
508
312
112
0
0
0
0
0
0
0
0
0
0
0
0
13
224
488
612
828
568
554
571
473
358
202
68
0
0
0
0
0
0
0
0
0
0
0
0
8
186
389
567
696
785
793
756
645
505
313
109
0
0
0
0
0
0
0
0
0
0
0
0
9
216
448
649
802
888
905
852
736
557
337
114
0
0
0
0
0
0
0
0
0
0
0
0
9
211
437
639
789
875
893
841
722
546
329
108
0
0
0
0
0
0
0
0
0
0
0
0
9
215
453
662
816
904
922
864
738
555
330
106
0
0
0
0
0
0
0
0
0
0
0
0
8
204
430
631
780
864
879
829
709
531
314
98
0
0
0
0
0
0
0
0
0
0
0
0
7
206
439
644
798
885
898
841
716
534
310
93
0
0
0
0
0
0
0
0
0
0
0
0
6
156
348
494
620
679
696
685
612
456
258
76
0
0
0
0
0
0
0
0
0
0
0
0
6
183
383
559
688
766
774
722
619
454
264
78
0
0
0
0
0
0
0
0
0
0
0
0
6
189
407
600
744
825
841
788
678
508
299
44
0
0
0
0
0
0
0
0
0
0
0
0
2
79
181
280
367
331
349
330
296
267
150
27
0
0
0
0
0
0
0
0
0
0
0
0
4
163
360
540
680
755
773
705
596
444
250
33
0
0
0
0
0
0
0
0
0
0
0
0
5
176
389
576
714
796
807
755
638
472
270
33
0
0
0
0
0
0
0
0
0
0
0
0
6
124
269
403
546
631
580
593
403
260
180
6
0
0
0
0
0
0
0
0
0
0
0
0
3
38
96
154
192
205
234
217
152
116
86
8
0
0
0
0
0
0
0
0
0
0
0
0
1
47
157
246
301
262
377
391
319
173
76
5
0
0
0
0
0
0
0
0
0
0
0
0
4
173
392
585
726
809
821
766
647
471
258
25
0
0
0
0
0
0
0
0
0
0
0
0
3
153
352
514
626
713
730
661
555
397
206
13
0
0
0
0
0
0
0
0
0
0
0
0
3
144
339
508
636
712
726
670
554
394
211
16
0
0
0
0
0
0
0
0
0
0
0
0
1
170
297
355
432
448
514
664
335
37
49
17
0
0
0
0
0
0
0
0
0
0
0
0
3
169
395
596
744
829
841
782
655
470
248
18
0
0
0
0
0
0
0
0
0
0
0
0
2
134
335
510
632
706
710
646
534
369
194
12
0
0
0
0
0
0
0
0
0
0
0
0
2
139
337
517
660
740
754
700
589
420
219
17
0
0
0
0
0
0
0
0
0
0
0
0
2
134
324
494
633
716
721
667
550
394
206
14
0
0
0
0
0
0
0
0
0
0
0
0
2
156
382
585
735
817
827
765
633
445
225
12
0
0
0
0
0
0
0
0
0
0
0
0
2
152
370
566
713
794
806
749
623
440
225
12
0
0
0
0
0
0
0
0
0
0
0
0
1
151
375
573
720
802
810
748
619
436
217
9
0
0
0
0
0
0
0
0
0
0
0
0
1
119
307
475
596
674
692
650
535
378
193
11
0
0
0
0
0
0
0
0
0
0
0
0
1
101
244
396
534
586
586
529
460
337
183
12
0
0
0
0
0
0
0
0
0
0
0
0
1
86
219
341
445
475
503
452
380
253
114
3
0
0
0
0
0
0
0
0
0
0
0
0
1
126
327
511
641
720
728
672
557
387
188
7
0
0
0
0
0
0
0
0
0
0
0
0
1
126
332
520
661
741
750
693
570
394
189
7
0
0
0
0
0
0
0
0
0
0
0
0
1
113
269
444
507
563
579
576
506
359
166
5
0
0
0
0
0
0
0
0
0
0
0
0
0
112
301
475
604
683
701
631
523
353
165
4
0
0
0
0
0
0
0
0
0
0
0
0
0
58
152
227
321
399
394
365
246
186
72
2
0
0
0
0
0
0
0
0
0
0
0
0
0
69
178
310
398
395
442
369
299
200
85
2
0
0
0
0
0
0
0
0
0
0
0
0
0
30
99
139
175
181
146
137
112
81
47
2
0
0
0
0
0
0
0
0
0
0
0
0
0
119
334
531
678
759
769
708
582
399
186
4
0
0
0
0
0
0
0
0
0
0
0
0
0
81
252
411
511
537
540
472
334
234
116
2
0
0
0
0
0
0
0
0
0
0
0
0
0
94
277
435
555
638
659
593
483
338
155
3
0
0
0
0
0
0
0
0
0
0
0
0
0
104
307
499
641
722
734
673
548
371
167
3
0
0
0
0
0
0
0
0
0
0
0
0
0
90
268
435
559
634
656
606
474
316
140
2
0
0
0
0
0
0
0
0
0
0
0
0
0
83
246
415
543
620
655
616
488
335
150
4
0
0
0
0
0
0
0
0
0
0
0
0
0
54
168
280
347
404
420
411
326
209
93
1
0
0
0
0
0
0
0
0
0
0
0
0
0
88
261
427
527
594
594
549
455
313
145
3
0
0
0
0
0
0
0
0
0
0
0
0
0
86
269
447
575
652
668
615
501
340
151
3
0
0
0
0
0
0
0
0
0
0
0
0
0
89
287
474
612
692
706
651
532
360
159
3
0
0
0
0
0
0
0
0
0
0
0
0
0
86
284
471
611
695
710
656
538
364
160
3
0
0
0
0
0
0
0
0
0
0
0
0
0
90
303
502
654
737
748
685
557
372
160
2
0
0
0
0
0
0
0
0
0
0
0
0
0
41
284
478
625
705
718
661
536
358
154
2
0
0
0
0
0
0
0
0
0
0
0
0
0
39
283
481
629
713
727
669
544
362
154
2
0
0
0
0
0
0
0
0
0
0
0
0
0
37
281
477
625
709
721
661
536
358
152
1
0
0
0
0
0
0
0
0
0
0
0
0
0
32
253
438
580
661
675
621
505
338
143
2
0
0
0
0
0
0
0
0
0
0
0
0
0
30
215
347
470
503
546
524
426
297
137
3
0
0
0
0
0
0
0
0
0
0
0
0
0
29
250
436
577
661
676
618
499
331
136
1
0
0
0
0
0
0
0
0
0
0
0
0
0
30
262
458
607
694
710
655
532
353
147
1
0
0
0
0
0
0
0
0
0
0
0
0
0
27
234
472
563
719
748
690
562
322
123
1
0
0
0
0
0
0
0
0
0
0
0
0
0
28
262
454
598
680
696
641
525
353
149
1
0
0
0
0
0
0
0
0
0
0
0
0
0
23
232
397
521
605
612
562
465
310
131
1
0
0
0
0
0
0
0
0
0
0
0
0
0
17
164
260
364
415
420
402
337
222
91
1
0
0
0
0
0
0
0
0
0
0
0
0
0
6
191
493
326
207
284
241
45
30
12
1
0
0
0
0
0
0
0
0
0
0
0
0
0
22
243
435
582
667
683
630
512
338
139
1
0
0
0
0
0
0
0
0
0
0
0
0
0
18
207
373
500
580
601
554
445
300
123
1
0
0
0
0
0
0
0
0
0
0
0
0
0
6
87
95
464
413
531
294
227
290
136
1
0
0
0
0
0
0
0
0
0
0
0
0
0
16
205
373
499
570
589
542
441
290
118
1
0
0
0
0
0
0
0
0
0
0
0
0
0
13
168
307
427
495
507
463
375
252
102
1
0
0
0
0
0
0
0
0
0
0
0
0
0
15
204
382
520
597
609
564
457
303
122
1
0
0
0
0
0
0
0
0
0
0
0
0
0
12
173
317
426
494
502
474
387
259
108
1
0
0
0
0
0
0
0
0
0
0
0
0
0
14
213
395
535
620
638
587
481
323
135
1
0
0
0
0
0
0
0
0
0
0
0
0
0
17
156
314
449
492
471
448
370
242
96
1
0
0
0
0
0
0
0
0
0
0
0
0
0
13
207
390
535
622
646
602
495
332
141
1
0
0
0
0
0
0
0
0
0
0
0
0
0
12
205
391
535
622
643
597
487
325
134
1
0
0
0
0
0
0
0
0
0
0
0
0
0
8
155
290
391
445
472
427
353
233
96
1
0
0
0
0
0
0
0
0
0
0
0
0
0
9
167
327
451
539
558
521
419
285
122
1
0
0
0
0
0
0
0
0
0
0
0
0
0
9
182
352
491
576
603
560
460
305
126
1
0
0
0
0
0
0
0
0
0
0
0
0
0
7
137
278
372
420
430
396
326
214
89
1
0
0
0
0
0
0
0
0
0
0
0
0
0
8
174
333
460
527
557
517
433
292
123
1
0
0
0
0
0
0
0
0
0
0
0
0
0
7
148
316
428
513
532
512
430
270
112
1
0
0
0
0
0
0
0
0
0
0
0
0
0
6
121
249
344
397
405
363
294
198
92
1
0
0
0
0
0
0
0
0
0
0
0
0
0
2
154
212
274
417
400
432
402
121
85
3
0
0
0
0
0
0
0
0
0
0
0
0
0
6
110
215
279
343
377
359
289
174
87
1
0
0
0
0
0
0
0
0
0
0
0
0
0
5
119
231
322
364
375
379
297
195
87
1
0
0
0
0
0
0
0
0
0
0
0
0
0
7
182
367
516
609
637
596
491
332
143
2
0
0
0
0
0
0
0
0
0
0
0
0
0
2
42
203
314
249
328
305
257
380
164
6
0
0
0
0
0
0
0
0
0
0
0
0
0
6
183
374
526
618
646
605
499
337
145
2
0
0
0
0
0
0
0
0
0
0
0
0
0
6
182
373
526
621
650
611
505
344
151
2
0
0
0
0
0
0
0
0
0
0
0
0
0
5
151
321
454
532
568
533
445
302
136
2
0
0
0
0
0
0
0
0
0
0
0
0
0
5
148
304
434
521
557
534
436
294
131
2
0
0
0
0
0
0
0
0
0
0
0
0
0
5
174
364
515
611
642
603
502
344
154
2
0
0
0
0
0
0
0
0
0
0
0
0
0
5
180
376
532
631
662
621
514
351
156
2
0
0
0
0
0
0
0
0
0
0
0
0
0
4
159
335
483
572
606
572
478
328
146
3
0
0
0
0
0
0
0
0
0
0
0
0
0
4
151
325
469
558
588
552
459
310
138
2
0
0
0
0
0
0
0
0
0
0
0
0
0
4
156
335
482
571
596
560
466
318
144
2
0
0
0
0
0
0
0
0
0
0
0
0
0
4
159
338
486
574
603
568
473
327
149
3
0
0
0
0
0
0