0
0
0
0
0
0
0
1
96
234
356
451
472
455
375
258
109
2
0
0
0
0
0
0
0
0
0
0
0
0
0
2
126
292
436
530
558
523
445
305
133
2
0
0
0
0
0
0
0
0
0
0
0
0
0
2
118
282
421
515
555
519
433
299
136
3
0
0
0
0
0
0
0
0
0
0
0
0
0
2
104
243
378
439
495
506
397
287
129
2
0
0
0
0
0
0
0
0
0
0
0
0
0
2
119
286
438
535
559
524
426
294
132
3
0
0
0
0
0
0
0
0
0
0
0
0
0
1
109
267
402
432
486
448
418
272
115
1
0
0
0
0
0
0
0
0
0
0
0
0
0
1
133
285
392
406
433
427
353
298
143
6
0
0
0
0
0
0
0
0
0
0
0
0
0
2
125
295
442
542
575
547
458
317
148
4
0
0
0
0
0
0
0
0
0
0
0
0
0
2
116
278
423
514
556
529
446
310
142
5
0
0
0
0
0
0
0
0
0
0
0
0
0
2
125
298
445
544
580
554
467
324
155
5
0
0
0
0
0
0
0
0
0
0
0
0
0
2
69
187
299
381
421
397
305
242
110
2
0
0
0
0
0
0
0
0
0
0
0
0
0
1
56
140
235
265
273
275
223
144
64
2
0
0
0
0
0
0
0
0
0
0
0
0
0
1
61
151
221
253
284
264
246
158
66
2
0
0
0
0
0
0
0
0
0
0
0
0
0
1
82
204
307
369
392
377
301
204
111
3
0
0
0
0
0
0
0
0
0
0
0
0
0
1
101
238
350
460
503
495
461
338
178
13
0
0
0
0
0
0
0
0
0
0
0
0
0
2
134
314
470
573
611
584
493
348
171
7
0
0
0
0
0
0
0
0
0
0
0
0
0
2
133
314
388
403
374
432
419
321
129
5
0
0
0
0
0
0
0
0
0
0
0
0
0
2
129
298
449
544
585
568
473
347
177
10
0
0
0
0
0
0
0
0
0
0
0
0
0
1
60
174
278
324
307
284
255
175
96
2
0
0
0
0
0
0
0
0
0
0
0
0
0
2
90
181
301
392
438
363
299
208
88
3
0
0
0
0
0
0
0
0
0
0
0
0
0
3
113
338
520
391
398
284
55
29
15
3
0
0
0
0
0
0
0
0
0
0
0
0
0
2
115
266
347
470
498
511
425
350
182
5
0
0
0
0
0
0
0
0
0
0
0
0
0
3
140
315
463
560
610
585
502
365
194
13
0
0
0
0
0
0
0
0
0
0
0
0
0
2
90
214
301
370
362
335
297
232
110
3
0
0
0
0
0
0
0
0
0
0
0
0
0
3
78
208
232
302
340
212
229
186
87
3
0
0
0
0
0
0
0
0
0
0
0
0
0
3
126
297
440
545
583
546
452
352
189
15
0
0
0
0
0
0
0
0
0
0
0
0
0
3
142
326
486
592
630
611
523
383
204
17
0
0
0
0
0
0
0
0
0
0
0
0
0
3
138
313
456
559
598
578
508
375
203
21
0
0
0
0
0
0
0
0
0
0
0
0
0
4
145
329
489
599
641
614
524
383
207
19
0
0
0
0
0
0
0
0
0
0
0
0
0
4
141
313
462
560
608
598
495
354
190
18
0
0
0
0
0
0
0
0
0
0
0
0
0
4
142
315
482
578
589
546
454
338
179
15
0
0
0
0
0
0
0
0
0
0
0
0
0
5
150
327
488
598
638
617
534
392
217
22
0
0
0
0
0
0
0
0
0
0
0
0
0
5
158
345
507
615
659
641
550
402
221
23
0
0
0
0
0
0
0
0
0
0
0
0
0
4
130
287
431
541
582
560
480
320
155
5
0
0
0
0
0
0
0
0
0
0
0
0
0
2
84
161
255
289
320
341
303
228
124
16
0
0
0
0
0
0
0
0
0
0
0
0
0
6
134
298
436
517
563
545
468
338
202
22
0
0
0
0
0
0
0
0
0
0
0
0
0
7
165
350
510
619
667
649
564
421
233
30
0
0
0
0
0
0
0
0
0
0
0
0
0
6
162
337
481
584
607
630
546
395
232
31
0
0
0
0
0
0
0
0
0
0
0
0
0
3
132
284
477
583
528
543
466
314
177
6
0
0
0
0
0
0
0
0
0
0
0
0
0
8
164
319
454
569
606
577
515
347
218
30
0
0
0
0
0
0
0
0
0
0
0
0
0
5
141
283
472
609
612
581
492
359
213
60
0
0
0
0
0
0
0
0
0
0
0
0
0
17
172
352
388
495
510
564
505
269
170
52
0
0
0
0
0
0
0
0
0
0
0
0
0
12
162
304
424
523
571
573
486
385
244
73
0
0
0
0
0
0
0
0
0
0
0
0
0
3
125
288
372
391
474
530
551
495
286
92
0
0
0
0
0
0
0
0
0
0
0
0
0
6
154
242
452
597
569
558
424
347
172
57
0
0
0
0
0
0
0
0
0
0
0
0
0
21
189
364
401
464
471
522
380
325
217
90
0
0
0
0
0
0
0
0
0
0
0
0
0
13
198
380
519
617
652
650
566
432
251
81
0
0
0
0
0
0
0
0
0
0
0
0
0
10
98
347
598
665
758
511
309
182
24
8
0
0
0
0
0
0
0
0
0
0
0
0
0
15
198
375
532
643
688
692
604
477
299
106
0
0
0
0
0
0
0
0
0
0
0
0
0
20
168
346
449
652
599
484
416
350
217
98
0
0
0
0
0
0
0
0
0
0
0
0
0
40
258
288
521
653
769
564
294
169
110
9
0
0
0
0
0
0
0
0
0
0
0
0
0
4
175
316
373
460
572
585
493
403
269
111
1
0
0
0
0
0
0
0
0
0
0
0
0
4
124
286
506
564
587
545
483
333
271
115
2
0
0
0
0
0
0
0
0
0
0
0
0
21
185
337
484
594
672
653
490
407
264
106
1
0
0
0
0
0
0
0
0
0
0
0
0
21
205
369
556
662
683
667
594
438
266
102
1
0
0
0
0
0
0
0
0
0
0
0
0
23
216
395
536
625
667
625
552
419
268
101
0
0
0
0
0
0
0
0
0
0
0
0
0
22
208
358
511
577
668
652
597
411
269
94
1
0
0
0
0
0
0
0
0
0
0
0
0
5
27
45
58
82
89
90
78
63
36
14
1
0
0
0
0
0
0
0
0
0
0
0
0
33
227
411
557
654
713
659
564
436
298
111
1
0
0
0
0
0
0
0
0
0
0
0
0
20
179
308
391
496
488
474
393
308
191
62
1
0
0
0
0
0
0
0
0
0
0
0
0
31
226
412
565
632
657
632
579
441
259
93
1
0
0
0
0
0
0
0
0
0
0
0
0
74
257
452
599
707
742
713
624
488
309
119
1
0
0
0
0
0
0
0
0
0
0
0
0
57
186
325
440
541
543
499
471
345
211
85
1
0
0
0
0
0
0
0
0
0
0
0
0
72
241
412
559
653
684
658
582
452
287
114
1
0
0
0
0
0
0
0
0
0
0
0
0
72
237
410
545
638
664
642
566
441
278
114
1
0
0
0
0
0
0
0
0
0
0
0
0
64
97
352
663
629
199
451
264
268
390
165
14
0
0
0
0
0
0
0
0
0
0
0
0
69
203
331
415
489
517
493
451
356
242
100
1
0
0
0
0
0
0
0
0
0
0
0
0
61
177
281
380
453
487
464
382
350
244
93
1
0
0
0
0
0
0
0
0
0
0
0
0
46
166
355
415
431
443
515
449
289
308
184
8
0
0
0
0
0
0
0
0
0
0
0
0
106
310
508
681
801
836
808
720
565
369
159
3
0
0
0
0
0
0
0
0
0
0
0
0
66
300
280
99
69
363
438
733
657
311
178
13
0
0
0
0
0
0
0
0
0
0
0
0
119
333
542
709
822
865
840
750
601
400
177
5
0
0
0
0
0
0
0
0
0
0
0
1
116
319
523
694
798
840
817
716
569
370
162
4
0
0
0
0
0
0
0
0
0
0
0
0
97
262
439
576
663
721
703
645
510
342
155
6
0
0
0
0
0
0
0
0
0
0
0
1
115
291
462
570
581
682
699
659
552
394
167
5
0
0
0
0
0
0
0
0
0
0
0
1
132
345
552
717
824
864
845
749
595
394
178
6
0
0
0
0
0
0
0
0
0
0
0
1
138
357
569
740
851
897
867
776
621
415
190
8
0
0
0
0
0
0
0
0
0
0
0
2
134
340
540
702
801
834
804
724
579
398
182
7
0
0
0
0
0
0
0
0
0
0
0
2
131
323
519
670
764
813
795
715
568
391
183
9
0
0
0
0
0
0
0
0
0
0
0
2
134
332
530
678
784
826
818
726
578
400
191
9
0
0
0
0
0
0
0
0
0
0
0
2
146
350
535
686
786
819
800
713
566
377
175
6
0
0
0
0
0
0
0
0
0
0
0
3
141
331
469
607
635
688
640
598
527
368
183
7
0
0
0
0
0
0
0
0
0
0
0
2
166
424
604
600
592
485
439
259
128
35
17
2
0
0
0
0
0
0
0
0
0
0
0
4
170
388
592
755
862
898
875
777
621
425
205
11
0
0
0
0
0
0
0
0
0
0
0
5
177
400
611
781
891
935
902
800
642
435
211
11
0
0
0
0
0
0
0
0
0
0
0
6
175
393
603
766
873
911
883
784
627
424
203
11
0
0
0
0
0
0
0
0
0
0
0
6
162
354
540
684
788
832
811
747
605
408
198
11
0
0
0
0
0
0
0
0
0
0
0
4
97
243
371
602
559
716
823
706
580
395
172
11
0
0
0
0
0
0
0
0
0
0
0
3
151
330
530
638
745
771
725
683
529
365
148
6
0
0
0
0
0
0
0
0
0
0
0
7
149
333
518
661
779
832
777
675
576
374
183
14
0
0
0
0
0
0
0
0
0
0
0
11
187
380
552
701
797
817
805
715
558
379
191
10
0
0
0
0
0
0
0
0
0
0
0
12
216
446
657
823
924
959
925
821
657
448
220
12
0
0
0
0
0
0
0
0
0
0
0
13
217
440
641
802
906
942
908
807
649
447
226
15
0
0
0
0
0
0
0
0
0
0
0
14
214
427
621
770
866
901
871
780
633
434
222
16
0
0
0
0
0
0
0
0
0
0
0
14
200
405
588
732
823
844
806
723
583
411
213
16
0
0
0
0
0
0
0
0
0
0
0
14
207
399
557
680
809
823
793
732
591
399
207
16
0
0
0
0
0
0
0
0
0
0
0
18
221
435
636
785
883
914
884
789
634
439
222
18
0
0
0
0
0
0
0
0
0
0
0
16
200
385
569
692
777
832
773
728
600
419
205
19
0
0
0
0
0
0
0
0
0
0
0
23
250
478
685
849
950
982
948
847
687
480
250
22
0
0
0
0
0
0
0
0
0
0
0
22
200
370
532
737
734
762
721
609
476
301
143
4
0
0
0
0
0
0
0
0
0
0
0
25
251
471
671
825
925
957
923
827
670
467
245
23
0
0
0
0
0
0
0
0
0
0
0
24
215
393
599
732
835
835
815
691
551
375
185
15
0
0
0
0
0
0
0
0
0
0
0
10
110
238
336
396
464
478
461
349
298
200
105
5
0
0
0
0
0
0
0
0
0
0
0
5
58
169
338
324
356
495
623
627
489
302
187
60
0
0
0
0
0
0
0
0
0
0
0
29
227
428
602
724
826
854
839
745
606
426
230
29
0
0
0
0
0
0
0
0
0
0
0
34
254
466
652
801
890
929
888
793
635
445
236
25
0
0
0
0
0
0
0
0
0
0
0
66
223
394
552
698
795
846
808
711
599
444
239
36
0
0
0
0
0
0
0
0
0
0
0
73
256
466
639
793
872
888
856
764
617
436
236
26
0
0
0
0
0
0
0
0
0
0
0
59
229
430
554
675
740
787
747
664
588
447
251
35
0
0
0
0
0
0
0
0
0
0
0
26
80
44
463
959
476
338
282
347
85
469
169
30
0
0
0
0
0
0
0
0
0
0
0
78
260
471
641
759
854
885
843
751
615
432
229
26
0
0
0
0
0
0
0
0
0
0
0
83
268
476
659
796
888
913
883
792
644
452
240
29
0
0
0
0
0
0
0
0
0
0
0
75
275
468
604
709
738
763
768
692
547
379
179
25
0
0
0
0
0
0
0
0
0
0
0
79
256
433
618
722
829
826
801
697
578
407
220
56
0
0
0
0
0
0
0
0
0
0
0
95
288
495
678
816
907
934
900
805
666
474
264
76
0
0
0
0
0
0
0
0
0
0
0
91
277
478
657
792
876
901
866
779
633
449
249
71
0
0
0
0
0
0
0
0
0
0
0
91
275
472
642
778
848
870
840
745
605
434
238
69
0
0
0
0
0
0
0
0
0
0
0
98
278
475
659
776
859
890
848
766
616
441
250
73
0
0
0
0
0
0
0
0
0
0
2
56
171
232
97
71
174
531
694
923
677
501
296
88
0
0
0
0
0
0
0
0
0
0
1
106
300
513
700
847
940
957
920
816
663
475
268
80
0
0
0
0
0
0
0
0
0
0
1
100
270
471
646
749
810
827
824
728
611
466
273
88
0
0
0
0
0
0
0
0
0
0
1
91
276
458
603
738
844
902
814
701
531
346
218
65
0
0
0
0
0
0
0
0
0
0
1
100
262
451
588
704
787
842
833
777
661
472
274
96
0
0
0
0
0
0
0
0
0
0
1
112
286
477
649
750
805
852
817
732
576
425
233
69
0
0
0
0
0
0
0
0
0
0
1
103
285
475
646
787
840
853
817
745
599
448
252
85
0
0
0
0
0
0
0
0
0
0
2
106
281
480
648
762
841
864
817
735
604
450
256
85
0
0
0
0
0
0
0
0
0
0
2
123
309
504
614
689
774
869
777
662
501
386
225
62
0
0
0
0
0
0
0
0
0
0
2
122
319
529
712
853
942
978
940
844
700
510
296
99
1
0
0
0
0
0
0
0
0
0
1
88
230
385
530
621
609
633
643
626
490
356
192
72
0
0
0
0
0
0
0
0
0
0
2
129
326
533
713
848
929
956
917
822
672
484
278
93
0
0
0
0
0
0
0
0
0
0
2
142
366
615
792
894
472
422
556
495
418
337
193
79
1
0
0
0
0
0
0
0
0
0
1
157
388
626
836
953
563
610
560
450
239
190
109
28
0
0
0
0
0
0
0
0
0
0
3
133
327
484
636
742
751
834
835
743
622
476
275
104
2
0
0
0
0
0
0
0
0
0
4
146
355
571
758
903
994
1022
987
890
736
541
320
114
1
0
0
0
0
0
0
0
0
0
4
145
372
605
791
928
588
525
524
475
347
273
130
41
0
0
0
0
0
0
0
0
0
0
4
130
317
497
670
807
893
931
912
812
673
499
304
111
2
0
0
0
0
0
0
0
0
0
3
127
306
494
644
771
887
926
893
820
665
483
292
109
1
0
0
0
0
0
0
0
0
0
4
147
349
550
730
869
945
974
933
841
695
506
301
111
1
0
0
0
0
0
0
0
0
0
4
131
303
482
632
752
817
835
807
726
600
437
261
97
1
0
0
0
0
0
0
0
0
0
5
147
336
522
685
809
891
911
880
791
655
478
287
108
1
0
0
0
0
0
0
0
0
0
5
143
333
522
687
813
881
904
869
768
639
468
279
104
1
0
0
0
0
0
0
0
0
0
5
153
350
561
726
856
927
940
908
813
680
489
292
106
1
0
0
0
0
0
0
0
0
0
5
150
347
547
723
853
937
959
928
836
693
519
311
119
2
0
0
0
0
0
0
0
0
0
6
148
331
495
660
754
845
880
856
763
610
445
273
104
1
0
0
0
0
0
0
0
0
0
6
144
333
517
682
813
896
927
893
810
675
506
313
124
3
0
0
0
0
0
0
0
0
0
6
144
326
495
652
757
856
872
829
760
622
467
286
114
2
0
0
0
0
0
0
0
0
0
7
172
386
599
785
925
1014
1038
1002
903
749
556
342
137
2
0
0
0
0
0
0
0
0
0
7
161
360
564
742
881
967
995
960
866
724
540
334
133
3
0
0
0
0
0
0
0
0
0
6
131
293
481
637
737
809
837
804
704
589
431
259
106
1
0
0
0
0
0
0
0
0
0
7
140
347
542
692
832
844
883
794
657
556
423
262
103
2
0
0
0
0
0
0
0
0
0
7
151
313
450
619
761
821
862
842
742
627
448
280
125
4
0
0
0
0
0
0
0
0
0
8
163
365
573
755
896
977
1000
951
863
716
532
323
128
2
0
0
0
0
0
0
0
0
0
8
158
354
559
729
858
926
955
927
838
703
518
317
129
3
0
0
0
0
0
0
0
0
0
8
157
351
552
714
848
931
955
916
829
692
511
317
130
3
0
0
0
0
0
0
0
0
0
9
164
365
564
745
880
960
983
952
864
727
544
337
142
4
0
0
0
0
0
0
0
0
0
9
168
372
579
755
888
965
990
952
863
722
536
331
136
3
0
0
0
0
0
0
0
0
0
8
163
362
561
740
880
962
983
952
858
720
541
336
141
5
0
0
0
0
0
0
0
0
0
8
159
353
548
709
829
917
933
883
787
659
490
307
127
3
0
0
0
0
0
0
0
0
0
8
162
352
550
710
827
895
922
858
776
670
506
307
128
4
0
0
0
0
0
0
0
0
0
9
163
360
558
734
864
946
973
928
824
684
508
312
132
3
0
0
0
0
0
0
0
0
0
9
161
354
541
714
850
926
945
905
816
688
517
327
142
5
0
0
0
0
0
0
0
0
0
9
163
359
562
736
880
966
1001
965
872
735
551
348
149
6
0
0
0
0
0
0
0
0
0
8
155
345
532
709
848
922
946
910
815
680
507
321
141
6
0
0
0
0
0
0
0
0
0
9
172
374
582
767
899
983
1007
972
880
728
547
340
144
4
0
0
0
0
0
0
0
0
0
11
165
358
590
856
1011
486
470
461
388
335
259
94
13
2
0
0
0
0
0
0
0
0
0
4
84
187
296
375
413
453
463
438
393
322
257
173
68
2
0
0
0
0
0
0
0
0
0
8
160
343
525
689
805
897
877
861
768
670
506
318
132
5
0
0
0
0
0
0
0
0
0
9
168
368
577
754
888
978
1005
973
886
743
559
353
155
6
0
0
0
0
0
0
0
0
0
8
150
315
476
656
786
885
895
863
784
661
470
287
123
2
0
0
0
0
0
0
0
0
0
8
160
357
564
744
885
975
1003
974
880
740
555
345
151
6
0
0
0
0
0
0
0
0
0
8
160
353
555
736
876
962
989
953
867
727
550
346
151
6
0
0
0
0
0
0
0
0
0
8
144
326
504
683
806
888
923
883
803
671
499
306
129
4
0
0
0
0
0
0
0
0
0
7
153
341
542
710
849
930
950
931
844
713
532
338
146
6
0
0
0
0
0
0
0
0
0
6
126
302
493
670
797
868
867
868
820
681
521
317
143
9
0
0
0
0
0
0
0
0
0
7
157
355
558
742
886
972
1004
981
893
756
570
362
161
9
0
0
0
0
0
0
0
0
0
5
125
281
466
628
760
861
907
862
760
656
510
327
137
5
0
0
0
0
0
0
0
0
0
6
146
343
514
696
723
709
817
641
630
618
416
275
115
11
0
0
0
0
0
0
0
0
0
7
153
346
541
708
853
923
959
929
836
688
520
324
140
4
0
0
0
0
0
0
0
0
0
6
137
308
464
618
749
824
874
857
800
690
546
327
142
8
0
0
0
0
0
0
0
0
0
5
140
323
506
696
814
885
912
832
768
645
482
318
137
5
0
0
0
0
0
0
0
0
0
6
138
316
508
673
820
905
942
919
838
707
539
346
158
10
0
0
0
0
0
0
0
0
0
5
132
308
494
660
785
871
906
903
845
714
544
363
163
11
0
0
0
0
0
0
0
0
0
6
141
327
522
689
827
908
938
901
827
703
523
334
149
7
0
0
0
0
0
0
0
0
0
6
145
337
539
719
865
960
994
953
866
734
557
352
156
8
0
0
0
0
0
0
0
0
0
6
147
338
535
715
842
932
963
939
858
723
543
343
151
6
0
0
0
0
0
0
0
0
0
5
144
333
527
703
842
934
966
940
854
721
544
349
156
8
0
0
0
0
0
0
0
0
0
6
155
360
574
762
910
1011
1043
1014
923
777
594
381
173
9
0
0
0
0
0
0
0
0
0
5
153
357
568
751
898
987
1017
993
906
765
582
371
164
7
0
0
0
0
0
0
0
0
0
5
155
357
563
747
883
969
1000
971
883
749
562
359
161
6
0
0
0
0
0
0
0
0
0
5
141
325
512
699
820
895
932
902
827
684
515
327
140
6
0
0
0
0
0
0
0
0
0
5
126
299
487
653
784
869
903
846
774
630
479
287
123
2
0
0
0
0
0
0
0
0
0
4
125
297
470
653
783
887
904
843
784
641
484
297
126
4
0
0
0
0
0
0
0
0
0
5
140
324
557
739
855
557
619
595
550
501
368
204
75
2
0
0
0
0
0
0
0
0
0
4
138
332
538
720
862
954
983
957
881
747
568
362
161
8
0
0
0
0
0
0
0
0
0
3
132
324
529
711
855
949
975
950
866
735
550
348
152
6
0
0
0
0
0
0
0
0
0
4
121
296
480
656
776
862
882
881
819
695
519
328
140
6
0
0
0
0
0
0
0
0
0
3
127
314
506
690
820
900
933
904
810
685
521
328
144
6
0
0
0
0
0
0
0
0
0
2
99
251
405
544
673
821
843
820
714
606
444
262
110
2
0
0
0
0
0
0
0
0
0
3
122
301
496
672
816
910
961
927
835
712
551
344
148
6
0
0
0
0
0
0
0
0
0
2
113
290
493
679
808
881
888
878
794
662
484
289
120
2
0
0
0
0
0
0
0
0
0
3
124
314
520
699
841
931
963
933
842
701
531
329
135
4
0
0
0
0
0
0
0
0
0
2
124
319
519
693
836
933
967
926
832
680
512
312
127
2
0
0
0
0
0
0
0
0
0
2
108
278
445
611
757
809
828
794
722
573
432
263
106
1
0
0
0
0
0
0
0
0
0
2
115
299
498
679
826
919
944
928
856
722
548
345
148
6
0
0
0
0
0
0
0
0
0
2
117
306
505
691
840
924
951
918
834
703
529
332
143
5
0
0
0
0
0
0
0
0
0
2
117
312
518
702
854
947
980
950
861
719
538
333
137
3
0
0
0
0
0
0
0
0
0
1
104
277
466
612
766
849
880
849
789
689
506
318
130
4
0
0
0
0
0
0
0
0
0
1
103
285
489
659
789
852
872
837
754
630
464
272
106
1
0
0
0
0
0
0
0
0
0
1
101
279
469
637
776
871
892
866
804
677
497
305
127
3
0
0
0
0
0
0
0
0
0
1
111
295
498
689
835
920
938
894
811
673
504
301
118
1
0
0
0
0
0
0
0
0
0
1
105
285
479
667
801
895
933
919
831
694
521
323
127
3
0
0
0
0
0
0
0
0
0
1
104
291
493
674
816
913
931
897
810
684
508
308
121
2
0
0
0
0
0
0
0
0
0
1
101
287
489
663
806
888
910
874
795
661
487
293
113
1
0
0
0
0
0
0
0
0
0
1
100
286
489
675
822
909
941
922
846
697
525
315
123
2
0
0
0
0
0
0
0
0
0
1
101
289
495
686
829
921
955
934
853
712
531
323
126
2
0
0
0
0
0
0
0
0
0
0
90
265
470
672
788
898
919
864
783
652
494
311
124
3
0
0
0
0
0
0
0
0
0
1
95
278
467
654
794
866
877
841
738
610
441
272
102
1
0
0
0
0
0
0
0
0
0
0
98
289
502
690
838
926
958
932
843
700
512
306
114
1
0
0
0
0
0
0
0
0
0
0
77
230
407
561
676
755
781
758
681
566
404
234
85
1
0
0
0
0
0
0
0
0
0
0
77
234
404
564
680
750
776
761
698
571
421
252
91
1
0
0
0
0
0
0
0
0
0
0
85
261
459
635
781
876
902
890
800
664
475
281
104
1
0
0
0
0
0
0
0
0
0
1
77
162
273
452
468
680
699
796
740
672
543
325
106
3
0
0
0
0
0
0
0
0
0
0
81
250
448
619
765
854
879
844
785
644
464
265
96
1
0
0
0
0
0
0
0
0
0
0
82
259
457
638
780
869
902
872
780
642
467
270
92
0
0
0
0
0
0
0
0
0
0
0
79
250
438
615
762
861
880
874
780
622
449
268
92
1
0
0
0
0
0
0
0
0
0
0
78
249
443
619
756
843
874
845
761
625
452
260
87
0
0
0
0
0
0
0
0
0
0
0
81
262
468
653
798
891
924
896
807
665
480
275
91
0
0
0
0
0
0
0
0
0
0
0
83
271
484
677
828
925
963
936
845
695
505
289
95
0
0
0
0
0
0
0
0
0
0
0
77
253
451
633
769
845
867
858
775
643
463
267
86
0
0
0
0
0
0
0
0
0
0
0
79
267
477
667
811
896
935
915
822
673
487
277
87
0
0
0
0
0
0
0
0
0
0
0
73
252
457
638
785
875
907
883
787
646
465
259
78
0
0
0
0
0
0
0
0
0
0
0
75
257
464
649
793
900
925
889
798
670
484
273
85
0
0
0
0
0
0
0
0
0
0
0
71
247
450
633
777
874
901
865
780
630
445
245
70
0
0
0
0
0
0
0
0
0
0
0
73
255
466
658
810
904
930
896
799
649
458
246
69
0
0
0
0
0
0
0
0
0
0
0
71
255
463
654
801
898
931
905
822
673
483
267
76
0
0
0
0
0
0
0
0
0
0
0
65
236
436
618
760
846
861
846
767
636
457
252
72
0
0
0
0
0
0
0
0
0
0
0
65
238
432
618
760
851
872
835
753
607
423
232
31
0
0
0
0
0
0
0
0
0
0
0
64
234
433
619
768
860
883
855
767
618
432
234
29
0
0
0
0
0
0
0
0
0
0
0
31
246
457
650
794
890
929
894
799
647
454
243
29
0
0
0
0
0
0
0
0
0
0
0
32
251
463
654
804
897
929
892
799
648
456
243
29
0
0
0
0
0
0
0
0
0
0
0
28
197
388
603
728
795
778
737
683
492
358
190
12
0
0
0
0
0
0
0
0
0
0
0
24
204
398
580
705
783
833
800
709
599
439
228
30
0
0
0
0
0
0
0
0
0
0
0
28
235
443
635
791
880
905
861
768
625
434
222
21
0
0
0
0
0
0
0
0
0
0
0
27
239
447
631
777
868
899
864
767
616
426
220
19
0
0
0
0
0
0
0
0
0
0
0
25
227
431
620
766
846
874
846
748
594
412
210
18
0
0
0
0
0
0
0
0
0
0
0
25
229
427
601
748
865
861
832
714
573
393
204
15
0
0
0
0
0
0
0
0
0
0
0
25
240
456
648
801
885
915
880
775
618
422
208
14
0
0
0
0
0
0
0
0
0
0
0
21
210
403
580
734
828
859
836
747
598
404
198
15
0
0
0
0
0
0
0
0
0
0
0
19
207
358
504
668
741
664
661
573
413
297
150
3
0
0
0
0
0
0
0
0
0
0
0
24
232
436
618
758
844
867
826
725
564
375
181
8
0
0
0
0
0
0
0
0
0
0
0
21
225
442
635
780
871
885
840
731
579
384
184
9
0
0
0
0
0
0
0
0
0
0
0
12
109
212
304
376
430
443
427
367
235
171
74
3
0
0
0
0
0
0
0
0
0
0
0
41
211
399
400
490
471
209
624
544
351
301
17
3
0
0
0
0
0
0
0
0
0
0
0
18
201
386
544
671
715
767
777
666
549
376
165
6
0
0
0
0
0
0
0
0
0
0
0
20
238
464
669
824
918
942
897
783
613
402
181
5
0
0
0
0
0
0
0
0
0
0
0
9
188
318
472
623
758
747
735
653
540
356
168
10
0
0
0
0
0
0
0
0
0
0
0
16
183
378
546
668
760
790
710
604
483
291
125
2
0
0
0
0
0
0
0
0
0
0
0
16
222
438
635
785
876
902
861
755
589
383
167
4
0
0
0
0
0
0
0
0
0
0
0
15
209
418
609
755
847
877
848
744
588
385
169
6
0
0
0
0
0
0
0
0
0
0
0
10
138
281
401
494
577
612
542
454
327
206
88
1
0
0
0
0
0
0
0
0
0
0
0
11
181
365
537
659
720
731
678
587
449
283
116
1
0
0
0
0
0
0
0
0
0
0
0
11
180
360
526
658
734
742
710
616
487
303
120
1
0
0
0
0
0
0
0
0
0
0
0
14
215
432
631
787
881
908
863
754
586
377
157
3
0
0
0
0
0
0
0
0
0
0
0
12
208
423
614
759
843
867
818
709
544
344
137
1
0
0
0
0
0
0
0
0
0
0
0
12
202
416
616
763
852
875
828
723
560
354
141
2
0
0
0
0
0
0
0
0
0
0
0
12
209
429
632
783
871
894
847
736
567
355
137
1
0
0
0
0
0
0
0
0
0
0
0
8
112
248
365
470
525
560
511
439
339
187
67
1
0
0
0
0
0
0
0
0
0
0
0
8
163
341
501
618
694
713
675
582
440
269
99
1
0
0
0
0
0
0
0
0
0
0
0
6
164
340
524
657
738
754
726
637
460
276
99
0
0
0
0
0
0
0
0
0
0
0
0
9
185
394
584
727
810
829
780
666
501
303
108
0
0
0
0
0
0
0
0
0
0
0
0
7
164
349
526
670
760
789
751
654
500
302
109
1
0
0
0
0
0
0
0
0
0
0
0
8
172
367
542
669
759
771
741
644
482
294
106
1
0
0
0
0
0
0
0
0
0
0
0
8
179
382
567
718
795
813
760
648
491
297
99
0
0
0
0
0
0
0
0
0
0
0
0
7
168
364
550
690
773
798
747
636
472
279
94
0
0
0
0
0
0
0
0
0
0
0
0
6
170
364
553
679
769
787
751
643
479
279
90
0
0
0
0
0
0
0
0
0
0
0
0
2
109
283
416
531
608
526
520
501
363
245
91
0
0
0
0
0
0
0
0
0
0
0
0
6
155
322
519
606
683
693
666
574
410
236
74
0
0
0
0
0
0
0
0
0
0
0
0
3
140
288
368
517
573
626
654
602
497
273
83
0
0
0
0
0
0
0
0
0
0
0
0
5
169
375
564
711
794
810
762
649
476
271
80
0
0
0
0
0
0
0
0
0
0
0
0
10
195
379
406
540
633
633
572
446
331
190
43
0
0
0
0
0
0
0
0
0
0
0
0
5
169
382
573
722
811
830
776
662
491
280
41
0
0
0
0
0
0
0
0
0
0
0
0
3
126
309
482
598
664
668
675
532
386
211
20
0
0
0
0
0
0
0
0
0
0
0
0
4
142
317
486
622
660
681
660
568
416
241
35
0
0
0
0
0
0
0
0
0
0
0
0
3
151
352
535
674
754
767
714
598
433
238
27
0
0
0
0
0
0
0
0
0
0
0
0
1
95
226
362
487
564
580
552
452
327
178
23
0
0
0
0
0
0
0
0
0
0
0
0
2
125
311
481
609
615
656
588
504
339
150
15
0
0
0
0
0
0
0
0
0
0
0
0
2
129
303
484
641
709
691
619
485
340
184
12
0
0
0
0
0
0
0
0
0
0
0
0
2
138
332
506
650
723
739
692
573
413
216
19
0
0
0
0
0
0
0
0
0
0
0
0
2
116
300
469
624
702
658
625
484
306
150
4
0
0
0
0
0
0
0
0
0
0
0
0
3
139
318
497
606
670
632
595
482
368
201
17
0
0
0
0
0
0
0
0
0
0
0
0
1
113
287
459
587
690
700
642
534
377
195
18
0
0
0
0
0
0
0
0
0
0
0
0
2
134
331
516
655
730
740
680
561
393
204
13
0
0
0
0
0
0
0
0
0
0
0
0
2
116
298
476
605
680
683
633
540
369
182
12
0
0
0
0
0
0
0
0
0
0
0
0
1
71
182
287
337
386
409
372
274
171
73
3
0
0
0
0
0
0
0
0
0
0
0
0
1
107
284
419
559
641
617
599
496
358
172
10
0
0
0
0
0
0
0
0
0
0
0
0
1
113
293
474
605
684
692
642
531
370
183
11
0
0
0
0
0
0
0
0
0
0
0
0
1
105
271
435
556
620
640
596
487
341
171
11
0
0
0
0
0
0
0
0
0
0
0
0
1
112
294
470
605
675
670
617
511
353
170
7
0
0
0
0
0
0
0
0
0
0
0
0
0
9
139
259
498
443
550
507
276
224
51
2
0
0
0
0
0
0
0
0
0
0
0
0
0
77
196
362
483
509
523
467
377
285
121
2
0
0
0
0
0
0
0
0
0
0
0
0
0
98
266
441
584
646
659
598
487
324
149
3
0
0
0
0
0
0
0
0
0
0
0
0
0
82
226
356
443
515
537
481
378
243
109
2
0
0
0
0
0
0
0
0
0
0
0
0
0
53
23
89
363
493
410
661
361
358
96
23
0
0
0
0
0
0
0
0
0
0
0
0
0
66
198
391
429
404
260
303
576
239
25
2
0
0
0
0
0
0
0
0
0
0
0
0
0
71
187
331
496
578
594
544
461
293
136
3
0
0
0
0
0
0
0
0
0
0
0
0
0
89
269
440
568
645
653
600
488
328
144
3
0
0
0
0
0
0
0
0
0
0
0
0
0
88
258
428
559
645
659
609
500
339
151
5
0
0
0
0
0
0
0
0
0
0
0
0
0
87
265
440
580
663
675
616
498
334
151
4
0
0
0
0
0
0
0
0
0
0
0
0
0
89
275
454
590
669
675
618
502
337
148
3
0
0
0
0
0
0
0
0
0
0
0
0
0
82
253
420
542
626
638
596
477
324
146
4
0
0
0
0
0
0
0
0
0
0
0
0
0
79
249
423
555
627
641
596
489
324
140
3
0
0
0
0
0
0
0
0
0
0
0
0
0
73
242
391
520
593
611
586
470
318
134
3
0
0
0
0
0
0
0
0
0
0
0
0
0
63
247
379
462
567
498
461
330
242
134
4
0
0
0
0
0
0
0
0
0
0
0
0
0
60
195
344
443
496
501
457
369
241
100
1
0
0
0
0
0
0
0
0
0
0
0
0
0
41
149
243
370
418
411
352
291
176
68
1
0
0
0
0
0
0
0
0
0
0
0
0
0
17
156
275
358
410
405
372
306
192
68
1
0
0
0
0
0
0
0
0
0
0
0
0
0
34
249
430
571
650
663
610
497
328
138
2
0
0
0
0
0
0
0
0
0
0
0
0
0
29
227
397
519
600
617
556
450
297
122
1
0
0
0
0
0
0
0
0
0
0
0
0
0
24
197
360
488
531
566
471
360
258
93
1
0
0
0
0
0
0
0
0
0
0
0
0
0
27
222
386
519
591
582
544
431
274
111
1
0
0
0
0
0
0
0
0
0
0
0
0
0
17
151
268
363
386
366
355
276
137
49
1
0
0
0
0
0
0
0
0
0
0
0
0
0
18
169
303
405
450
461
443
335
211
83
1
0
0
0
0
0
0
0
0
0
0
0
0
0
27
139
222
196
253
301
230
271
331
126
5
0
0
0
0
0
0
0
0
0
0
0
0
0
15
157
283
387
423
454
390
306
193
76
1
0
0
0
0
0
0
0
0
0
0
0
0
0
18
193
345
462
545
550
499
399
253
98
1
0
0
0
0
0
0
0
0
0
0
0
0
0
20
201
370
495
571
595
545
433
279
108
1
0
0
0
0
0
0
0
0
0
0
0
0
0
15
176
334
455
536
557
510
423
267
108
1
0
0
0
0
0
0
0
0
0
0
0
0
0
17
202
370
501
574
587
539
429
277
108
0
0
0
0
0
0
0
0
0
0
0
0
0
0
15
187
350
480
567
581
534
431
281
112
1
0
0
0
0
0
0
0
0
0
0
0
0
0
5
151
248
349
383
401
491
397
321
94
1
0
0
0
0
0
0
0
0
0
0
0
0
0
11
154
284
393
454
469
426
346
214
82
0
0
0
0
0
0
0
0
0
0
0
0
0
0
11
149
282
393
447
469
425
343
216
79
0
0
0
0
0
0
0
0
0
0
0
0
0
0
12
173
334
462
530
549
502
401
257
97
0
0
0
0
0
0
0
0
0
0
0
0
0
0
10
168
326
453
528
542
498
398
254
96
0
0
0
0
0
0
0
0
0
0
0
0
0
0
11
184
355
497
579
592
547
433
277
105
0
0
0
0
0
0
0
0
0
0
0
0
0
0
9
164
318
438
515
521
476
380
243
92
0
0
0
0
0
0
0
0
0
0
0
0
0
0
2
104
233
389
391
371
365
316
254
96
2
0
0
0
0
0
0
0
0
0
0
0
0
0
8
146
292
398
474
481
439
353
223
84
0
0
0
0
0
0
0
0
0
0
0
0
0
0
7
159
320
455
537
555
513
408
264
101
0
0
0
0
0
0
0
0
0
0
0
0
0
0
7
150
300
424
498
514
473
379
245
92
0
0
0
0
0
0
0
0
0
0
0
0
0
0
6
133
266
380
439
448
424
349
225
87
0
0
0
0
0
0
0
0
0
0
0
0
0
0
7
152
313
440
521
551
506
408
263
100
0
0
0
0
0
0
0
0
0
0
0
0
0
0
7
160
328
457
540
570
521
417
267
101
0
0
0
0
0
0
0
0
0
0
0
0
0
0
6
156
323
456
546
565
519
420
269
103
0
0
0
0
0
0
0
0
0
0
0
0
0
0
5
151
316
452
530
545
512
409
260
97
0
0
0
0
0
0
0
0
0
0
0
0
0
0
4
126
261
376
456
475
445
356
230
86
0
0
0
0
0
0
0
0
0
0
0
0
0
0
3
119
280
406
493
506
477
375
241
94
1
0
0
0
0
0
0
0
0
0
0
0
0
0
1
11
26
47
61
65
365
294
191
74
0
0
0
0
0
0
0
0
0
0
0
0
0
0
4
134
291
412
492
511
473
384
246
94
0
0
0
0
0
0
0
0
0
0
0
0
0
0
3
128
278
403
481
505
473
380
244
93
0
0
0
0
0
0
0
0
0
0
0
0
0
0
3
127
275
402
479
496
465
370
238
93
0
0
0
0
0
0
0
0
0
0
0
0
0
0
2
75
206
278
450
410
378
319
269
83
1
0
0
0
0
0
0
0
0
0
0
0
0
0
1
83
182
295
360
354
312
276
180
60
0
0
0
0
0
0
0
0
0
0
0
0
0
0
2
127
281
405
489
522
484
404
260
102
0
0
0
0
0
0
0
0
0
0
0
0
0
0
3
128
287
422
514
543
495
399
258
100
1
0
0
0
0
0
0
0
0
0
0
0
0
0
1
29
137
354
439
625
428
224
114
30
1
0
0
0
0
0
0
0
0
0
0
0
0
0
3
109
238
333
398
406
349
289
198
81
1
0
0
0
0
0
0
0
0
0
0
0
0
0
2
111
253
373
443
468
438
353
228
92
1
0
0
0
0
0
0
0
0
0
0
0
0
0
2
109
259
385
465
490
464
390
258
96
1
0
0
0
0
0
0
0
0
0
0
0
0
0
1
62
154
224
257
266
251
217
150
57
1
0
0
0
0
0
0
0
0
0
0
0
0
0
2
132
306
453
546
575
542
445
295
122
1
0
0
0
0
0
0
0
0
0
0
0
0
0
3
128
284
424
485
518
486
406
269
108
1
0
0
0
0
0
0
0
0
0
0
0
0
0
2
104
242
355
425
461
439
349
228
92
1
0
0
0
0
0
0
0
0
0
0
0
0
0
1
44
72
104
140
133
180
161
137
45
1
0
0
0
0
0
0
0
0
0
0
0
0
0
2
106
241
362
445
488
445
342
228
89
1
0
0
0
0
0
0