0
0
0
0
0
0
0
2
83
223
323
92
221
141
321
145
30
0
0
0
0
0
0
0
0
0
0
0
0
0
0
4
176
321
403
370
383
377
301
265
109
1
0
0
0
0
0
0
0
0
0
0
0
0
0
6
170
350
494
584
606
562
454
295
114
0
0
0
0
0
0
0
0
0
0
0
0
0
0
6
152
318
454
535
562
521
424
277
107
1
0
0
0
0
0
0
0
0
0
0
0
0
0
5
146
310
442
523
544
506
412
267
108
1
0
0
0
0
0
0
0
0
0
0
0
0
0
2
82
173
237
338
372
368
368
259
118
3
0
0
0
0
0
0
0
0
0
0
0
0
0
5
158
328
468
553
572
531
430
280
111
1
0
0
0
0
0
0
0
0
0
0
0
0
0
5
143
300
385
420
409
416
364
250
90
1
0
0
0
0
0
0
0
0
0
0
0
0
0
4
98
224
330
381
373
342
287
186
79
1
0
0
0
0
0
0
0
0
0
0
0
0
0
4
116
223
333
406
433
376
303
199
76
1
0
0
0
0
0
0
0
0
0
0
0
0
0
6
166
347
495
583
609
567
461
307
127
1
0
0
0
0
0
0
0
0
0
0
0
0
0
5
152
317
443
532
555
523
427
291
123
1
0
0
0
0
0
0
0
0
0
0
0
0
0
6
158
330
470
556
590
549
451
301
129
2
0
0
0
0
0
0
0
0
0
0
0
0
0
6
141
313
439
532
523
443
384
261
108
1
0
0
0
0
0
0
0
0
0
0
0
0
0
6
152
318
445
529
539
500
417
289
123
1
0
0
0
0
0
0
0
0
0
0
0
0
0
6
172
353
502
595
623
582
478
323
143
2
0
0
0
0
0
0
0
0
0
0
0
0
0
5
141
295
408
492
521
477
439
290
133
4
0
0
0
0
0
0
0
0
0
0
0
0
0
7
177
363
512
608
638
597
496
340
154
3
0
0
0
0
0
0
0
0
0
0
0
0
0
7
173
356
505
600
630
591
489
339
155
4
0
0
0
0
0
0
0
0
0
0
0
0
0
7
167
345
492
581
604
571
474
328
151
4
0
0
0
0
0
0
0
0
0
0
0
0
0
7
170
344
485
579
610
573
469
321
148
3
0
0
0
0
0
0
0
0
0
0
0
0
0
8
148
313
578
610
347
118
43
30
14
2
0
0
0
0
0
0
0
0
0
0
0
0
0
8
193
386
540
638
669
634
530
371
178
5
0
0
0
0
0
0
0
0
0
0
0
0
0
9
196
389
543
640
672
637
536
377
183
6
0
0
0
0
0
0
0
0
0
0
0
0
0
9
192
381
537
634
668
633
532
371
180
6
0
0
0
0
0
0
0
0
0
0
0
0
0
9
191
382
536
632
665
627
524
365
176
6
0
0
0
0
0
0
0
0
0
0
0
0
0
6
133
270
385
464
489
461
385
256
116
2
0
0
0
0
0
0
0
0
0
0
0
0
0
11
177
346
487
577
598
565
466
327
163
7
0
0
0
0
0
0
0
0
0
0
0
0
0
10
187
373
523
617
643
608
509
357
174
7
0
0
0
0
0
0
0
0
0
0
0
0
0
3
107
188
284
312
338
353
306
221
107
6
0
0
0
0
0
0
0
0
0
0
0
0
0
8
146
288
400
471
508
478
404
271
131
3
0
0
0
0
0
0
0
0
0
0
0
0
0
14
174
337
498
562
576
499
418
300
158
8
0
0
0
0
0
0
0
0
0
0
0
0
0
12
195
381
534
633
665
637
547
398
209
15
0
0
0
0
0
0
0
0
0
0
0
0
0
16
151
261
351
401
318
288
301
217
105
3
0
0
0
0
0
0
0
0
0
0
0
0
0
4
86
170
264
315
292
290
243
161
82
3
0
0
0
0
0
0
0
0
0
0
0
0
0
8
132
258
362
413
403
370
338
225
107
4
0
0
0
0
0
0
0
0
0
0
0
0
0
28
184
353
332
426
421
489
433
178
107
4
0
0
0
0
0
0
0
0
0
0
0
0
0
16
195
366
506
599
633
607
513
375
202
17
0
0
0
0
0
0
0
0
0
0
0
0
0
12
172
343
485
468
505
453
472
282
198
17
0
0
0
0
0
0
0
0
0
0
0
0
0
19
228
425
585
688
725
691
590
431
235
21
0
0
0
0
0
0
0
0
0
0
0
0
0
18
218
409
561
662
688
652
558
402
215
17
0
0
0
0
0
0
0
0
0
0
0
0
0
21
231
428
588
682
710
679
576
422
230
21
0
0
0
0
0
0
0
0
0
0
0
0
0
22
234
429
582
679
714
679
583
428
237
22
0
0
0
0
0
0
0
0
0
0
0
0
0
21
213
379
522
594
587
537
443
344
190
15
0
0
0
0
0
0
0
0
0
0
0
0
0
21
215
375
506
600
646
620
516
393
218
22
0
0
0
0
0
0
0
0
0
0
0
0
0
28
253
452
611
715
753
721
624
463
263
31
0
0
0
0
0
0
0
0
0
0
0
0
0
28
243
429
572
659
694
665
565
417
238
27
0
0
0
0
0
0
0
0
0
0
0
0
0
27
226
402
542
635
669
639
567
440
258
37
0
0
0
0
0
0
0
0
0
0
0
0
0
32
258
455
608
712
750
722
623
466
272
38
0
0
0
0
0
0
0
0
0
0
0
0
0
49
231
370
584
603
425
353
316
291
184
7
0
0
0
0
0
0
0
0
0
0
0
0
0
11
83
162
226
137
452
473
473
399
308
68
0
0
0
0
0
0
0
0
0
0
0
0
0
50
133
253
380
554
570
677
451
345
262
72
0
0
0
0
0
0
0
0
0
0
0
0
0
76
263
461
620
720
756
727
632
478
280
84
0
0
0
0
0
0
0
0
0
0
0
0
0
46
162
317
434
618
516
670
606
302
213
69
0
0
0
0
0
0
0
0
0
0
0
0
0
79
262
438
583
681
714
684
575
431
253
76
0
0
0
0
0
0
0
0
0
0
0
0
0
73
232
399
506
586
653
623
582
439
247
74
0
0
0
0
0
0
0
0
0
0
0
0
0
72
183
328
414
552
689
556
490
411
276
94
0
0
0
0
0
0
0
0
0
0
0
0
0
17
61
101
134
157
172
171
162
112
71
31
0
0
0
0
0
0
0
0
0
0
0
0
0
97
295
495
647
740
769
733
630
471
282
91
0
0
0
0
0
0
0
0
0
0
0
0
0
99
294
490
648
748
781
746
648
494
294
98
0
0
0
0
0
0
0
0
0
0
0
0
0
93
277
467
612
690
711
690
591
451
276
96
0
0
0
0
0
0
0
0
0
0
0
0
0
108
311
509
668
767
799
769
671
513
311
108
0
0
0
0
0
0
0
0
0
0
0
0
0
68
142
475
623
566
610
629
388
255
221
106
1
0
0
0
0
0
0
0
0
0
0
0
0
103
283
464
582
677
696
676
588
458
269
89
0
0
0
0
0
0
0
0
0
0
0
0
0
100
275
461
593
671
685
660
587
440
281
99
0
0
0
0
0
0
0
0
0
0
0
0
1
127
339
541
699
798
829
791
687
526
323
116
0
0
0
0
0
0
0
0
0
0
0
0
1
128
331
521
666
755
782
744
646
500
313
115
0
0
0
0
0
0
0
0
0
0
0
0
1
135
344
541
692
786
827
790
685
526
329
123
1
0
0
0
0
0
0
0
0
0
0
0
2
146
364
567
726
823
854
815
709
545
340
127
0
0
0
0
0
0
0
0
0
0
0
0
2
153
376
583
744
846
879
837
728
559
349
130
1
0
0
0
0
0
0
0
0
0
0
0
2
144
350
544
691
786
818
783
687
526
332
128
1
0
0
0
0
0
0
0
0
0
0
0
2
120
285
428
540
617
645
624
548
416
261
101
1
0
0
0
0
0
0
0
0
0
0
0
1
107
232
384
468
568
612
592
509
381
218
88
1
0
0
0
0
0
0
0
0
0
0
0
1
95
215
351
472
519
514
510
462
359
236
97
1
0
0
0
0
0
0
0
0
0
0
0
1
110
244
355
358
521
657
636
521
427
312
131
3
0
0
0
0
0
0
0
0
0
0
0
3
72
108
260
383
414
396
398
386
230
94
12
1
0
0
0
0
0
0
0
0
0
0
0
5
164
365
545
692
782
808
764
667
507
321
128
1
0
0
0
0
0
0
0
0
0
0
0
6
175
378
567
713
800
833
792
693
540
346
142
2
0
0
0
0
0
0
0
0
0
0
0
7
193
417
619
777
870
894
849
740
574
367
150
1
0
0
0
0
0
0
0
0
0
0
0
7
186
400
594
744
836
863
825
723
561
361
151
2
0
0
0
0
0
0
0
0
0
0
0
9
175
340
498
632
673
734
734
626
442
304
123
2
0
0
0
0
0
0
0
0
0
0
0
3
97
166
261
297
310
284
283
261
212
132
45
2
0
0
0
0
0
0
0
0
0
0
0
10
194
400
586
727
815
844
802
700
546
355
150
3
0
0
0
0
0
0
0
0
0
0
0
12
207
419
612
749
840
859
816
715
559
363
157
3
0
0
0
0
0
0
0
0
0
0
0
13
222
445
645
798
890
910
870
763
591
381
163
3
0
0
0
0
0
0
0
0
0
0
0
12
189
373
550
689
783
807
777
689
549
353
151
4
0
0
0
0
0
0
0
0
0
0
0
17
233
460
666
821
912
935
886
774
604
392
169
3
0
0
0
0
0
0
0
0
0
0
0
15
209
418
605
749
833
858
800
703
545
349
151
3
0
0
0
0
0
0
0
0
0
0
0
19
237
460
658
810
899
923
881
772
606
400
179
5
0
0
0
0
0
0
0
0
0
0
0
20
233
446
638
787
874
897
857
754
595
392
175
5
0
0
0
0
0
0
0
0
0
0
0
22
237
447
642
792
881
909
866
755
599
401
184
7
0
0
0
0
0
0
0
0
0
0
0
25
254
473
669
814
906
930
891
787
623
414
190
7
0
0
0
0
0
0
0
0
0
0
0
27
259
481
676
822
913
933
885
775
615
410
190
7
0
0
0
0
0
0
0
0
0
0
0
30
270
492
685
831
920
943
898
792
627
421
198
8
0
0
0
0
0
0
0
0
0
0
0
33
275
499
698
845
931
954
911
798
631
422
196
7
0
0
0
0
0
0
0
0
0
0
0
29
242
443
623
761
847
874
820
722
567
383
180
8
0
0
0
0
0
0
0
0
0
0
0
33
251
453
620
755
828
859
818
716
577
388
187
9
0
0
0
0
0
0
0
0
0
0
0
60
222
407
564
652
692
725
649
564
459
307
130
2
0
0
0
0
0
0
0
0
0
0
0
66
253
438
591
742
798
809
747
616
517
360
181
12
0
0
0
0
0
0
0
0
0
0
0
78
262
461
637
763
851
868
823
720
566
391
185
9
0
0
0
0
0
0
0
0
0
0
0
87
289
508
698
839
927
951
916
807
646
439
214
13
0
0
0
0
0
0
0
0
0
0
0
74
245
422
595
726
793
799
764
683
562
403
195
17
0
0
0
0
0
0
0
0
0
0
1
113
227
147
418
845
1100
1123
392
71
56
38
19
3
0
0
0
0
0
0
0
0
0
0
0
70
209
375
516
658
753
796
848
769
600
408
196
13
0
0
0
0
0
0
0
0
0
0
1
112
353
605
557
717
79
80
77
496
338
308
172
32
0
0
0
0
0
0
0
0
0
0
0
99
300
511
693
828
905
921
881
774
613
412
202
12
0
0
0
0
0
0
0
0
0
0
0
110
325
546
736
878
964
977
931
819
653
443
219
14
0
0
0
0
0
0
0
0
0
0
0
110
318
534
714
852
931
948
900
789
625
425
210
13
0
0
0
0
0
0
0
0
0
0
0
101
289
485
664
800
884
907
872
779
626
431
219
20
0
0
0
0
0
0
0
0
0
0
1
63
127
322
582
707
714
612
578
548
620
480
240
25
0
0
0
0
0
0
0
0
0
0
0
52
144
220
276
347
377
428
434
363
276
222
100
4
0
0
0
0
0
0
0
0
0
0
3
137
328
384
444
444
733
383
504
411
207
181
112
4
0
0
0
0
0
0
0
0
0
0
1
128
342
564
754
886
963
972
918
805
641
436
218
16
0
0
0
0
0
0
0
0
0
0
1
125
328
538
719
852
926
943
896
796
639
436
222
19
0
0
0
0
0
0
0
0
0
0
2
127
329
526
697
829
889
911
863
756
605
420
216
19
0
0
0
0
0
0
0
0
0
0
1
105
315
470
531
670
730
690
787
726
509
324
196
19
0
0
0
0
0
0
0
0
0
0
1
90
197
301
322
393
397
501
466
436
323
190
107
5
0
0
0
0
0
0
0
0
0
0
3
130
327
527
707
839
911
911
862
742
592
411
215
23
0
0
0
0
0
0
0
0
0
0
3
137
346
558
742
879
954
971
918
812
656
452
237
26
0
0
0
0
0
0
0
0
0
0
2
128
315
484
662
798
811
858
840
744
582
414
224
28
0
0
0
0
0
0
0
0
0
0
3
148
360
571
757
890
966
982
936
826
666
463
245
28
0
0
0
0
0
0
0
0
0
0
3
142
347
550
722
851
910
930
886
782
624
433
223
23
0
0
0
0
0
0
0
0
0
0
4
158
370
579
764
897
964
975
926
816
659
460
247
29
0
0
0
0
0
0
0
0
0
0
5
156
363
566
736
860
929
936
897
792
635
443
239
27
0
0
0
0
0
0
0
0
0
0
4
134
321
489
585
678
784
813
781
683
580
372
196
21
0
0
0
0
0
0
0
0
0
0
2
98
225
367
454
527
595
635
635
551
465
319
184
23
0
0
0
0
0
0
0
0
0
0
6
169
386
602
785
922
992
1004
953
840
675
473
257
33
0
0
0
0
0
0
0
0
0
0
6
155
355
555
722
833
893
911
871
767
621
438
236
65
0
0
0
0
0
0
0
0
0
0
4
91
221
345
506
693
828
811
774
744
581
429
238
59
0
0
0
0
0
0
0
0
0
0
8
141
316
479
584
644
745
813
804
767
604
429
246
69
0
0
0
0
0
0
0
0
0
0
8
156
334
507
680
802
887
918
842
746
587
409
228
69
0
0
0
0
0
0
0
0
0
0
8
179
395
605
783
919
996
1007
957
848
691
490
273
81
0
0
0
0
0
0
0
0
0
0
9
177
384
589
761
887
960
970
920
815
657
463
257
75
0
0
0
0
0
0
0
0
0
0
8
162
342
549
710
824
864
833
728
643
531
394
223
69
0
0
0
0
0
0
0
0
0
0
28
204
272
465
488
280
602
619
594
193
392
425
183
71
0
0
0
0
0
0
0
0
0
0
10
173
372
572
740
869
932
940
889
787
644
458
255
78
0
0
0
0
0
0
0
0
0
0
10
167
359
555
721
837
910
943
907
803
646
463
259
80
0
0
0
0
0
0
0
0
0
0
12
192
405
616
793
925
1001
1013
964
860
702
504
286
91
0
0
0
0
0
0
0
0
0
0
12
193
403
606
782
909
981
994
941
833
676
483
272
86
0
0
0
0
0
0
0
0
0
0
11
157
344
492
642
789
859
851
816
726
577
418
239
82
0
0
0
0
0
0
0
0
0
0
10
195
412
669
861
1001
434
387
387
412
290
185
84
32
0
0
0
0
0
0
0
0
0
0
11
162
346
520
691
822
886
898
862
789
636
455
267
91
0
0
0
0
0
0
0
0
0
0
18
222
450
699
734
953
501
540
507
420
322
233
106
41
0
0
0
0
0
0
0
0
0
0
18
237
475
718
857
1000
519
526
468
409
285
223
118
42
0
0
0
0
0
0
0
0
0
0
14
193
394
590
757
877
938
953
908
812
667
484
283
97
0
0
0
0
0
0
0
0
0
0
16
211
423
628
803
932
1007
1021
972
865
710
519
304
106
0
0
0
0
0
0
0
0
0
0
16
194
394
584
744
866
940
953
906
807
659
480
284
100
1
0
0
0
0
0
0
0
0
0
3
98
363
638
779
444
669
265
544
664
615
358
41
9
0
0
0
0
0
0
0
0
0
0
13
169
355
540
699
779
837
875
861
763
631
451
264
91
1
0
0
0
0
0
0
0
0
0
16
187
382
570
733
847
916
924
891
792
645
469
271
96
1
0
0
0
0
0
0
0
0
0
17
204
413
614
787
911
984
996
956
853
703
510
300
107
1
0
0
0
0
0
0
0
0
0
18
202
411
613
783
913
987
1006
965
866
712
518
307
112
1
0
0
0
0
0
0
0
0
0
19
212
427
639
818
946
1018
1027
974
865
708
514
300
107
1
0
0
0
0
0
0
0
0
0
19
211
424
633
811
943
1020
1036
993
893
737
541
323
120
2
0
0
0
0
0
0
0
0
0
18
191
391
586
747
867
947
956
918
820
677
498
296
109
1
0
0
0
0
0
0
0
0
0
18
203
404
606
776
906
968
986
941
839
693
503
298
109
1
0
0
0
0
0
0
0
0
0
18
199
399
587
750
883
956
966
924
830
684
495
296
110
1
0
0
0
0
0
0
0
0
0
19
199
400
597
772
898
968
985
935
838
686
497
296
111
1
0
0
0
0
0
0
0
0
0
21
219
434
641
817
947
1018
1036
989
881
728
533
318
120
1
0
0
0
0
0
0
0
0
0
19
204
407
607
782
910
982
1001
963
864
719
531
324
126
2
0
0
0
0
0
0
0
0
0
20
205
408
609
773
889
962
980
934
838
691
505
303
114
1
0
0
0
0
0
0
0
0
0
20
208
415
620
794
923
999
1018
972
869
710
523
313
120
2
0
0
0
0
0
0
0
0
0
19
206
408
608
778
900
965
971
921
820
671
486
290
110
1
0
0
0
0
0
0
0
0
0
20
207
410
608
781
914
984
998
948
855
713
527
322
125
2
0
0
0
0
0
0
0
0
0
21
219
433
644
822
954
1027
1041
994
891
736
544
330
129
2
0
0
0
0
0
0
0
0
0
19
204
407
607
778
900
974
994
950
849
704
517
314
123
2
0
0
0
0
0
0
0
0
0
19
205
410
612
786
916
989
1006
970
873
723
535
328
131
3
0
0
0
0
0
0
0
0
0
18
192
383
581
743
869
935
945
901
810
660
486
299
118
2
0
0
0
0
0
0
0
0
0
16
177
360
531
686
798
865
876
839
755
611
435
258
98
1
0
0
0
0
0
0
0
0
0
16
174
355
520
651
765
844
829
793
705
581
427
243
95
1
0
0
0
0
0
0
0
0
0
17
185
372
564
722
845
915
940
897
807
685
512
312
124
3
0
0
0
0
0
0
0
0
0
17
192
389
586
754
883
963
981
950
855
713
529
323
129
3
0
0
0
0
0
0
0
0
0
18
198
404
610
787
915
991
1014
965
863
715
526
318
126
2
0
0
0
0
0
0
0
0
0
17
180
362
541
702
834
915
915
865
777
650
471
285
110
2
0
0
0
0
0
0
0
0
0
18
199
404
612
784
913
982
999
956
855
710
521
312
123
2
0
0
0
0
0
0
0
0
0
12
160
332
556
698
793
858
852
842
686
582
413
271
107
2
0
0
0
0
0
0
0
0
0
14
175
365
557
703
848
901
900
878
782
644
477
283
108
1
0
0
0
0
0
0
0
0
0
15
169
345
527
653
737
829
852
836
739
609
449
274
101
1
0
0
0
0
0
0
0
0
0
16
187
382
579
746
875
948
967
932
836
695
510
312
124
2
0
0
0
0
0
0
0
0
0
16
189
388
583
747
876
957
979
940
845
696
515
313
125
3
0
0
0
0
0
0
0
0
0
13
166
349
494
659
739
852
858
829
765
613
455
274
105
1
0
0
0
0
0
0
0
0
0
15
187
389
595
773
910
992
1020
980
885
734
543
333
134
4
0
0
0
0
0
0
0
0
0
15
194
401
608
784
920
993
1014
971
868
720
529
321
126
2
0
0
0
0
0
0
0
0
0
14
189
394
598
781
921
1006
1028
988
885
738
550
335
133
3
0
0
0
0
0
0
0
0
0
13
173
359
556
727
851
932
960
920
832
700
520
322
131
4
0
0
0
0
0
0
0
0
0
14
188
391
595
772
910
993
1017
983
890
739
547
336
135
4
0
0
0
0
0
0
0
0
0
14
199
416
631
812
950
1027
1041
1001
897
745
548
332
131
2
0
0
0
0
0
0
0
0
0
14
197
409
619
800
932
1014
1036
994
893
739
549
336
133
2
0
0
0
0
0
0
0
0
0
13
195
408
618
798
934
1017
1040
1000
899
745
553
341
136
2
0
0
0
0
0
0
0
0
0
13
165
344
507
662
783
850
853
818
737
616
457
274
104
1
0
0
0
0
0
0
0
0
0
11
167
361
555
728
858
946
967
927
835
697
517
317
129
4
0
0
0
0
0
0
0
0
0
10
168
364
561
734
866
934
955
923
827
681
502
302
119
2
0
0
0
0
0
0
0
0
0
9
162
353
542
707
830
916
927
900
802
666
484
290
111
2
0
0
0
0
0
0
0
0
0
10
178
385
597
781
918
1002
1021
980
885
730
540
329
128
2
0
0
0
0
0
0
0
0
0
8
157
328
537
706
808
851
901
830
764
631
452
256
99
1
0
0
0
0
0
0
0
0
0
9
165
362
564
731
864
945
965
924
831
677
490
292
110
1
0
0
0
0
0
0
0
0
0
8
152
338
533
706
838
926
944
921
820
680
506
305
120
2
0
0
0
0
0
0
0
0
0
8
163
364
571
752
883
965
990
952
859
712
524
316
122
2
0
0
0
0
0
0
0
0
0
7
160
355
560
738
871
957
976
936
840
684
502
299
112
1
0
0
0
0
0
0
0
0
0
6
138
320
502
663
801
874
923
891
809
671
490
293
113
2
0
0
0
0
0
0
0
0
0
7
152
346
550
727
861
952
978
939
850
705
518
310
120
2
0
0
0
0
0
0
0
0
0
7
158
348
521
689
817
882
920
867
784
642
467
279
101
1
0
0
0
0
0
0
0
0
0
7
161
364
571
752
890
973
996
961
867
724
538
324
123
2
0
0
0
0
0
0
0
0
0
6
147
337
531
702
831
911
946
919
836
702
521
315
121
2
0
0
0
0
0
0
0
0
0
5
145
336
523
694
824
892
921
881
792
643
476
286
101
1
0
0
0
0
0
0
0
0
0
5
141
343
526
683
793
876
863
840
758
634
468
277
99
1
0
0
0
0
0
0
0
0
0
5
141
334
532
703
822
902
927
901
810
667
483
284
101
1
0
0
0
0
0
0
0
0
0
5
135
321
521
695
842
922
942
919
821
674
496
295
108
1
0
0
0
0
0
0
0
0
0
4
131
306
482
647
791
851
893
850
757
641
467
273
97
1
0
0
0
0
0
0
0
0
0
4
136
326
524
691
819
898
914
876
786
646
467
273
93
0
0
0
0
0
0
0
0
0
0
4
137
331
534
716
850
938
968
939
850
703
518
304
107
1
0
0
0
0
0
0
0
0
0
4
136
332
539
713
844
935
953
915
826
681
498
290
102
1
0
0
0
0
0
0
0
0
0
3
134
328
526
700
834
913
936
899
806
659
477
274
93
0
0
0
0
0
0
0
0
0
0
3
128
319
518
692
821
907
930
899
802
651
471
269
90
0
0
0
0
0
0
0
0
0
0
3
122
305
495
667
808
898
923
894
806
664
491
289
98
1
0
0
0
0
0
0
0
0
0
3
132
329
533
713
847
929
949
912
815
666
479
275
90
0
0
0
0
0
0
0
0
0
0
3
133
334
544
726
865
948
972
933
835
682
490
279
91
0
0
0
0
0
0
0
0
0
0
2
128
324
528
716
859
942
968
929
832
681
491
278
90
0
0
0
0
0
0
0
0
0
0
2
122
315
515
688
830
910
927
887
799
651
466
265
84
0
0
0
0
0
0
0
0
0
0
2
127
331
542
727
869
954
976
938
835
683
493
280
88
0
0
0
0
0
0
0
0
0
0
2
117
300
492
670
802
875
902
873
765
629
451
260
79
0
0
0
0
0
0
0
0
0
0
2
118
301
486
644
775
841
883
840
729
601
425
244
74
0
0
0
0
0
0
0
0
0
0
1
101
287
465
626
743
833
835
803
702
594
434
244
71
0
0
0
0
0
0
0
0
0
0
1
109
293
496
669
791
877
887
841
749
604
417
228
66
0
0
0
0
0
0
0
0
0
0
2
125
341
541
761
956
551
517
448
392
336
248
149
58
0
0
0
0
0
0
0
0
0
0
1
112
303
512
689
821
912
934
893
791
637
446
242
67
0
0
0
0
0
0
0
0
0
0
1
109
288
464
582
759
854
815
736
650
483
353
186
43
0
0
0
0
0
0
0
0
0
0
1
110
306
510
694
831
912
923
892
794
642
450
245
35
0
0
0
0
0
0
0
0
0
0
1
114
317
532
721
864
953
979
935
830
667
466
249
31
0
0
0
0
0
0
0
0
0
0
1
116
321
537
724
864
945
967
921
815
657
459
243
27
0
0
0
0
0
0
0
0
0
0
1
112
315
532
725
867
955
977
930
825
667
466
247
29
0
0
0
0
0
0
0
0
0
0
1
111
316
535
724
867
955
979
934
826
662
462
241
26
0
0
0
0
0
0
0
0
0
0
0
97
273
462
638
779
837
863
823
727
589
407
212
24
0
0
0
0
0
0
0
0
0
0
0
99
287
490
677
814
894
913
874
768
608
418
213
19
0
0
0
0
0
0
0
0
0
0
0
97
283
478
658
791
866
882
845
740
586
406
207
17
0
0
0
0
0
0
0
0
0
0
0
101
299
512
702
848
927
953
905
797
638
438
221
19
0
0
0
0
0
0
0
0
0
0
0
96
286
489
667
808
896
914
877
775
625
432
217
20
0
0
0
0
0
0
0
0
0
0
0
99
302
516
709
851
931
952
908
805
648
446
226
20
0
0
0
0
0
0
0
0
0
0
0
97
291
507
694
826
897
909
851
746
586
401
197
12
0
0
0
0
0
0
0
0
0
0
0
97
299
517
705
846
925
942
898
789
627
423
208
14
0
0
0
0
0
0
0
0
0
0
0
93
289
502
693
830
911
927
884
773
617
415
202
13
0
0
0
0
0
0
0
0
0
0
0
87
271
474
656
780
857
879
854
747
595
404
198
14
0
0
0
0
0
0
0
0
0
0
0
87
278
489
677
813
887
917
881
775
616
413
199
13
0
0
0
0
0
0
0
0
0
0
0
82
247
412
534
677
763
811
814
685
513
345
163
7
0
0
0
0
0
0
0
0
0
0
0
78
253
431
572
749
798
784
694
651
486
316
131
2
0
0
0
0
0
0
0
0
0
0
0
57
172
303
374
458
522
519
516
433
337
200
68
2
0
0
0
0
0
0
0
0
0
0
0
62
219
410
541
637
697
724
723
668
532
339
167
8
0
0
0
0
0
0
0
0
0
0
0
73
240
432
588
735
812
828
772
652
524
358
160
7
0
0
0
0
0
0
0
0
0
0
0
80
270
482
657
778
858
872
818
714
554
359
158
4
0
0
0
0
0
0
0
0
0
0
0
78
270
479
660
800
879
900
853
745
580
378
170
6
0
0
0
0
0
0
0
0
0
0
0
79
276
498
693
837
924
942
887
773
601
389
169
5
0
0
0
0
0
0
0
0
0
0
0
78
276
497
685
825
904
913
854
734
559
354
147
2
0
0
0
0
0
0
0
0
0
0
0
77
276
494
684
826
909
922
868
754
584
377
159
3
0
0
0
0
0
0
0
0
0
0
0
72
264
474
661
805
886
907
864
750
582
374
158
4
0
0
0
0
0
0
0
0
0
0
0
36
268
478
666
806
889
907
858
749
581
374
157
3
0
0
0
0
0
0
0
0
0
0
0
24
216
365
519
646
672
689
720
665
518
317
122
3
0
0
0
0
0
0
0
0
0
0
0
34
265
479
664
803
880
891
841
729
561
354
141
2
0
0
0
0
0
0
0
0
0
0
0
35
281
508
705
850
926
936
877
752
572
354
135
1
0
0
0
0
0
0
0
0
0
0
0
32
265
483
674
815
893
904
850
730
552
344
131
1
0
0
0
0
0
0
0
0
0
0
0
30
255
471
657
795
873
888
836
720
551
345
130
1
0
0
0
0
0
0
0
0
0
0
0
24
206
384
521
649
718
749
716
645
486
316
128
2
0
0
0
0
0
0
0
0
0
0
0
7
188
443
474
914
940
400
287
146
74
30
11
0
0
0
0
0
0
0
0
0
0
0
0
5
41
163
167
222
211
357
415
521
389
237
118
4
0
0
0
0
0
0
0
0
0
0
0
27
254
471
658
797
876
885
828
713
537
327
114
0
0
0
0
0
0
0
0
0
0
0
0
21
217
415
585
713
779
784
745
642
490
282
98
0
0
0
0
0
0
0
0
0
0
0
0
25
247
463
648
785
861
867
809
690
519
311
105
0
0
0
0
0
0
0
0
0
0
0
0
21
223
427
600
718
784
798
747
634
475
275
88
0
0
0
0
0
0
0
0
0
0
0
0
22
225
427
600
733
790
806
763
652
487
287
92
0
0
0
0
0
0
0
0
0
0
0
0
21
235
446
630
763
830
833
768
640
467
271
82
0
0
0
0
0
0
0
0
0
0
0
0
18
207
394
577
719
718
697
629
533
359
199
57
0
0
0
0
0
0
0
0
0
0
0
0
4
64
311
493
574
552
416
362
418
291
174
55
0
0
0
0
0
0
0
0
0
0
0
0
18
225
437
622
761
838
845
786
662
483
275
77
0
0
0
0
0
0
0
0
0
0
0
0
17
215
418
595
721
791
800
742
622
459
257
33
0
0
0
0
0
0
0
0
0
0
0
0
15
199
391
566
699
780
782
725
612
454
260
38
0
0
0
0
0
0
0
0
0
0
0
0
14
204
389
547
680
752
715
623
526
407
233
25
0
0
0
0
0
0
0
0
0
0
0
0
11
185
377
543
619
714
749
659
557
389
206
24
0
0
0
0
0
0
0
0
0
0
0
0
13
188
372
529
675
713
716
656
532
400
215
21
0
0
0
0
0
0
0
0
0
0
0
0
13
202
404
549
682
716
678
617
505
345
174
5
0
0
0
0
0
0
0
0
0
0
0
0
10
166
339
496
614
691
708
655
552
391
197
13
0
0
0
0
0
0
0
0
0
0
0
0
14
225
447
635
774
846
852
787
655
467
249
21
0
0
0
0
0
0
0
0
0
0
0
0
17
171
331
350
448
834
582
374
377
261
201
48
0
0
0
0
0
0
0
0
0
0
0
0
11
203
410
594
730
801
805
744
617
439
229
19
0
0
0
0
0
0
0
0
0
0
0
0
7
156
339
479
602
649
580
488
402
274
130
4
0
0
0
0
0
0
0
0
0
0
0
0
5
144
307
415
540
593
613
536
426
267
136
3
0
0
0
0
0
0
0
0
0
0
0
0
8
155
317
475
590
638
648
610
534
384
195
14
0
0
0
0
0
0
0
0
0
0
0
0
9
189
396
577
709
781
783
716
588
406
202
11
0
0
0
0
0
0
0
0
0
0
0
0
9
152
347
507
528
430
439
401
430
431
208
12
0
0
0
0
0
0
0
0
0
0
0
0
7
180
381
561
685
748
752
683
558
387
189
8
0
0
0
0
0
0
0
0
0
0
0
0
7
166
358
519
635
702
705
646
512
354
169
7
0
0
0
0
0
0
0
0
0
0
0
0
6
172
369
545
669
731
736
673
552
378
179
7
0
0
0
0
0
0
0
0
0
0
0
0
3
116
297
432
528
627
592
569
487
356
180
8
0
0
0
0
0
0
0
0
0
0
0
0
4
147
342
517
625
690
655
593
482
319
144
4
0
0
0
0
0
0
0
0
0
0
0
0
4
151
336
491
585
667
674
611
492
315
142
4
0
0
0
0
0
0
0
0
0
0
0
0
4
157
347
521
646
707
710
642
522
350
159
5
0
0
0
0
0
0
0
0
0
0
0
0
4
155
343
513
637
707
711
644
524
354
161
5
0
0
0
0
0
0
0
0
0
0
0
0
4
143
309
440
539
645
622
505
439
312
147
3
0
0
0
0
0
0
0
0
0
0
0
0
3
139
310
475
586
670
666
612
510
350
159
5
0
0
0
0
0
0
0
0
0
0
0
0
4
134
298
465
564
568
641
529
456
292
128
2
0
0
0
0
0
0
0
0
0
0
0
0
3
156
359
542
674
743
747
676
543
363
158
3
0
0
0
0
0
0
0
0
0
0
0
0
3
149
349
533
665
736
734
666
536
357
153
3
0
0
0
0
0
0
0
0
0
0
0
0
3
131
292
447
540
594
568
509
388
245
106
1
0
0
0
0
0
0
0
0
0
0
0
0
2
127
312
454
549
591
590
532
422
278
116
1
0
0
0
0
0
0
0
0
0
0
0
0
1
103
247
433
494
571
591
565
418
303
114
1
0
0
0
0
0
0
0
0
0
0
0
0
2
116
282
439
540
584
578
525
422
274
108
1
0
0
0
0
0
0
0
0
0
0
0
0
2
79
249
295
387
474
477
487
407
207
144
6
0
0
0
0
0
0
0
0
0
0
0
0
1
122
305
474
605
668
673
606
492
321
131
2
0
0
0
0
0
0
0
0
0
0
0
0
1
124
311
480
602
665
660
594
474
307
120
1
0
0
0
0
0
0
0
0
0
0
0
0
1
124
317
498
629
696
696
627
498
321
126
1
0
0
0
0
0
0
0
0
0
0
0
0
1
122
315
488
612
676
674
603
475
303
117
1
0
0
0
0
0
0
0
0
0
0
0
0
1
118
305
476
598
664
662
598
473
302
114
0
0
0
0
0
0
0
0
0
0
0
0
0
1
92
249
395
499
558
556
501
393
250
94
0
0
0
0
0
0
0
0
0
0
0
0
0
0
90
255
408
517
556
562
532
441
293
111
1
0
0
0
0
0
0
0
0
0
0
0
0
0
102
280
442
555
619
619
556
439
276
102
0
0
0
0
0
0
0
0
0
0
0
0
0
0
91
251
397
506
568
565
506
397
251
91
0
0
0
0
0
0
0
0
0
0
0
0
0
0
75
201
345
498
540
560
508
407
268
100
1
0
0
0
0
0
0
0
0
0
0
0
0
0
40
212
307
363
516
437
315
305
327
118
2
0
0
0
0
0
0
0
0
0
0
0
0
0
101
290
466
593
659
658
589
464
292
103
0
0
0
0
0
0
0
0
0
0
0
0
0
0
90
263
421
543
607
601
542
427
267
93
0
0
0
0
0
0
0
0
0
0
0
0
0
0
75
230
384
495
553
560
515
427
270
101
0
0
0
0
0
0
0
0
0
0
0
0
0
0
81
272
416
539
519
451
447
284
151
37
0
0
0
0
0
0
0
0
0
0
0
0
0
0
7
22
36
83
434
716
303
262
187
66
0
0
0
0
0
0
0
0
0
0
0
0
0
0
71
182
312
504
497
481
314
357
236
80
0
0
0
0
0
0
0
0
0
0
0
0
0
0
79
255
422
539
600
604
544
427
263
88
0
0
0
0
0
0
0
0
0
0
0
0
0
0
72
234
398
522
587
590
535
421
257
86
0
0
0
0
0
0
0
0
0
0
0
0
0
0
12
47
81
96
111
110
92
65
43
12
0
0
0
0
0
0
0
0
0
0
0
0
0
0
63
219
379
500
552
534
464
355
210
68
0
0
0
0
0
0
0
0
0
0
0
0
0
0
24
181
325
436
509
510
505
388
239
78
0
0
0
0
0
0
0
0
0
0
0
0
0
0
33
241
410
537
604
609
549
430
265
87
0
0
0
0
0
0
0
0
0
0
0
0
0
0
33
252
427
556
626
633
573
451
279
92
0
0
0
0
0
0
0
0
0
0
0
0
0
0
31
248
422
551
625
628
565
444
273
89
0
0
0
0
0
0
0
0
0
0
0
0
0
0
26
211
372
493
559
559
503
383
237
75
0
0
0
0
0
0
0
0
0
0
0
0
0
0
15
169
311
413
470
520
429
355
188
67
0
0
0
0
0
0
0
0
0
0
0
0
0
0
20
189
308
390
454
484
488
384
242
73
0
0
0
0
0
0
0
0
0
0
0
0
0
0
23
212
377
503
573
575
519
410
250
80
0
0
0
0
0
0
0
0
0
0
0
0
0
0
4
92
211
273
374
425
380
400
214
86
0
0
0
0
0
0
0
0
0
0
0
0
0
0
18
177
282
351
460
452
453
348
152
72
0
0
0
0
0
0
0
0
0
0
0
0
0
0
17
183
334
447
526
544
464
342
203
65
0
0
0
0
0
0
0
0
0
0
0
0
0
0
18
205
362
482
548
556
498
392
231
68
0
0
0
0
0
0
0
0
0
0
0
0
0
0
18
206
373
501
573
579
524
412
250
79
0
0
0
0
0
0
0
0
0
0
0
0
0
0
18
210
382
512
587
597
541
423
261
83
0
0
0
0
0
0
0
0
0
0
0
0
0
0
17
211
384
516
587
596
538
419
254
80
0
0
0
0
0
0
0
0
0
0
0
0
0
0
16
205
377
509
586
593
535
419
256
82
0
0
0
0
0
0
0
0
0
0
0
0
0
0
14
189
352
479
553
567
516
408
250
78
0
0
0
0
0
0
0
0
0
0
0
0
0
0
11
160
296
450
548
499
443
324
190
54
0
0
0
0
0
0
0
0
0
0
0
0
0
0
3
149
264
361
366
382
348
243
130
46
0
0
0
0
0
0
0
0
0
0
0
0
0
0
10
106
269
459
562
396
355
242
134
50
0
0
0
0
0
0
0
0
0
0
0
0
0
0
12
206
342
425
376
302
83
119
20
7
0
0
0
0
0
0
0
0
0
0
0
0
0
0
11
178
343
467
539
552
503
393
238
77
0
0
0
0
0
0
0
0
0
0
0
0
0
0
10
179
347
480
557
572
517
405
245
79
0
0
0
0
0
0
0
0
0
0
0
0
0
0
8
158
312
405
447
495
453
315
212
61
0
0
0
0
0
0
0
0
0
0
0
0
0
0
8
155
306
432
498
528
475
374
226
71
0
0
0
0
0
0
0
0
0
0
0
0
0
0
2
86
205
318
321
322
338
267
154
52
0
0
0
0
0
0
0
0
0
0
0
0
0
0
9
155
304
422
495
522
476
348
207
65
0
0
0
0
0
0
0
0
0
0
0
0
0
0
6
136
256
390
471
500
496
410
234
80
0
0
0
0
0
0
0
0
0
0
0
0
0
0
8
169
336
466
536
548
509
401
251
85
0
0
0
0
0
0
0
0
0
0
0
0
0
0
7
161
323
453
530
558
518
406
252
85
0
0
0
0
0
0
0
0
0
0
0
0
0
0
14
147
227
211
381
470
341
240
92
29
1
0
0
0
0
0
0
0
0
0
0
0
0
0
7
151
310
426
501
521
483
387
245
91
0
0
0
0
0
0
0
0
0
0
0
0
0
0
7
146
299
424
515
539
495
392
237
85
0
0
0
0
0
0
0
0
0
0
0
0
0
0
7
167
339
472
551
571
522
414
258
91
0
0
0
0
0
0
0
0
0
0
0
0
0
0
6
156
310
436
502
525
469
387
246
92
0
0
0
0
0
0
0
0
0
0
0
0
0
0
2
106
232
313
433
468
488
347
211
84
1
0
0
0
0
0
0
0
0
0
0
0
0
0
6
122
213
308
406
419
438
372
276
100
1
0
0
0
0
0
0
0
0
0
0
0
0
0
5
149
311
449
519
520
479
370
238
88
0
0
0
0
0
0
0
0
0
0
0
0
0
0
6
142
296
420
501
520
485
394
263
99
1
0
0
0
0
0
0