0
0
0
0
0
0
0
2
103
233
345
423
442
408
328
209
78
0
0
0
0
0
0
0
0
0
0
0
0
0
0
1
81
197
298
383
394
379
308
207
77
0
0
0
0
0
0
0
0
0
0
0
0
0
0
2
91
197
281
361
376
362
284
182
75
0
0
0
0
0
0
0
0
0
0
0
0
0
0
3
99
224
352
397
456
474
356
254
102
1
0
0
0
0
0
0
0
0
0
0
0
0
0
2
122
286
429
519
540
501
402
265
106
1
0
0
0
0
0
0
0
0
0
0
0
0
0
2
108
255
378
429
465
429
370
237
92
1
0
0
0
0
0
0
0
0
0
0
0
0
0
1
139
288
375
349
368
368
297
270
120
3
0
0
0
0
0
0
0
0
0
0
0
0
0
2
105
224
325
448
425
409
348
244
125
2
0
0
0
0
0
0
0
0
0
0
0
0
0
2
90
219
331
407
436
408
323
228
93
1
0
0
0
0
0
0
0
0
0
0
0
0
0
2
102
234
344
413
436
407
341
219
88
1
0
0
0
0
0
0
0
0
0
0
0
0
0
2
119
272
407
482
528
496
407
265
113
1
0
0
0
0
0
0
0
0
0
0
0
0
0
2
125
295
419
486
513
486
401
269
118
2
0
0
0
0
0
0
0
0
0
0
0
0
0
2
121
287
421
515
542
524
430
290
128
2
0
0
0
0
0
0
0
0
0
0
0
0
0
1
104
244
387
445
461
450
364
235
99
1
0
0
0
0
0
0
0
0
0
0
0
0
0
1
89
208
300
345
379
352
315
202
82
1
0
0
0
0
0
0
0
0
0
0
0
0
0
1
101
239
351
419
441
419
333
221
111
1
0
0
0
0
0
0
0
0
0
0
0
0
0
2
102
232
335
440
479
468
434
311
153
8
0
0
0
0
0
0
0
0
0
0
0
0
0
3
129
293
398
451
454
460
405
289
122
3
0
0
0
0
0
0
0
0
0
0
0
0
0
3
120
266
401
474
508
498
392
295
145
6
0
0
0
0
0
0
0
0
0
0
0
0
0
3
129
298
443
534
559
529
444
306
144
4
0
0
0
0
0
0
0
0
0
0
0
0
0
3
127
292
428
522
561
547
458
314
147
5
0
0
0
0
0
0
0
0
0
0
0
0
0
3
125
247
396
505
557
467
381
259
106
2
0
0
0
0
0
0
0
0
0
0
0
0
0
1
23
52
74
79
85
79
62
45
22
2
0
0
0
0
0
0
0
0
0
0
0
0
0
3
98
215
279
366
385
387
320
254
126
2
0
0
0
0
0
0
0
0
0
0
0
0
0
4
142
311
452
543
588
557
471
332
165
7
0
0
0
0
0
0
0
0
0
0
0
0
0
4
147
321
465
558
593
569
482
343
169
7
0
0
0
0
0
0
0
0
0
0
0
0
0
4
146
322
472
574
616
590
498
351
174
9
0
0
0
0
0
0
0
0
0
0
0
0
0
4
130
295
416
506
504
468
404
303
140
4
0
0
0
0
0
0
0
0
0
0
0
0
0
5
147
321
474
576
612
577
478
335
170
9
0
0
0
0
0
0
0
0
0
0
0
0
0
4
141
304
449
535
564
562
482
350
177
10
0
0
0
0
0
0
0
0
0
0
0
0
0
5
156
334
480
572
605
589
506
363
183
10
0
0
0
0
0
0
0
0
0
0
0
0
0
6
102
258
277
358
402
240
262
212
97
3
0
0
0
0
0
0
0
0
0
0
0
0
0
6
133
290
559
589
316
80
44
32
17
3
0
0
0
0
0
0
0
0
0
0
0
0
0
2
48
99
155
192
195
185
158
109
56
3
0
0
0
0
0
0
0
0
0
0
0
0
0
26
166
256
359
421
321
297
123
72
57
4
0
0
0
0
0
0
0
0
0
0
0
0
0
2
121
226
345
388
424
442
387
286
149
13
0
0
0
0
0
0
0
0
0
0
0
0
0
6
143
294
415
494
544
515
442
298
150
4
0
0
0
0
0
0
0
0
0
0
0
0
0
9
128
286
416
475
520
499
418
283
171
12
0
0
0
0
0
0
0
0
0
0
0
0
0
10
179
362
517
620
661
636
546
400
213
21
0
0
0
0
0
0
0
0
0
0
0
0
0
10
183
364
513
613
643
634
544
394
219
22
0
0
0
0
0
0
0
0
0
0
0
0
0
11
183
370
523
625
667
640
548
406
222
23
0
0
0
0
0
0
0
0
0
0
0
0
0
13
190
370
516
624
663
626
532
389
209
20
0
0
0
0
0
0
0
0
0
0
0
0
0
12
188
362
516
602
647
628
528
391
220
22
0
0
0
0
0
0
0
0
0
0
0
0
0
4
95
188
297
357
329
332
283
193
107
5
0
0
0
0
0
0
0
0
0
0
0
0
0
14
192
357
496
600
635
605
530
374
222
28
0
0
0
0
0
0
0
0
0
0
0
0
0
17
219
417
580
687
727
703
604
453
259
34
0
0
0
0
0
0
0
0
0
0
0
0
0
18
223
416
576
681
723
695
603
455
266
38
0
0
0
0
0
0
0
0
0
0
0
0
0
18
209
390
546
651
685
658
570
427
250
73
0
0
0
0
0
0
0
0
0
0
0
0
0
52
224
422
273
390
359
523
488
85
83
25
0
0
0
0
0
0
0
0
0
0
0
0
0
16
48
63
147
112
62
349
318
284
180
40
0
0
0
0
0
0
0
0
0
0
0
0
0
6
62
85
109
138
173
169
155
120
96
36
0
0
0
0
0
0
0
0
0
0
0
0
0
23
203
376
527
638
681
667
596
453
267
85
0
0
0
0
0
0
0
0
0
0
0
0
0
25
163
272
222
294
384
561
473
504
197
67
0
0
0
0
0
0
0
0
0
0
0
0
0
26
189
359
489
591
660
636
567
447
259
82
0
0
0
0
0
0
0
0
0
0
0
0
0
22
168
303
444
465
167
407
537
242
193
102
1
0
0
0
0
0
0
0
0
0
0
0
0
20
200
346
478
538
586
493
428
400
240
107
1
0
0
0
0
0
0
0
0
0
0
0
0
34
211
339
439
522
658
404
456
391
118
25
0
0
0
0
0
0
0
0
0
0
0
0
0
6
86
209
136
456
228
213
309
430
231
80
1
0
0
0
0
0
0
0
0
0
0
0
0
6
21
37
53
58
61
465
399
319
194
66
0
0
0
0
0
0
0
0
0
0
0
0
0
65
176
165
88
284
400
408
434
322
250
115
3
0
0
0
0
0
0
0
0
0
0
0
0
60
138
303
359
348
63
377
610
490
257
116
3
0
0
0
0
0
0
0
0
0
0
0
0
72
228
386
516
598
634
614
532
408
251
92
0
0
0
0
0
0
0
0
0
0
0
0
0
66
207
337
448
499
542
526
459
337
207
67
0
0
0
0
0
0
0
0
0
0
0
0
0
97
317
323
296
291
184
258
409
237
99
27
1
0
0
0
0
0
0
0
0
0
0
0
0
56
164
262
267
394
487
569
500
426
299
131
2
0
0
0
0
0
0
0
0
0
0
0
0
22
37
87
171
355
362
305
357
341
331
125
5
0
0
0
0
0
0
0
0
0
0
0
0
9
27
142
102
328
417
679
774
380
365
148
2
0
0
0
0
0
0
0
0
0
0
0
0
80
214
348
480
525
572
553
502
380
245
96
1
0
0
0
0
0
0
0
0
0
0
0
0
27
97
143
365
573
505
378
337
585
158
63
1
0
0
0
0
0
0
0
0
0
0
0
1
123
331
533
695
797
837
798
698
540
343
135
1
0
0
0
0
0
0
0
0
0
0
0
1
125
327
527
682
783
820
788
699
545
351
142
2
0
0
0
0
0
0
0
0
0
0
0
1
118
303
475
618
710
733
700
624
490
312
125
1
0
0
0
0
0
0
0
0
0
0
0
1
125
315
507
658
749
786
758
660
515
333
138
2
0
0
0
0
0
0
0
0
0
0
0
1
120
302
481
617
713
747
741
662
505
320
134
2
0
0
0
0
0
0
0
0
0
0
0
2
133
309
483
637
683
738
700
593
461
300
120
1
0
0
0
0
0
0
0
0
0
0
0
1
101
289
415
451
549
574
512
545
448
251
96
3
0
0
0
0
0
0
0
0
0
0
0
1
39
394
511
527
405
190
331
496
250
151
121
13
0
0
0
0
0
0
0
0
0
0
0
3
148
349
541
699
786
819
790
687
538
352
151
3
0
0
0
0
0
0
0
0
0
0
0
3
140
331
512
654
748
797
775
694
550
359
157
6
0
0
0
0
0
0
0
0
0
0
0
5
171
387
590
753
854
885
850
746
581
378
163
3
0
0
0
0
0
0
0
0
0
0
0
2
73
164
270
379
412
421
411
318
269
171
101
3
0
0
0
0
0
0
0
0
0
0
0
6
178
393
594
751
854
883
846
746
590
390
175
5
0
0
0
0
0
0
0
0
0
0
0
2
70
167
253
301
357
388
382
318
249
178
73
4
0
0
0
0
0
0
0
0
0
0
0
7
178
386
580
729
828
859
830
735
579
382
175
6
0
0
0
0
0
0
0
0
0
0
0
8
184
387
583
735
830
857
824
716
561
373
167
5
0
0
0
0
0
0
0
0
0
0
0
10
196
415
610
764
860
888
853
749
592
389
176
6
0
0
0
0
0
0
0
0
0
0
0
10
182
370
539
668
733
799
763
660
515
353
160
5
0
0
0
0
0
0
0
0
0
0
0
11
189
393
586
737
827
861
826
732
577
388
180
9
0
0
0
0
0
0
0
0
0
0
0
8
163
364
501
491
531
661
670
609
467
358
129
2
0
0
0
0
0
0
0
0
0
0
0
8
101
218
304
357
433
437
449
416
337
215
85
2
0
0
0
0
0
0
0
0
0
0
0
15
200
397
583
728
821
853
822
730
587
393
189
11
0
0
0
0
0
0
0
0
0
0
0
15
198
403
597
736
811
831
786
693
554
372
175
7
0
0
0
0
0
0
0
0
0
0
0
13
197
378
543
687
746
795
735
675
520
355
167
9
0
0
0
0
0
0
0
0
0
0
0
21
231
433
616
757
842
868
832
743
594
405
198
11
0
0
0
0
0
0
0
0
0
0
0
22
222
426
599
732
809
829
793
702
559
385
189
11
0
0
0
0
0
0
0
0
0
0
0
20
209
383
543
686
771
772
764
703
563
377
188
13
0
0
0
0
0
0
0
0
0
0
0
12
125
222
311
408
440
463
447
412
291
191
98
3
0
0
0
0
0
0
0
0
0
0
0
10
145
352
636
735
737
716
651
509
255
240
124
11
0
0
0
0
0
0
0
0
0
0
0
26
199
380
533
633
663
670
650
549
412
275
129
4
0
0
0
0
0
0
0
0
0
0
0
32
249
460
648
791
884
911
875
781
628
434
221
19
0
0
0
0
0
0
0
0
0
0
0
43
179
295
419
488
548
501
569
469
320
253
89
4
0
0
0
0
0
0
0
0
0
0
0
80
283
502
699
841
926
952
910
808
646
444
224
15
0
0
0
0
0
0
0
0
0
0
0
92
326
561
747
859
568
598
510
437
393
267
166
22
0
0
0
0
0
0
0
0
0
0
0
77
237
396
583
727
674
664
714
641
522
315
167
12
0
0
0
0
0
0
0
0
0
0
0
84
275
485
670
811
896
918
877
777
622
430
221
19
0
0
0
0
0
0
0
0
0
0
0
70
190
332
352
474
538
619
459
473
349
255
106
4
0
0
0
0
0
0
0
0
0
0
0
80
225
359
475
609
737
755
669
613
479
312
155
4
0
0
0
0
0
0
0
0
0
0
0
98
228
390
580
707
723
638
657
627
521
396
222
31
0
0
0
0
0
0
0
0
0
0
0
89
271
467
635
764
845
870
831
738
590
410
214
21
0
0
0
0
0
0
0
0
0
0
0
74
228
397
532
640
705
720
674
606
482
332
147
5
0
0
0
0
0
0
0
0
0
0
0
84
243
415
569
675
749
770
728
644
519
362
192
21
0
0
0
0
0
0
0
0
0
0
0
88
258
445
600
721
787
818
787
702
564
391
207
23
0
0
0
0
0
0
0
0
0
0
1
105
300
503
683
812
891
904
870
777
625
436
230
26
0
0
0
0
0
0
0
0
0
0
1
107
295
500
670
812
891
915
880
781
631
446
243
33
0
0
0
0
0
0
0
0
0
0
2
44
222
266
415
277
416
417
128
189
430
199
22
15
0
0
0
0
0
0
0
0
0
0
2
136
262
344
344
273
695
699
705
758
593
526
284
31
0
0
0
0
0
0
0
0
0
0
2
114
303
500
666
796
877
895
852
744
605
426
230
31
0
0
0
0
0
0
0
0
0
0
1
107
315
536
590
679
704
559
687
683
536
393
245
64
0
0
0
0
0
0
0
0
0
0
2
110
278
463
626
769
851
863
819
731
563
399
215
56
0
0
0
0
0
0
0
0
0
0
1
58
147
237
295
363
415
392
380
324
264
196
114
35
0
0
0
0
0
0
0
0
0
0
1
125
295
517
666
793
739
770
823
575
416
291
123
21
0
0
0
0
0
0
0
0
0
0
4
152
379
613
801
909
390
371
371
351
299
219
107
25
0
0
0
0
0
0
0
0
0
0
4
157
380
611
776
873
523
559
454
430
343
235
145
45
0
0
0
0
0
0
0
0
0
0
3
127
310
504
668
805
887
893
824
723
582
415
236
72
0
0
0
0
0
0
0
0
0
0
5
66
102
128
188
165
158
277
390
347
272
214
116
40
0
0
0
0
0
0
0
0
0
0
3
135
327
511
665
788
849
878
837
740
603
430
237
71
0
0
0
0
0
0
0
0
0
0
1
91
185
314
401
472
540
513
524
453
391
239
137
49
0
0
0
0
0
0
0
0
0
0
1
49
114
183
233
287
323
313
309
279
239
167
99
32
0
0
0
0
0
0
0
0
0
0
4
143
364
575
541
591
739
788
646
543
414
425
174
37
0
0
0
0
0
0
0
0
0
0
3
100
297
408
492
646
753
782
835
733
606
391
192
65
0
0
0
0
0
0
0
0
0
0
4
140
313
486
673
797
868
891
820
692
574
400
227
66
0
0
0
0
0
0
0
0
0
0
6
141
318
501
665
783
884
863
841
788
642
469
276
97
1
0
0
0
0
0
0
0
0
0
6
140
313
488
638
751
813
828
792
703
576
417
239
80
0
0
0
0
0
0
0
0
0
0
8
169
377
587
765
900
976
995
948
845
689
497
287
97
0
0
0
0
0
0
0
0
0
0
8
169
378
586
764
902
979
998
953
849
693
502
290
100
1
0
0
0
0
0
0
0
0
0
8
158
351
547
717
854
935
948
915
822
673
492
285
101
1
0
0
0
0
0
0
0
0
0
9
162
357
552
718
845
922
937
897
799
651
470
272
93
0
0
0
0
0
0
0
0
0
0
9
174
377
580
749
881
956
974
941
841
695
504
296
107
1
0
0
0
0
0
0
0
0
0
10
178
381
583
758
889
963
983
938
840
692
506
299
107
1
0
0
0
0
0
0
0
0
0
11
183
387
591
765
895
975
992
945
842
695
514
306
111
1
0
0
0
0
0
0
0
0
0
13
129
303
511
634
369
333
79
219
250
250
367
333
121
6
0
0
0
0
0
0
0
0
0
11
180
385
586
765
897
978
1005
962
864
713
526
316
118
2
0
0
0
0
0
0
0
0
0
11
176
371
569
742
870
950
971
927
834
694
509
305
115
2
0
0
0
0
0
0
0
0
0
13
192
400
603
781
917
995
1014
977
878
727
537
325
124
2
0
0
0
0
0
0
0
0
0
12
172
324
456
549
635
717
754
765
805
684
489
282
122
3
0
0
0
0
0
0
0
0
0
3
176
362
508
555
552
529
570
572
582
544
384
204
46
1
0
0
0
0
0
0
0
0
0
14
196
403
607
779
911
986
1000
958
859
711
521
315
121
1
0
0
0
0
0
0
0
0
0
9
130
278
406
525
653
720
707
684
646
514
386
232
80
1
0
0
0
0
0
0
0
0
0
14
189
391
589
756
885
959
980
936
839
696
514
309
119
2
0
0
0
0
0
0
0
0
0
13
158
280
405
602
836
706
924
728
590
504
400
193
84
1
0
0
0
0
0
0
0
0
0
23
190
306
452
756
1018
429
539
693
627
288
327
156
89
4
0
0
0
0
0
0
0
0
0
14
178
371
559
732
852
925
927
888
803
654
485
290
111
2
0
0
0
0
0
0
0
0
0
14
176
361
542
693
832
895
902
847
777
633
465
275
108
1
0
0
0
0
0
0
0
0
0
15
188
385
581
746
858
928
955
915
823
684
506
310
124
2
0
0
0
0
0
0
0
0
0
17
200
409
615
797
930
1005
1024
988
891
746
555
343
140
4
0
0
0
0
0
0
0
0
0
15
185
382
574
747
868
941
946
885
789
644
472
286
114
1
0
0
0
0
0
0
0
0
0
16
186
382
580
754
883
958
983
944
854
703
520
320
131
4
0
0
0
0
0
0
0
0
0
16
185
376
565
738
865
945
964
932
841
697
520
320
134
4
0
0
0
0
0
0
0
0
0
17
192
386
582
755
878
949
968
927
831
692
510
311
128
3
0
0
0
0
0
0
0
0
0
17
191
390
588
762
889
968
992
954
859
719
537
335
141
5
0
0
0
0
0
0
0
0
0
16
189
390
583
747
873
961
984
947
860
718
533
333
141
5
0
0
0
0
0
0
0
0
0
16
182
369
553
722
834
901
917
869
769
627
449
271
109
1
0
0
0
0
0
0
0
0
0
16
179
365
551
714
841
907
919
888
804
679
500
309
129
4
0
0
0
0
0
0
0
0
0
16
183
375
564
724
842
920
942
910
818
682
514
321
137
5
0
0
0
0
0
0
0
0
0
17
192
389
586
750
866
942
948
904
813
664
494
307
129
3
0
0
0
0
0
0
0
0
0
17
189
386
584
755
881
959
981
941
847
708
527
324
138
4
0
0
0
0
0
0
0
0
0
14
175
352
513
661
783
886
890
840
730
619
488
313
132
5
0
0
0
0
0
0
0
0
0
17
196
399
598
773
905
985
1006
968
873
729
547
343
147
5
0
0
0
0
0
0
0
0
0
16
183
377
567
736
870
944
960
930
842
706
528
330
141
5
0
0
0
0
0
0
0
0
0
15
181
352
538
671
793
871
928
885
805
685
504
305
132
4
0
0
0
0
0
0
0
0
0
16
182
370
560
730
852
923
940
900
812
678
513
323
140
6
0
0
0
0
0
0
0
0
0
13
160
335
514
701
832
903
917
879
803
670
488
304
135
5
0
0
0
0
0
0
0
0
0
15
175
369
556
722
856
933
940
910
820
677
509
319
134
5
0
0
0
0
0
0
0
0
0
16
167
348
528
686
807
858
884
866
767
640
477
297
130
5
0
0
0
0
0
0
0
0
0
15
181
366
564
729
859
938
961
929
827
679
498
307
129
3
0
0
0
0
0
0
0
0
0
14
167
347
527
698
820
881
883
870
796
671
517
327
145
8
0
0
0
0
0
0
0
0
0
14
167
345
520
680
807
890
914
886
811
690
519
329
147
8
0
0
0
0
0
0
0
0
0
14
179
376
575
747
883
968
991
967
875
725
544
342
150
7
0
0
0
0
0
0
0
0
0
13
166
351
536
703
841
911
935
887
806
674
513
328
147
8
0
0
0
0
0
0
0
0
0
12
165
355
533
693
821
888
922
885
808
694
527
332
149
9
0
0
0
0
0
0
0
0
0
6
138
310
515
656
809
911
802
685
611
529
356
231
106
2
0
0
0
0
0
0
0
0
0
12
149
306
468
580
716
832
829
834
774
611
426
257
107
2
0
0
0
0
0
0
0
0
0
13
177
372
562
724
854
928
951
921
829
688
502
313
131
3
0
0
0
0
0
0
0
0
0
12
173
368
562
733
862
946
977
946
855
709
530
333
145
6
0
0
0
0
0
0
0
0
0
10
160
327
507
673
810
876
906
877
805
673
510
329
143
8
0
0
0
0
0
0
0
0
0
12
173
366
566
740
878
963
992
957
868
730
550
353
156
8
0
0
0
0
0
0
0
0
0
12
192
407
621
807
945
1026
1046
1006
906
755
564
353
151
4
0
0
0
0
0
0
0
0
0
12
182
388
597
779
918
1006
1035
1005
916
778
590
380
168
8
0
0
0
0
0
0
0
0
0
11
184
391
596
775
908
990
1011
977
881
741
561
355
154
5
0
0
0
0
0
0
0
0
0
10
168
363
561
738
874
950
972
933
844
707
532
332
144
5
0
0
0
0
0
0
0
0
0
10
169
368
568
751
878
950
973
945
856
714
539
342
148
5
0
0
0
0
0
0
0
0
0
8
152
330
523
678
805
896
926
903
819
686
524
335
150
7
0
0
0
0
0
0
0
0
0
9
142
319
496
669
772
843
871
790
704
598
467
310
148
9
0
0
0
0
0
0
0
0
0
9
161
358
558
729
860
945
972
938
852
708
529
330
143
5
0
0
0
0
0
0
0
0
0
8
143
327
458
634
794
877
894
847
765
623
435
277
119
3
0
0
0
0
0
0
0
0
0
8
161
361
564
744
882
962
983
943
851
705
520
320
133
3
0
0
0
0
0
0
0
0
0
7
149
341
534
706
842
925
959
930
843
710
526
331
142
6
0
0
0
0
0
0
0
0
0
7
146
334
532
709
847
935
968
942
853
719
545
346
146
7
0
0
0
0
0
0
0
0
0
6
146
336
529
707
845
923
954
931
848
712
533
329
139
5
0
0
0
0
0
0
0
0
0
5
132
299
472
655
813
867
910
865
774
637
487
301
124
4
0
0
0
0
0
0
0
0
0
6
147
340
541
725
866
950
986
947
863
714
535
330
138
4
0
0
0
0
0
0
0
0
0
5
136
316
507
668
796
897
925
906
823
696
531
329
136
4
0
0
0
0
0
0
0
0
0
6
150
348
550
725
866
964
999
969
880
738
552
345
144
5
0
0
0
0
0
0
0
0
0
5
139
323
513
683
825
920
941
904
829
695
517
318
129
3
0
0
0
0
0
0
0
0
0
5
145
342
548
725
865
955
983
956
870
727
545
337
137
4
0
0
0
0
0
0
0
0
0
5
129
298
473
623
787
822
843
807
704
624
461
276
114
3
0
0
0
0
0
0
0
0
0
4
134
327
531
712
857
946
975
944
856
709
525
320
127
3
0
0
0
0
0
0
0
0
0
4
134
327
533
713
856
938
964
924
837
697
511
307
121
2
0
0
0
0
0
0
0
0
0
3
122
303
500
669
801
902
929
895
799
666
489
296
116
3
0
0
0
0
0
0
0
0
0
3
131
321
520
698
831
907
938
901
818
673
501
304
117
2
0
0
0
0
0
0
0
0
0
3
129
322
528
707
852
948
963
929
836
697
519
315
123
2
0
0
0
0
0
0
0
0
0
3
124
309
513
688
826
916
946
916
816
683
501
304
116
2
0
0
0
0
0
0
0
0
0
3
123
304
493
671
819
899
912
870
768
634
472
282
107
2
0
0
0
0
0
0
0
0
0
2
114
302
486
658
799
860
896
838
740
607
434
261
96
1
0
0
0
0
0
0
0
0
0
2
124
319
521
697
833
917
940
904
809
667
486
288
105
1
0
0
0
0
0
0
0
0
0
2
116
297
490
659
777
835
863
836
759
637
466
277
106
1
0
0
0
0
0
0
0
0
0
2
101
256
419
590
726
831
836
813
767
610
437
268
106
2
0
0
0
0
0
0
0
0
0
2
96
248
411
553
663
738
754
728
643
527
382
221
78
0
0
0
0
0
0
0
0
0
0
2
102
267
477
633
730
782
781
777
671
562
431
258
93
1
0
0
0
0
0
0
0
0
0
1
94
242
417
601
716
800
860
853
753
602
445
257
96
1
0
0
0
0
0
0
0
0
0
1
106
288
485
665
808
898
931
899
815
674
485
281
98
1
0
0
0
0
0
0
0
0
0
1
107
290
487
667
799
880
908
876
786
650
470
275
94
0
0
0
0
0
0
0
0
0
0
1
98
246
418
584
731
812
829
799
705
603
470
278
96
1
0
0
0
0
0
0
0
0
0
1
102
256
435
587
632
798
827
759
627
450
358
234
57
0
0
0
0
0
0
0
0
0
0
1
100
286
480
661
799
861
889
838
755
616
439
247
79
0
0
0
0
0
0
0
0
0
0
1
96
274
468
654
794
874
885
856
756
608
432
243
76
0
0
0
0
0
0
0
0
0
0
1
100
287
495
673
811
897
932
905
812
656
471
267
84
0
0
0
0
0
0
0
0
0
0
0
67
200
338
487
584
654
663
647
583
480
347
203
66
0
0
0
0
0
0
0
0
0
0
0
94
275
471
649
786
867
894
864
781
640
457
253
77
0
0
0
0
0
0
0
0
0
0
0
96
283
486
666
803
888
909
881
784
643
456
252
74
0
0
0
0
0
0
0
0
0
0
0
94
279
475
656
792
879
907
872
781
636
449
245
71
0
0
0
0
0
0
0
0
0
0
0
94
273
457
589
714
788
831
769
669
554
378
207
61
0
0
0
0
0
0
0
0
0
0
0
73
187
262
492
568
610
742
624
628
568
459
264
69
0
0
0
0
0
0
0
0
0
0
0
81
252
443
613
745
822
845
812
721
582
407
217
29
0
0
0
0
0
0
0
0
0
0
0
85
235
425
561
726
754
768
677
615
514
354
217
37
0
0
0
0
0
0
0
0
0
0
0
88
279
492
680
822
908
937
894
785
634
441
232
25
0
0
0
0
0
0
0
0
0
0
0
79
246
410
614
705
812
817
786
682
571
402
206
22
0
0
0
0
0
0
0
0
0
0
0
80
262
460
635
776
861
885
853
762
614
433
227
26
0
0
0
0
0
0
0
0
0
0
0
82
268
478
658
792
881
910
864
765
609
418
212
18
0
0
0
0
0
0
0
0
0
0
0
78
258
459
642
780
869
897
861
762
610
422
215
20
0
0
0
0
0
0
0
0
0
0
0
76
256
458
646
775
848
863
824
726
578
395
200
16
0
0
0
0
0
0
0
0
0
0
0
75
258
467
646
778
850
868
828
733
582
400
199
14
0
0
0
0
0
0
0
0
0
0
0
75
259
468
658
804
899
927
889
790
626
427
214
18
0
0
0
0
0
0
0
0
0
0
0
69
216
421
567
700
738
784
681
651
463
318
166
12
0
0
0
0
0
0
0
0
0
0
0
70
246
439
629
772
850
879
841
748
606
413
207
17
0
0
0
0
0
0
0
0
0
0
0
68
232
413
580
703
793
840
808
704
552
365
175
10
0
0
0
0
0
0
0
0
0
0
0
70
254
463
655
802
885
902
856
750
587
390
185
10
0
0
0
0
0
0
0
0
0
0
0
67
246
452
626
761
833
857
814
719
568
380
177
8
0
0
0
0
0
0
0
0
0
0
0
28
227
424
593
732
807
826
779
681
536
347
162
8
0
0
0
0
0
0
0
0
0
0
0
33
253
468
657
804
888
917
876
769
602
401
187
9
0
0
0
0
0
0
0
0
0
0
0
29
242
447
630
770
862
883
841
741
580
380
174
7
0
0
0
0
0
0
0
0
0
0
0
27
216
399
569
688
771
793
768
662
510
323
148
8
0
0
0
0
0
0
0
0
0
0
0
5
47
37
246
324
635
350
552
721
648
412
97
2
0
0
0
0
0
0
0
0
0
0
0
15
117
259
344
569
702
594
558
516
431
334
171
10
0
0
0
0
0
0
0
0
0
0
0
20
172
302
446
489
516
578
499
465
366
227
89
2
0
0
0
0
0
0
0
0
0
0
0
22
194
373
520
624
695
721
698
602
456
286
117
1
0
0
0
0
0
0
0
0
0
0
0
8
125
104
179
457
551
609
560
641
632
123
113
7
0
0
0
0
0
0
0
0
0
0
0
18
174
324
456
530
563
596
571
473
367
230
89
1
0
0
0
0
0
0
0
0
0
0
0
12
117
362
319
527
259
477
421
462
179
27
22
1
0
0
0
0
0
0
0
0
0
0
0
15
166
317
456
573
613
599
575
517
406
247
95
1
0
0
0
0
0
0
0
0
0
0
0
13
175
340
506
633
705
691
647
550
446
258
99
1
0
0
0
0
0
0
0
0
0
0
0
20
155
236
413
574
600
663
534
562
489
333
101
2
0
0
0
0
0
0
0
0
0
0
0
20
231
445
638
776
858
880
832
716
547
342
132
1
0
0
0
0
0
0
0
0
0
0
0
16
200
386
552
677
747
759
713
613
463
283
105
1
0
0
0
0
0
0
0
0
0
0
0
14
183
354
512
622
687
698
659
561
425
260
93
0
0
0
0
0
0
0
0
0
0
0
0
16
188
365
527
643
715
733
702
586
440
261
93
0
0
0
0
0
0
0
0
0
0
0
0
15
207
410
593
732
808
822
775
665
504
307
109
1
0
0
0
0
0
0
0
0
0
0
0
11
126
332
451
567
657
670
691
626
399
195
60
0
0
0
0
0
0
0
0
0
0
0
0
14
213
421
605
744
823
835
785
666
493
290
96
0
0
0
0
0
0
0
0
0
0
0
0
10
157
360
550
636
714
699
630
477
368
219
65
0
0
0
0
0
0
0
0
0
0
0
0
6
159
327
501
706
644
637
527
439
287
206
85
0
0
0
0
0
0
0
0
0
0
0
0
12
195
400
589
725
811
825
771
654
484
282
89
0
0
0
0
0
0
0
0
0
0
0
0
11
199
405
590
723
802
808
755
636
464
267
79
0
0
0
0
0
0
0
0
0
0
0
0
10
174
359
519
647
715
740
685
580
429
251
74
0
0
0
0
0
0
0
0
0
0
0
0
10
175
363
530
666
741
744
688
588
431
239
69
0
0
0
0
0
0
0
0
0
0
0
0
5
155
323
478
565
690
621
632
550
390
200
26
0
0
0
0
0
0
0
0
0
0
0
0
14
88
217
269
538
806
791
636
329
180
199
20
0
0
0
0
0
0
0
0
0
0
0
0
8
164
354
522
648
724
740
690
596
441
242
34
0
0
0
0
0
0
0
0
0
0
0
0
8
177
380
560
699
775
785
730
613
443
244
29
0
0
0
0
0
0
0
0
0
0
0
0
7
178
374
551
680
755
761
708
596
429
232
24
0
0
0
0
0
0
0
0
0
0
0
0
7
177
379
561
701
778
793
733
614
440
238
24
0
0
0
0
0
0
0
0
0
0
0
0
6
168
366
548
685
760
768
720
599
432
235
25
0
0
0
0
0
0
0
0
0
0
0
0
2
100
261
384
444
597
520
561
482
341
187
4
0
0
0
0
0
0
0
0
0
0
0
0
3
101
254
412
486
513
511
467
373
312
110
4
0
0
0
0
0
0
0
0
0
0
0
0
5
159
358
533
662
736
746
685
564
394
201
15
0
0
0
0
0
0
0
0
0
0
0
0
1
67
191
306
390
426
455
366
280
214
127
14
0
0
0
0
0
0
0
0
0
0
0
0
1
76
210
285
383
480
512
538
516
405
205
29
0
0
0
0
0
0
0
0
0
0
0
0
4
150
339
514
644
714
720
670
547
374
186
11
0
0
0
0
0
0
0
0
0
0
0
0
3
124
288
418
505
562
548
465
347
250
116
3
0
0
0
0
0
0
0
0
0
0
0
0
1
74
213
316
415
446
465
416
350
237
117
9
0
0
0
0
0
0
0
0
0
0
0
0
2
109
272
397
522
607
658
606
430
281
104
2
0
0
0
0
0
0
0
0
0
0
0
0
1
93
220
335
415
506
490
464
377
272
137
5
0
0
0
0
0
0
0
0
0
0
0
0
9
141
341
410
377
359
462
438
312
179
154
13
0
0
0
0
0
0
0
0
0
0
0
0
2
127
325
414
544
492
524
434
305
236
115
2
0
0
0
0
0
0
0
0
0
0
0
0
2
113
273
416
510
565
575
561
436
283
128
2
0
0
0
0
0
0
0
0
0
0
0
0
2
118
294
468
587
650
649
609
502
343
162
8
0
0
0
0
0
0
0
0
0
0
0
0
2
124
310
483
614
685
689
632
514
346
157
5
0
0
0
0
0
0
0
0
0
0
0
0
1
121
303
474
598
675
682
621
503
335
151
4
0
0
0
0
0
0
0
0
0
0
0
0
1
32
85
200
364
473
581
394
394
267
170
5
0
0
0
0
0
0
0
0
0
0
0
0
1
99
246
394
547
602
600
551
433
297
128
3
0
0
0
0
0
0
0
0
0
0
0
0
1
108
287
452
583
656
671
614
492
332
148
5
0
0
0
0
0
0
0
0
0
0
0
0
1
96
263
431
556
616
594
575
445
285
112
1
0
0
0
0
0
0
0
0
0
0
0
0
0
98
271
431
548
628
638
562
454
298
125
2
0
0
0
0
0
0
0
0
0
0
0
0
0
94
258
423
544
619
621
564
471
304
132
3
0
0
0
0
0
0
0
0
0
0
0
0
0
96
265
424
550
614
629
575
456
305
129
2
0
0
0
0
0
0
0
0
0
0
0
0
0
94
267
409
541
606
602
548
448
302
132
2
0
0
0
0
0
0
0
0
0
0
0
0
0
92
264
409
538
595
605
571
455
289
116
1
0
0
0
0
0
0
0
0
0
0
0
0
0
81
239
388
496
552
556
501
399
254
102
1
0
0
0
0
0
0
0
0
0
0
0
0
0
69
203
333
436
508
514
460
360
231
90
1
0
0
0
0
0
0
0
0
0
0
0
0
0
80
231
393
508
560
574
485
391
263
111
1
0
0
0
0
0
0
0
0
0
0
0
0
0
69
175
272
431
501
442
432
342
221
129
3
0
0
0
0
0
0
0
0
0
0
0
0
0
73
226
383
510
572
597
542
441
288
112
1
0
0
0
0
0
0
0
0
0
0
0
0
0
40
185
195
201
151
222
374
461
181
113
5
0
0
0
0
0
0
0
0
0
0
0
0
0
66
249
348
407
249
374
310
76
28
20
0
0
0
0
0
0
0
0
0
0
0
0
0
0
75
237
395
517
595
604
549
433
270
101
0
0
0
0
0
0
0
0
0
0
0
0
0
0
75
247
416
545
617
628
564
446
283
105
0
0
0
0
0
0
0
0
0
0
0
0
0
0
68
229
392
514
588
603
545
431
273
101
0
0
0
0
0
0
0
0
0
0
0
0
0
0
62
212
362
477
539
545
494
390
245
90
0
0
0
0
0
0
0
0
0
0
0
0
0
0
49
226
313
352
608
511
310
294
180
22
0
0
0
0
0
0
0
0
0
0
0
0
0
0
26
191
299
423
535
563
493
409
240
73
0
0
0
0
0
0
0
0
0
0
0
0
0
0
27
211
367
479
553
569
520
410
251
90
0
0
0
0
0
0
0
0
0
0
0
0
0
0
28
226
390
523
596
601
540
425
260
91
0
0
0
0
0
0
0
0
0
0
0
0
0
0
25
215
378
502
572
575
517
415
259
93
0
0
0
0
0
0
0
0
0
0
0
0
0
0
15
168
324
490
579
534
441
325
187
53
0
0
0
0
0
0
0
0
0
0
0
0
0
0
15
140
340
316
373
520
489
289
195
55
0
0
0
0
0
0
0
0
0
0
0
0
0
0
22
166
307
383
499
450
471
277
127
54
0
0
0
0
0
0
0
0
0
0
0
0
0
0
19
184
350
476
537
525
453
338
211
70
0
0
0
0
0
0
0
0
0
0
0
0
0
0
18
189
339
467
537
539
482
364
220
71
0
0
0
0
0
0
0
0
0
0
0
0
0
0
18
196
355
479
549
560
508
406
250
84
0
0
0
0
0
0
0
0
0
0
0
0
0
0
17
201
366
491
565
571
518
408
251
86
0
0
0
0
0
0
0
0
0
0
0
0
0
0
16
194
361
491
564
573
523
414
257
87
0
0
0
0
0
0
0
0
0
0
0
0
0
0
14
183
338
458
526
543
490
383
235
77
0
0
0
0
0
0
0
0
0
0
0
0
0
0
14
179
341
463
535
558
502
399
248
83
0
0
0
0
0
0
0
0
0
0
0
0
0
0
3
35
62
83
89
97
85
68
40
13
0
0
0
0
0
0
0
0
0
0
0
0
0
0
3
43
148
155
138
139
241
167
84
25
0
0
0
0
0
0
0
0
0
0
0
0
0
0
3
70
207
306
299
347
373
244
145
39
0
0
0
0
0
0
0
0
0
0
0
0
0
0
8
148
270
375
444
490
415
355
231
73
0
0
0
0
0
0
0
0
0
0
0
0
0
0
9
155
287
413
419
433
387
301
215
81
0
0
0
0
0
0
0
0
0
0
0
0
0
0
9
168
329
460
531
541
493
389
239
79
0
0
0
0
0
0
0
0
0
0
0
0
0
0
9
121
225
284
396
332
288
114
22
9
0
0
0
0
0
0
0
0
0
0
0
0
0
0
7
149
245
380
413
408
374
304
218
80
0
0
0
0
0
0
0
0
0
0
0
0
0
0
3
133
320
392
464
458
404
313
144
46
0
0
0
0
0
0
0
0
0
0
0
0
0
0
7
160
323
450
530
544
491
387
231
74
0
0
0
0
0
0
0
0
0
0
0
0
0
0
5
143
281
392
456
453
417
354
232
74
0
0
0
0
0
0
0
0
0
0
0
0
0
0
6
133
268
379
455
476
440
366
222
72
0
0
0
0
0
0
0
0
0
0
0
0
0
0
6
151
315
442
510
524
474
364
223
72
0
0
0
0
0
0
0
0
0
0
0
0
0
0
6
145
294
419
476
495
446
358
211
70
0
0
0
0
0
0
0
0
0
0
0
0
0
0
4
117
274
391
383
447
386
334
156
38
0
0
0
0
0
0
0
0
0
0
0
0
0
0
4
133
281
406
481
511
473
370
221
74
0
0
0
0
0
0
0
0
0
0
0
0
0
0
3
121
161
121
205
395
455
416
244
84
0
0
0
0
0
0
0
0
0
0
0
0
0
0
2
119
255
415
446
475
411
346
217
85
0
0
0
0
0
0
0
0
0
0
0
0
0
0
1
131
273
346
374
449
399
354
248
84
0
0
0
0
0
0
0
0
0
0
0
0
0
0
3
125
294
434
497
449
335
235
125
35
0
0
0
0
0
0
0
0
0
0
0
0
0
0
4
141
301
436
514
533
492
393
241
81
0
0
0
0
0
0
0
0
0
0
0
0
0
0
2
123
278
390
462
484
441
352
220
77
0
0
0
0
0
0
0
0
0
0
0
0
0
0
3
130
287
416
497
515
478
374
233
80
0
0
0
0
0
0
0
0
0
0
0
0
0
0
5
75
156
255
327
406
510
416
253
84
0
0
0
0
0
0
0
0
0
0
0
0
0
0
2
111
256
359
432
502
478
354
227
76
0
0
0
0
0
0
0
0
0
0
0
0
0
0
4
46
149
261
214
177
313
286
252
85
0
0
0
0
0
0
0
0
0
0
0
0
0
0
1
59
159
286
321
407
393
352
198
74
0
0
0
0
0
0
0
0
0
0
0
0
0
0
1
88
204
303
354
381
365
294
182
66
0
0
0
0
0
0
0
0
0
0
0
0
0
0
5
66
101
125
117
382
339
265
260
94
3
0
0
0
0
0
0
0
0
0
0
0
0
0
2
108
248
362
437
460
426
337
211
77
0
0
0
0
0
0
0
0
0
0
0
0
0
0
2
110
262
382
461
476
432
370
246
93
1
0
0
0
0
0
0
0
0
0
0
0
0
0
1
95
240
349
407
384
333
264
176
77
0
0
0
0
0
0
0