0
0
0
0
0
0
0
1
57
139
207
226
253
235
217
144
64
1
0
0
0
0
0
0
0
0
0
0
0
0
0
1
144
296
389
367
391
397
330
314
159
9
0
0
0
0
0
0
0
0
0
0
0
0
0
2
123
286
425
524
553
529
447
315
153
5
0
0
0
0
0
0
0
0
0
0
0
0
0
1
118
284
423
516
550
527
447
313
155
6
0
0
0
0
0
0
0
0
0
0
0
0
0
2
109
267
406
501
540
515
425
306
145
4
0
0
0
0
0
0
0
0
0
0
0
0
0
2
131
311
466
568
606
578
489
339
161
5
0
0
0
0
0
0
0
0
0
0
0
0
0
2
127
300
450
545
591
565
477
334
163
6
0
0
0
0
0
0
0
0
0
0
0
0
0
1
104
258
427
485
503
506
414
274
127
3
0
0
0
0
0
0
0
0
0
0
0
0
0
1
116
281
415
492
539
511
455
311
146
5
0
0
0
0
0
0
0
0
0
0
0
0
0
2
136
324
487
596
639
613
525
376
189
9
0
0
0
0
0
0
0
0
0
0
0
0
0
1
109
266
411
505
535
523
436
294
146
8
0
0
0
0
0
0
0
0
0
0
0
0
0
2
129
306
460
562
610
585
496
355
179
9
0
0
0
0
0
0
0
0
0
0
0
0
0
1
110
262
360
486
531
531
444
312
153
6
0
0
0
0
0
0
0
0
0
0
0
0
0
2
142
334
498
606
647
618
523
372
187
8
0
0
0
0
0
0
0
0
0
0
0
0
0
2
127
293
439
529
564
558
472
333
177
13
0
0
0
0
0
0
0
0
0
0
0
0
0
1
122
292
436
530
567
548
459
328
181
9
0
0
0
0
0
0
0
0
0
0
0
0
0
2
133
313
467
576
621
602
524
383
202
14
0
0
0
0
0
0
0
0
0
0
0
0
0
1
105
246
362
475
522
518
486
367
207
23
0
0
0
0
0
0
0
0
0
0
0
0
0
2
129
302
457
559
591
571
488
351
184
12
0
0
0
0
0
0
0
0
0
0
0
0
0
2
128
303
416
475
484
504
459
348
170
12
0
0
0
0
0
0
0
0
0
0
0
0
0
2
124
287
435
527
571
564
470
362
201
19
0
0
0
0
0
0
0
0
0
0
0
0
0
2
143
333
498
609
654
633
547
402
219
18
0
0
0
0
0
0
0
0
0
0
0
0
0
2
149
339
499
608
657
643
559
415
231
21
0
0
0
0
0
0
0
0
0
0
0
0
0
3
159
360
531
647
697
674
581
431
239
21
0
0
0
0
0
0
0
0
0
0
0
0
0
2
133
300
454
559
587
543
486
370
216
25
0
0
0
0
0
0
0
0
0
0
0
0
0
3
147
333
491
601
649
633
554
415
232
25
0
0
0
0
0
0
0
0
0
0
0
0
0
3
117
284
426
471
505
469
368
268
144
5
0
0
0
0
0
0
0
0
0
0
0
0
0
3
108
246
283
424
447
489
406
381
217
5
0
0
0
0
0
0
0
0
0
0
0
0
0
3
140
317
469
571
632
610
531
395
225
25
0
0
0
0
0
0
0
0
0
0
0
0
0
3
131
305
437
539
544
515
458
361
190
16
0
0
0
0
0
0
0
0
0
0
0
0
0
3
128
292
422
525
574
544
526
382
222
33
0
0
0
0
0
0
0
0
0
0
0
0
0
4
140
322
442
547
597
533
485
374
211
26
0
0
0
0
0
0
0
0
0
0
0
0
0
2
103
230
346
435
469
455
394
267
136
7
0
0
0
0
0
0
0
0
0
0
0
0
0
2
114
232
359
419
460
477
423
323
183
27
0
0
0
0
0
0
0
0
0
0
0
0
0
5
129
294
436
519
568
554
479
349
215
58
0
0
0
0
0
0
0
0
0
0
0
0
0
5
157
336
491
596
646
635
558
425
239
73
0
0
0
0
0
0
0
0
0
0
0
0
0
19
173
371
292
411
399
538
501
139
111
34
0
0
0
0
0
0
0
0
0
0
0
0
0
2
64
200
221
169
280
399
510
512
301
94
0
0
0
0
0
0
0
0
0
0
0
0
0
2
116
85
396
616
488
489
264
264
67
26
0
0
0
0
0
0
0
0
0
0
0
0
0
6
168
349
503
596
645
637
561
434
254
80
0
0
0
0
0
0
0
0
0
0
0
0
0
8
86
171
178
207
209
244
168
152
104
45
0
0
0
0
0
0
0
0
0
0
0
0
0
5
61
328
610
681
796
478
236
108
23
8
0
0
0
0
0
0
0
0
0
0
0
0
0
9
186
377
544
661
713
710
624
489
304
106
0
0
0
0
0
0
0
0
0
0
0
0
0
22
106
309
325
772
524
163
108
184
120
116
0
0
0
0
0
0
0
0
0
0
0
0
0
3
87
187
246
307
357
358
294
220
131
44
0
0
0
0
0
0
0
0
0
0
0
0
0
3
51
184
437
460
468
416
375
226
253
122
2
0
0
0
0
0
0
0
0
0
0
0
0
6
112
134
550
667
519
533
526
240
110
76
1
0
0
0
0
0
0
0
0
0
0
0
0
13
204
397
556
662
711
688
610
473
299
110
0
0
0
0
0
0
0
0
0
0
0
0
0
11
169
324
458
544
592
579
517
395
251
92
0
0
0
0
0
0
0
0
0
0
0
0
0
16
239
425
542
724
803
822
730
571
362
137
3
0
0
0
0
0
0
0
0
0
0
0
0
17
225
428
597
711
764
743
658
515
330
126
1
0
0
0
0
0
0
0
0
0
0
0
0
17
219
424
592
717
768
749
666
523
332
126
1
0
0
0
0
0
0
0
0
0
0
0
0
17
216
412
573
691
747
741
665
517
326
128
1
0
0
0
0
0
0
0
0
0
0
0
0
17
191
355
490
609
645
611
532
414
259
98
1
0
0
0
0
0
0
0
0
0
0
0
0
18
202
377
519
621
664
646
573
444
280
109
1
0
0
0
0
0
0
0
0
0
0
0
0
24
249
458
635
752
803
787
701
547
348
137
1
0
0
0
0
0
0
0
0
0
0
0
0
20
216
396
540
652
715
690
617
491
314
128
1
0
0
0
0
0
0
0
0
0
0
0
0
23
206
385
523
621
673
706
632
487
305
130
2
0
0
0
0
0
0
0
0
0
0
0
0
27
248
450
614
734
777
758
669
526
338
135
1
0
0
0
0
0
0
0
0
0
0
0
0
30
259
470
647
763
814
795
710
559
359
148
2
0
0
0
0
0
0
0
0
0
0
0
0
32
255
460
630
749
806
792
708
563
368
157
4
0
0
0
0
0
0
0
0
0
0
0
0
35
265
470
633
748
792
770
683
540
351
146
2
0
0
0
0
0
0
0
0
0
0
0
0
34
259
454
620
734
783
763
678
532
350
151
3
0
0
0
0
0
0
0
0
0
0
0
0
51
168
276
418
477
709
592
467
458
401
172
11
0
0
0
0
0
0
0
0
0
0
0
0
81
279
490
664
779
829
809
722
570
372
159
3
0
0
0
0
0
0
0
0
0
0
0
0
85
285
492
659
775
824
804
714
567
370
161
3
0
0
0
0
0
0
0
0
0
0
0
0
84
277
458
614
717
757
749
664
531
354
157
4
0
0
0
0
0
0
0
0
0
0
0
0
68
205
310
413
499
556
541
465
386
252
114
2
0
0
0
0
0
0
0
0
0
0
0
0
75
283
433
599
668
683
627
571
468
320
142
2
0
0
0
0
0
0
0
0
0
0
0
0
100
299
498
661
767
815
800
715
571
383
176
6
0
0
0
0
0
0
0
0
0
0
0
0
100
302
497
657
748
796
767
680
544
364
165
5
0
0
0
0
0
0
0
0
0
0
0
0
114
329
537
704
815
860
834
748
601
401
184
5
0
0
0
0
0
0
0
0
0
0
0
1
86
232
423
564
637
810
632
410
195
278
140
14
0
0
0
0
0
0
0
0
0
0
0
0
95
277
460
598
693
757
745
657
543
357
166
8
0
0
0
0
0
0
0
0
0
0
0
1
96
269
446
594
700
758
757
646
522
347
171
9
0
0
0
0
0
0
0
0
0
0
0
1
128
345
557
725
838
882
862
771
618
421
199
9
0
0
0
0
0
0
0
0
0
0
0
1
120
322
522
682
780
815
799
704
563
384
182
7
0
0
0
0
0
0
0
0
0
0
0
1
126
332
530
688
797
838
815
726
577
395
189
9
0
0
0
0
0
0
0
0
0
0
0
1
139
356
565
734
844
893
869
778
625
424
206
10
0
0
0
0
0
0
0
0
0
0
0
1
114
297
498
771
881
886
946
847
682
466
225
35
0
0
0
0
0
0
0
0
0
0
0
2
134
335
525
681
799
848
829
747
606
415
202
12
0
0
0
0
0
0
0
0
0
0
0
2
178
428
673
786
429
489
563
475
421
303
185
17
0
0
0
0
0
0
0
0
0
0
0
2
144
334
381
520
710
767
559
527
271
224
78
3
0
0
0
0
0
0
0
0
0
0
0
1
93
209
339
354
301
455
588
578
594
471
201
15
0
0
0
0
0
0
0
0
0
0
0
3
72
279
341
555
629
537
829
508
421
227
144
7
0
0
0
0
0
0
0
0
0
0
0
1
66
153
257
349
384
386
376
398
270
186
89
3
0
0
0
0
0
0
0
0
0
0
0
4
161
367
561
714
823
846
818
729
595
406
202
12
0
0
0
0
0
0
0
0
0
0
0
5
156
359
541
692
789
821
815
728
592
402
201
13
0
0
0
0
0
0
0
0
0
0
0
6
185
410
620
787
891
929
904
810
653
449
225
14
0
0
0
0
0
0
0
0
0
0
0
7
181
398
599
755
859
901
871
782
638
445
226
17
0
0
0
0
0
0
0
0
0
0
0
2
148
291
400
448
437
506
566
451
362
293
181
25
0
0
0
0
0
0
0
0
0
0
0
2
99
246
302
349
458
702
536
571
551
351
266
47
0
0
0
0
0
0
0
0
0
0
0
10
211
443
653
815
918
956
927
835
678
471
243
18
0
0
0
0
0
0
0
0
0
0
0
11
218
447
653
817
924
960
929
834
677
475
249
20
0
0
0
0
0
0
0
0
0
0
0
12
214
432
620
778
875
909
876
774
624
439
228
16
0
0
0
0
0
0
0
0
0
0
0
11
185
361
462
567
707
760
749
660
578
355
180
12
0
0
0
0
0
0
0
0
0
0
0
5
108
209
290
392
432
483
490
447
347
208
89
5
0
0
0
0
0
0
0
0
0
0
0
14
207
418
613
769
869
909
884
801
649
459
248
26
0
0
0
0
0
0
0
0
0
0
0
17
236
467
676
837
940
975
945
849
693
488
260
25
0
0
0
0
0
0
0
0
0
0
0
17
204
399
587
716
821
836
829
730
599
416
226
25
0
0
0
0
0
0
0
0
0
0
0
18
214
414
596
736
827
860
851
763
624
440
243
27
0
0
0
0
0
0
0
0
0
0
0
20
230
432
614
749
831
861
833
744
617
440
239
26
0
0
0
0
0
0
0
0
0
0
0
23
240
455
656
803
903
945
918
830
680
488
268
34
0
0
0
0
0
0
0
0
0
0
0
24
239
453
651
805
897
938
916
824
671
478
257
31
0
0
0
0
0
0
0
0
0
0
0
26
244
459
657
807
904
938
911
811
661
470
252
29
0
0
0
0
0
0
0
0
0
0
0
24
177
327
444
515
597
666
616
564
449
305
142
6
0
0
0
0
0
0
0
0
0
0
0
29
255
316
388
447
644
507
773
574
673
357
172
23
0
0
0
0
0
0
0
0
0
0
0
28
219
421
572
710
827
864
821
741
606
422
233
30
0
0
0
0
0
0
0
0
0
0
0
34
258
474
667
818
908
947
913
815
670
471
259
34
0
0
0
0
0
0
0
0
0
0
0
70
249
444
609
758
850
855
820
754
615
458
262
38
0
0
0
0
0
0
0
0
0
0
0
65
259
463
613
764
791
851
801
701
540
357
182
45
0
0
0
0
0
0
0
0
0
0
0
80
281
507
711
866
964
1003
967
866
709
504
278
78
0
0
0
0
0
0
0
0
0
0
0
80
277
501
701
853
949
985
955
853
698
503
281
81
0
0
0
0
0
0
0
0
0
0
0
83
281
501
699
845
941
972
938
841
687
489
271
77
0
0
0
0
0
0
0
0
0
0
0
81
264
467
649
796
893
925
905
827
690
503
290
89
0
0
0
0
0
0
0
0
0
0
0
84
209
339
530
687
802
819
649
637
536
434
275
93
0
0
0
0
0
0
0
0
0
0
0
16
292
319
140
524
723
1114
709
326
63
46
162
43
0
0
0
0
0
0
0
0
0
0
0
85
273
478
650
807
898
932
902
806
663
479
271
83
0
0
0
0
0
0
0
0
0
0
0
89
276
480
663
805
886
912
886
786
641
463
256
77
0
0
0
0
0
0
0
0
0
0
0
63
225
310
447
481
547
641
710
735
686
502
331
103
1
0
0
0
0
0
0
0
0
0
0
94
286
492
665
807
882
894
857
767
639
459
263
82
0
0
0
0
0
0
0
0
0
0
0
105
313
532
727
877
965
989
947
843
691
491
277
85
0
0
0
0
0
0
0
0
0
0
0
112
324
549
747
898
992
1021
984
885
728
529
305
98
0
0
0
0
0
0
0
0
0
0
1
109
310
521
706
849
932
964
922
827
678
490
283
92
0
0
0
0
0
0
0
0
0
0
0
99
275
481
645
784
877
900
871
779
648
469
276
92
0
0
0
0
0
0
0
0
0
0
1
116
321
538
731
880
972
997
966
868
721
528
310
105
0
0
0
0
0
0
0
0
0
0
1
114
314
524
710
857
952
984
954
865
715
524
307
105
0
0
0
0
0
0
0
0
0
0
1
108
299
500
679
819
911
935
903
816
675
492
286
97
0
0
0
0
0
0
0
0
0
0
1
54
213
350
368
435
420
437
444
459
328
218
28
28
0
0
0
0
0
0
0
0
0
0
1
113
302
503
677
812
896
921
887
795
654
476
277
95
0
0
0
0
0
0
0
0
0
0
1
107
321
590
796
922
646
579
591
583
459
315
167
53
0
0
0
0
0
0
0
0
0
0
2
129
338
555
746
899
995
1024
995
902
749
551
328
118
1
0
0
0
0
0
0
0
0
0
2
128
334
549
739
881
965
995
964
864
716
525
311
111
1
0
0
0
0
0
0
0
0
0
2
128
329
537
719
863
949
978
945
856
709
521
314
115
1
0
0
0
0
0
0
0
0
0
6
99
376
392
398
340
465
714
856
529
294
225
206
41
1
0
0
0
0
0
0
0
0
0
1
50
49
151
340
371
175
694
904
970
759
590
308
83
3
0
0
0
0
0
0
0
0
0
2
118
304
495
661
798
880
892
879
786
658
492
295
112
1
0
0
0
0
0
0
0
0
0
2
119
297
478
638
763
840
865
833
747
621
458
274
102
1
0
0
0
0
0
0
0
0
0
1
90
28
46
61
73
80
262
622
885
821
545
255
135
9
0
0
0
0
0
0
0
0
0
2
130
315
510
673
778
839
842
821
740
629
465
287
113
2
0
0
0
0
0
0
0
0
0
2
88
273
412
596
725
828
864
897
795
630
452
277
101
1
0
0
0
0
0
0
0
0
0
7
161
390
633
844
883
471
445
699
426
523
277
200
35
1
0
0
0
0
0
0
0
0
0
3
137
331
532
708
849
936
961
932
838
695
519
313
122
2
0
0
0
0
0
0
0
0
0
3
138
328
530
693
834
917
935
894
819
675
508
313
123
2
0
0
0
0
0
0
0
0
0
4
134
318
499
655
777
833
860
837
758
630
472
282
109
1
0
0
0
0
0
0
0
0
0
4
117
270
430
555
670
742
759
754
675
559
419
246
100
1
0
0
0
0
0
0
0
0
0
4
151
354
559
742
879
965
997
966
884
743
561
351
144
3
0
0
0
0
0
0
0
0
0
4
139
331
528
702
842
926
955
936
852
712
537
335
138
4
0
0
0
0
0
0
0
0
0
5
142
336
539
708
827
909
937
903
825
685
514
317
129
3
0
0
0
0
0
0
0
0
0
4
138
326
523
689
820
907
939
911
825
694
521
328
138
4
0
0
0
0
0
0
0
0
0
5
144
336
533
707
841
928
958
932
857
726
552
351
149
5
0
0
0
0
0
0
0
0
0
5
143
338
536
713
842
927
955
920
838
698
522
319
132
3
0
0
0
0
0
0
0
0
0
5
154
362
578
766
914
1005
1037
1006
917
773
582
362
152
5
0
0
0
0
0
0
0
0
0
4
134
302
479
585
637
722
835
750
755
611
447
323
142
7
0
0
0
0
0
0
0
0
0
6
161
372
589
777
921
1003
1027
991
893
744
555
344
141
3
0
0
0
0
0
0
0
0
0
5
146
345
545
725
865
956
982
960
878
744
566
357
155
6
0
0
0
0
0
0
0
0
0
5
150
352
562
750
898
985
1013
990
897
753
569
358
154
5
0
0
0
0
0
0
0
0
0
6
157
364
577
766
906
994
1024
991
900
754
566
352
148
4
0
0
0
0
0
0
0
0
0
6
151
347
543
718
852
935
959
935
850
718
541
338
146
4
0
0
0
0
0
0
0
0
0
5
142
326
512
684
814
905
950
935
854
725
551
351
157
7
0
0
0
0
0
0
0
0
0
6
159
367
579
768
908
998
1026
996
900
757
570
357
153
5
0
0
0
0
0
0
0
0
0
5
143
333
523
699
833
884
914
881
816
685
514
313
134
3
0
0
0
0
0
0
0
0
0
5
142
326
521
685
811
909
950
922
846
714
543
348
155
7
0
0
0
0
0
0
0
0
0
6
135
311
499
672
788
847
901
870
776
648
505
320
142
7
0
0
0
0
0
0
0
0
0
6
154
353
558
746
884
969
1000
970
881
743
560
356
157
6
0
0
0
0
0
0
0
0
0
5
143
332
531
697
825
914
945
914
836
710
531
340
151
7
0
0
0
0
0
0
0
0
0
5
147
343
541
710
835
912
943
911
838
704
526
335
147
6
0
0
0
0
0
0
0
0
0
6
151
348
548
731
867
953
982
957
870
735
556
358
160
7
0
0
0
0
0
0
0
0
0
5
145
339
541
721
865
952
975
952
860
719
542
342
147
5
0
0
0
0
0
0
0
0
0
5
144
339
543
724
859
948
977
950
870
747
568
364
161
8
0
0
0
0
0
0
0
0
0
5
147
344
543
727
862
941
970
941
859
725
553
349
152
5
0
0
0
0
0
0
0
0
0
5
145
340
544
712
852
939
967
931
846
693
521
330
143
5
0
0
0
0
0
0
0
0
0
5
138
329
519
690
818
901
938
916
830
694
518
331
145
6
0
0
0
0
0
0
0
0
0
5
123
274
452
597
717
801
798
753
689
594
451
274
116
2
0
0
0
0
0
0
0
0
0
4
157
371
576
795
923
505
445
478
519
353
246
136
57
2
0
0
0
0
0
0
0
0
0
4
123
291
440
631
726
817
808
822
798
632
452
268
115
4
0
0
0
0
0
0
0
0
0
5
148
353
567
757
904
995
1033
1008
918
775
589
376
169
8
0
0
0
0
0
0
0
0
0
2
114
280
475
606
759
824
846
719
734
617
465
288
142
12
0
0
0
0
0
0
0
0
0
3
122
287
462
626
750
870
937
888
790
624
458
281
120
3
0
0
0
0
0
0
0
0
0
4
134
327
522
701
837
906
931
913
834
697
518
321
142
4
0
0
0
0
0
0
0
0
0
4
133
323
527
714
852
935
962
947
861
732
560
364
164
9
0
0
0
0
0
0
0
0
0
4
139
334
542
726
870
963
997
970
887
753
567
361
161
8
0
0
0
0
0
0
0
0
0
4
142
345
560
749
894
990
1025
994
909
765
578
367
164
7
0
0
0
0
0
0
0
0
0
3
135
332
539
724
872
968
1002
978
895
755
573
368
166
8
0
0
0
0
0
0
0
0
0
4
134
326
531
716
854
948
983
964
879
743
565
365
165
8
0
0
0
0
0
0
0
0
0
3
134
332
542
724
869
966
1007
991
902
769
586
374
169
9
0
0
0
0
0
0
0
0
0
3
137
337
546
733
880
978
1011
994
914
776
594
386
176
10
0
0
0
0
0
0
0
0
0
3
132
326
526
710
850
942
982
954
875
739
565
368
169
9
0
0
0
0
0
0
0
0
0
2
123
305
501
684
792
862
907
866
785
660
511
326
154
7
0
0
0
0
0
0
0
0
0
3
127
321
526
713
861
960
1000
980
902
765
591
381
176
10
0
0
0
0
0
0
0
0
0
3
118
290
462
638
775
876
932
894
801
682
521
332
153
8
0
0
0
0
0
0
0
0
0
2
125
318
529
718
866
964
1008
985
902
767
586
378
170
9
0
0
0
0
0
0
0
0
0
2
124
318
521
710
853
952
991
967
889
755
573
370
165
8
0
0
0
0
0
0
0
0
0
2
129
334
546
741
889
977
1010
985
894
757
572
364
159
5
0
0
0
0
0
0
0
0
0
2
117
301
506
692
835
928
970
946
870
738
560
356
160
8
0
0
0
0
0
0
0
0
0
2
114
299
511
692
837
928
957
921
832
698
528
331
143
5
0
0
0
0
0
0
0
0
0
2
121
319
530
727
878
974
1012
983
899
761
576
366
160
6
0
0
0
0
0
0
0
0
0
2
113
305
497
673
818
905
935
913
829
689
515
331
143
5
0
0
0
0
0
0
0
0
0
1
114
306
511
700
845
949
988
967
881
739
565
363
158
7
0
0
0
0
0
0
0
0
0
1
101
271
467
641
790
882
920
890
811
709
527
327
141
7
0
0
0
0
0
0
0
0
0
1
111
306
516
702
852
950
986
965
886
747
562
357
153
6
0
0
0
0
0
0
0
0
0
1
90
255
465
588
692
741
805
792
770
736
574
386
166
14
0
0
0
0
0
0
0
0
0
1
118
322
542
739
892
988
1030
1009
927
786
598
382
166
6
0
0
0
0
0
0
0
0
0
1
115
318
535
733
886
984
1026
1005
920
778
590
373
159
5
0
0
0
0
0
0
0
0
0
1
108
300
510
696
827
925
962
939
848
718
548
342
144
4
0
0
0
0
0
0
0
0
0
1
108
304
519
718
867
962
1001
978
895
754
571
360
153
5
0
0
0
0
0
0
0
0
0
1
98
284
493
683
830
941
983
966
890
755
573
360
150
7
0
0
0
0
0
0
0
0
0
0
97
295
504
690
822
910
960
898
831
702
504
300
116
1
0
0
0
0
0
0
0
0
0
1
99
290
505
698
850
956
1005
981
901
759
568
354
148
5
0
0
0
0
0
0
0
0
0
0
97
285
494
690
843
938
980
956
874
734
548
339
139
3
0
0
0
0
0
0
0
0
0
0
96
283
491
682
828
921
953
931
852
716
531
327
133
2
0
0
0
0
0
0
0
0
0
0
95
286
501
695
847
930
950
935
888
716
541
320
128
2
0
0
0
0
0
0
0
0
0
0
92
278
489
669
799
895
909
891
819
682
510
318
126
2
0
0
0
0
0
0
0
0
0
0
79
241
423
593
727
814
852
834
760
636
473
292
115
2
0
0
0
0
0
0
0
0
0
0
81
250
438
607
739
827
859
835
760
638
477
295
116
2
0
0
0
0
0
0
0
0
0
0
96
301
527
720
874
987
1004
964
877
744
542
324
125
1
0
0
0
0
0
0
0
0
0
0
90
282
495
691
845
934
979
949
854
708
523
314
119
1
0
0
0
0
0
0
0
0
0
0
89
284
504
703
856
957
998
971
879
733
539
323
120
1
0
0
0
0
0
0
0
0
0
0
75
231
412
575
705
800
832
814
731
547
422
245
93
1
0
0
0
0
0
0
0
0
0
0
78
247
434
599
730
812
838
820
747
624
461
280
104
1
0
0
0
0
0
0
0
0
0
0
81
268
482
682
835
936
973
952
868
725
535
322
121
1
0
0
0
0
0
0
0
0
0
0
79
264
476
667
817
916
954
933
852
717
532
320
119
1
0
0
0
0
0
0
0
0
0
0
79
265
467
655
800
893
922
901
810
680
499
297
108
1
0
0
0
0
0
0
0
0
0
0
78
266
482
682
840
943
988
955
863
716
521
303
106
0
0
0
0
0
0
0
0
0
0
0
72
246
448
638
792
894
933
900
824
690
513
304
109
1
0
0
0
0
0
0
0
0
0
0
70
242
442
626
765
859
897
871
797
666
485
283
96
0
0
0
0
0
0
0
0
0
0
0
75
265
488
688
844
948
979
956
868
721
527
307
105
0
0
0
0
0
0
0
0
0
0
0
73
265
483
687
848
945
978
950
860
711
520
302
102
0
0
0
0
0
0
0
0
0
0
0
72
262
481
679
834
934
971
944
854
707
515
298
99
0
0
0
0
0
0
0
0
0
0
0
70
255
467
656
806
904
935
903
799
660
471
271
84
0
0
0
0
0
0
0
0
0
0
0
71
265
487
689
850
955
995
966
870
719
522
300
97
0
0
0
0
0
0
0
0
0
0
0
32
242
451
634
785
898
936
907
823
685
493
282
92
0
0
0
0
0
0
0
0
0
0
0
31
244
458
644
794
893
935
904
817
673
487
275
85
0
0
0
0
0
0
0
0
0
0
0
28
249
453
683
895
556
548
537
467
391
274
152
50
0
0
0
0
0
0
0
0
0
0
0
43
271
510
653
898
576
529
493
491
423
302
183
43
0
0
0
0
0
0
0
0
0
0
0
28
243
460
659
813
916
943
921
838
691
497
278
82
0
0
0
0
0
0
0
0
0
0
0
30
259
489
698
862
964
997
962
859
695
489
268
74
0
0
0
0
0
0
0
0
0
0
0
27
235
444
634
788
890
908
873
781
641
450
246
68
0
0
0
0
0
0
0
0
0
0
0
27
253
479
685
844
941
975
944
849
693
492
269
34
0
0
0
0
0
0
0
0
0
0
0
26
243
462
664
820
918
955
917
824
673
476
259
32
0
0
0
0
0
0
0
0
0
0
0
25
241
465
667
829
933
967
937
843
688
486
261
31
0
0
0
0
0
0
0
0
0
0
0
22
231
435
624
765
852
896
880
780
640
448
239
27
0
0
0
0
0
0
0
0
0
0
0
22
228
439
640
788
880
909
879
799
655
460
250
29
0
0
0
0
0
0
0
0
0
0
0
17
55
117
158
241
293
234
228
244
176
95
83
5
0
0
0
0
0
0
0
0
0
0
0
10
126
256
384
457
543
518
488
383
329
239
111
5
0
0
0
0
0
0
0
0
0
0
0
20
205
419
614
748
804
807
759
700
575
393
211
23
0
0
0
0
0
0
0
0
0
0
0
20
233
456
661
823
925
959
926
823
663
457
235
19
0
0
0
0
0
0
0
0
0
0
0
18
212
417
604
729
828
850
824
722
561
398
200
15
0
0
0
0
0
0
0
0
0
0
0
18
219
436
630
776
865
887
852
760
608
416
210
15
0
0
0
0
0
0
0
0
0
0
0
17
225
440
638
794
884
918
875
773
618
420
209
13
0
0
0
0
0
0
0
0
0
0
0
18
229
451
658
812
904
933
894
789
627
421
203
11
0
0
0
0
0
0
0
0
0
0
0
16
222
442
645
803
901
935
900
795
632
430
210
13
0
0
0
0
0
0
0
0
0
0
0
18
237
469
715
875
609
586
544
472
392
275
141
9
0
0
0
0
0
0
0
0
0
0
0
15
216
429
622
777
880
916
874
777
616
416
197
10
0
0
0
0
0
0
0
0
0
0
0
14
210
423
615
758
854
887
858
763
618
420
202
12
0
0
0
0
0
0
0
0
0
0
0
15
200
408
573
714
811
834
801
700
559
390
181
9
0
0
0
0
0
0
0
0
0
0
0
10
180
356
518
659
753
776
789
687
526
343
154
7
0
0
0
0
0
0
0
0
0
0
0
12
181
361
525
649
737
731
668
591
467
304
130
2
0
0
0
0
0
0
0
0
0
0
0
10
175
352
506
654
750
794
760
643
531
349
166
9
0
0
0
0
0
0
0
0
0
0
0
12
216
440
646
809
907
939
903
796
630
417
187
6
0
0
0
0
0
0
0
0
0
0
0
11
195
402
596
744
819
852
813
703
545
348
152
3
0
0
0
0
0
0
0
0
0
0
0
10
191
400
577
713
776
815
771
667
527
349
152
3
0
0
0
0
0
0
0
0
0
0
0
14
155
254
395
495
633
582
557
490
301
205
101
1
0
0
0
0
0
0
0
0
0
0
0
9
182
381
565
707
800
807
781
688
525
345
145
3
0
0
0
0
0
0
0
0
0
0
0
9
185
379
553
693
776
797
766
673
523
339
144
3
0
0
0
0
0
0
0
0
0
0
0
10
208
436
644
803
898
921
876
765
593
379
155
2
0
0
0
0
0
0
0
0
0
0
0
2
80
132
142
311
433
650
678
614
594
409
164
7
0
0
0
0
0
0
0
0
0
0
0
8
196
418
620
772
862
885
841
732
562
353
138
1
0
0
0
0
0
0
0
0
0
0
0
8
200
429
632
788
879
902
858
742
569
356
137
1
0
0
0
0
0
0
0
0
0
0
0
6
173
368
551
685
758
798
745
640
490
306
113
1
0
0
0
0
0
0
0
0
0
0
0
6
162
362
547
690
773
800
767
658
509
318
118
1
0
0
0
0
0
0
0
0
0
0
0
6
162
359
524
640
722
779
753
640
491
287
104
1
0
0
0
0
0
0
0
0
0
0
0
4
135
298
438
564
635
644
595
525
402
246
87
0
0
0
0
0
0
0
0
0
0
0
0
10
116
245
232
345
467
463
705
786
365
151
75
1
0
0
0
0
0
0
0
0
0
0
0
5
170
379
572
718
804
827
783
675
510
309
106
0
0
0
0
0
0
0
0
0
0
0
0
4
155
360
532
679
756
777
728
634
480
285
96
0
0
0
0
0
0
0
0
0
0
0
0
4
162
363
548
695
781
803
762
659
497
301
101
0
0
0
0
0
0
0
0
0
0
0
0
3
126
284
455
574
673
688
687
609
465
270
85
0
0
0
0
0
0
0
0
0
0
0
0
1
135
270
465
412
583
679
604
580
411
240
65
0
0
0
0
0
0
0
0
0
0
0
0
4
169
385
583
734
822
846
796
684
512
305
96
0
0
0
0
0
0
0
0
0
0
0
0
4
172
396
599
748
838
855
802
682
510
296
89
0
0
0
0
0
0
0
0
0
0
0
0
3
156
367
560
707
790
811
770
663
498
290
87
0
0
0
0
0
0
0
0
0
0
0
0
3
159
375
572
720
809
829
779
663
490
281
80
0
0
0
0
0
0
0
0
0
0
0
0
3
152
361
553
701
794
810
756
640
472
266
35
0
0
0
0
0
0
0
0
0
0
0
0
1
101
235
382
530
584
615
580
499
378
216
43
0
0
0
0
0
0
0
0
0
0
0
0
1
97
243
372
478
516
553
554
455
319
184
22
0
0
0
0
0
0
0
0
0
0
0
0
2
148
360
556
704
792
810
762
643
470
262
31
0
0
0
0
0
0
0
0
0
0
0
0
4
125
395
537
698
523
310
428
128
38
21
5
0
0
0
0
0
0
0
0
0
0
0
0
1
91
196
318
476
551
577
535
495
402
149
20
0
0
0
0
0
0
0
0
0
0
0
0
1
133
333
523
671
757
780
735
624
452
246
27
0
0
0
0
0
0
0
0
0
0
0
0
1
54
101
260
364
654
868
559
489
374
202
20
0
0
0
0
0
0
0
0
0
0
0
0
2
96
197
321
521
511
504
332
420
324
172
4
0
0
0
0
0
0
0
0
0
0
0
0
2
133
327
447
531
617
634
618
514
345
156
11
0
0
0
0
0
0
0
0
0
0
0
0
1
87
219
341
449
514
538
500
447
317
168
14
0
0
0
0
0
0
0
0
0
0
0
0
1
89
231
362
452
520
540
505
422
311
156
12
0
0
0
0
0
0
0
0
0
0
0
0
0
90
241
388
491
548
565
533
458
326
170
12
0
0
0
0
0
0
0
0
0
0
0
0
1
113
280
412
546
659
699
617
492
324
153
8
0
0
0
0
0
0
0
0
0
0
0
0
1
114
312
500
641
723
739
693
574
405
206
13
0
0
0
0
0
0
0
0
0
0
0
0
0
119
322
518
664
744
757
701
584
408
203
9
0
0
0
0
0
0
0
0
0
0
0
0
0
114
316
507
654
738
757
701
584
411
208
11
0
0
0
0
0
0
0
0
0
0
0
0
0
76
216
355
447
519
488
449
348
239
112
3
0
0
0
0
0
0
0
0
0
0
0
0
0
89
256
427
549
633
634
604
499
349
178
10
0
0
0
0
0
0
0
0
0
0
0
0
0
100
294
480
621
700
717
661
546
377
180
8
0
0
0
0
0
0
0
0
0
0
0
0
0
90
271
441
569
639
667
616
521
365
179
9
0
0
0
0
0
0
0
0
0
0
0
0
0
97
291
482
622
708
726
677
560
386
187
9
0
0
0
0
0
0
0
0
0
0
0
0
0
20
61
98
116
119
130
102
83
59
29
2
0
0
0
0
0
0
0
0
0
0
0
0
0
77
225
378
506
575
625
603
448
277
127
4
0
0
0
0
0
0
0
0
0
0
0
0
0
92
283
471
614
698
713
663
542
368
171
5
0
0
0
0
0
0
0
0
0
0
0
0
0
74
239
393
522
619
636
593
507
353
170
8
0
0
0
0
0
0
0
0
0
0
0
0
0
56
182
309
406
467
480
443
353
231
111
2
0
0
0
0
0
0
0
0
0
0
0
0
0
80
267
455
598
684
696
647
527
361
167
5
0
0
0
0
0
0
0
0
0
0
0
0
0
74
247
422
558
635
640
604
499
335
147
4
0
0
0
0
0
0
0
0
0
0
0
0
0
75
252
429
565
645
662
611
501
340
153
4
0
0
0
0
0
0
0
0
0
0
0
0
0
35
244
422
556
644
658
607
505
341
155
4
0
0
0
0
0
0
0
0
0
0
0
0
0
23
228
382
507
548
568
527
413
268
125
1
0
0
0
0
0
0
0
0
0
0
0
0
0
23
196
317
415
489
515
537
505
309
135
3
0
0
0
0
0
0
0
0
0
0
0
0
0
30
241
415
553
635
649
605
495
338
155
4
0
0
0
0
0
0
0
0
0
0
0
0
0
28
231
408
545
629
646
603
491
336
154
4
0
0
0
0
0
0
0
0
0
0
0
0
0
29
247
434
580
665
681
632
519
351
154
3
0
0
0
0
0
0
0
0
0
0
0
0
0
27
242
427
569
652
664
614
502
339
148
2
0
0
0
0
0
0
0
0
0
0
0
0
0
23
211
389
495
566
567
523
417
291
134
3
0
0
0
0
0
0
0
0
0
0
0
0
0
20
200
352
470
530
536
475
393
250
108
1
0
0
0
0
0
0
0
0
0
0
0
0
0
22
230
413
556
643
663
613
498
333
142
2
0
0
0
0
0
0
0
0
0
0
0
0
0
17
149
272
395
458
459
428
343
227
98
1
0
0
0
0
0
0
0
0
0
0
0
0
0
4
87
177
213
234
207
194
263
211
97
6
0
0
0
0
0
0
0
0
0
0
0
0
0
4
22
150
195
247
268
451
374
263
144
5
0
0
0
0
0
0
0
0
0
0
0
0
0
17
210
393
534
624
645
601
488
322
135
2
0
0
0
0
0
0
0
0
0
0
0
0
0
14
178
336
459
521
541
504
396
261
112
1
0
0
0
0
0
0
0
0
0
0
0
0
0
14
200
374
500
569
590
544
442
298
129
1
0
0
0
0
0
0
0
0
0
0
0
0
0
15
218
406
551
638
659
609
497
331
139
1
0
0
0
0
0
0
0
0
0
0
0
0
0
14
202
377
515
597
618
576
470
315
133
2
0
0
0
0
0
0
0
0
0
0
0
0
0
5
135
287
422
497
457
464
424
297
118
1
0
0
0
0
0
0
0
0
0
0
0
0
0
12
189
365
509
597
625
587
476
316
132
2
0
0
0
0
0
0
0
0
0
0
0
0
0
11
175
337
450
518
532
497
398
265
106
1
0
0
0
0
0
0
0
0
0
0
0
0
0
9
168
330
460
538
552
518
439
295
121
1
0
0
0
0
0
0
0
0
0
0
0
0
0
10
182
359
503
590
611
568
461
307
128
1
0
0
0
0
0
0
0
0
0
0
0
0
0
9
187
368
516
605
628
583
477
317
130
1
0
0
0
0
0
0
0
0
0
0
0
0
0
8
167
334
466
553
575
532
434
287
118
1
0
0
0
0
0
0
0
0
0
0
0
0
0
6
144
306
427
490
546
482
416
281
117
2
0
0
0
0
0
0
0
0
0
0
0
0
0
6
145
286
399
463
477
438
359
235
99
1
0
0
0
0
0
0
0
0
0
0
0
0
0
7
166
330
465
539
560
516
425
280
115
1
0
0
0
0
0
0
0
0
0
0
0
0
0
6
166
340
484
572
600
562
459
308
130
2
0
0
0
0
0
0
0
0
0
0
0
0
0
4
101
231
329
386
419
369
314
209
80
1
0
0
0
0
0
0
0
0
0
0
0
0
0
3
100
205
287
322
337
302
256
168
67
1
0
0
0
0
0
0
0
0
0
0
0
0
0
2
47
101
149
182
194
181
153
97
40
1
0
0
0
0
0
0
0
0
0
0
0
0
0
4
133
285
406
484
499
470
391
257
103
1
0
0
0
0
0
0
0
0
0
0
0
0
0
4
138
294
429
525
550
520
428
288
124
2
0
0
0
0
0
0
0
0
0
0
0
0
0
4
157
335
482
577
608
566
462
309
129
1
0
0
0
0
0
0
0
0
0
0
0
0
0
4
148
319
467
560
585
541
440
290
120
1
0
0
0
0
0
0
0
0
0
0
0
0
0
3
141
306
443
525
548
511
423
285
118
1
0
0
0
0
0
0
0
0
0
0
0
0
0
4
148
325
475
570
600
567
468
315
135
2
0
0
0
0
0
0
0
0
0
0
0
0
0
3
127
284
411
489
519
478
378
249
103
1
0
0
0
0
0
0
0
0
0
0
0
0
0
3
143
317
461
554
592
556
458
308
132
2
0
0
0
0
0
0
0
0
0
0
0
0
0
3
141
316
467
564
598
565
471
319
141
3
0
0
0
0
0
0
0
0
0
0
0
0
0
3
124
277
393
478
523
479
367
245
107
1
0
0
0
0
0
0
0
0
0
0
0
0
0
2
115
252
347
381
357
487
363
274
96
1
0
0
0
0
0
0
0
0
0
0
0
0
0
3
139
312
456
549
579
543
447
304
133
2
0
0
0
0
0
0
0
0
0
0
0
0
0
2
138
315
463
554
584
556
461
312
136
2
0
0
0
0
0
0
0
0
0
0
0
0
0
2
103
183
276
358
380
281
285
156
12
1
0
0
0
0
0
0
0
0
0
0
0
0
0
2
129
299
442
539
570
535
444
310
142
4
0
0
0
0
0
0
0
0
0
0
0
0
0
2
103
265
373
414
437
444
366
226
96
1
0
0
0
0
0
0
0
0
0
0
0
0
0
2
121
284
416
507
530
508
419
285
135
3
0
0
0
0
0
0
0
0
0
0
0
0
0
1
108
235
376
434
484
439
369
293
150
5
0
0
0
0
0
0
0
0
0
0
0
0
0
1
98
241
366
462
520
494
430
305
149
7
0
0
0
0
0
0
0
0
0
0
0
0
0
1
80
188
288
351
401
355
272
180
77
1
0
0
0
0
0
0