0
0
0
0
0
0
0
1
48
125
192
215
241
226
208
139
63
2
0
0
0
0
0
0
0
0
0
0
0
0
0
1
81
218
329
413
447
416
364
254
122
4
0
0
0
0
0
0
0
0
0
0
0
0
0
1
111
271
405
478
514
498
420
313
154
7
0
0
0
0
0
0
0
0
0
0
0
0
0
1
103
253
387
495
519
501
428
306
159
7
0
0
0
0
0
0
0
0
0
0
0
0
0
1
87
235
374
473
518
495
402
300
144
5
0
0
0
0
0
0
0
0
0
0
0
0
0
1
112
283
435
537
578
553
473
325
155
5
0
0
0
0
0
0
0
0
0
0
0
0
0
1
107
270
419
511
567
545
462
321
160
6
0
0
0
0
0
0
0
0
0
0
0
0
0
0
85
235
351
448
472
488
409
292
151
8
0
0
0
0
0
0
0
0
0
0
0
0
0
1
95
248
408
482
510
508
424
290
141
5
0
0
0
0
0
0
0
0
0
0
0
0
0
1
115
294
451
568
617
601
513
365
183
10
0
0
0
0
0
0
0
0
0
0
0
0
0
0
96
253
380
442
502
474
447
295
133
5
0
0
0
0
0
0
0
0
0
0
0
0
0
1
106
270
427
532
575
553
485
352
181
13
0
0
0
0
0
0
0
0
0
0
0
0
0
1
88
234
384
479
506
506
417
265
135
10
0
0
0
0
0
0
0
0
0
0
0
0
0
1
117
295
454
564
618
597
510
369
192
12
0
0
0
0
0
0
0
0
0
0
0
0
0
1
105
263
381
502
550
547
465
334
173
10
0
0
0
0
0
0
0
0
0
0
0
0
0
1
104
266
408
502
543
528
442
317
178
11
0
0
0
0
0
0
0
0
0
0
0
0
0
1
113
285
436
549
599
586
518
381
203
18
0
0
0
0
0
0
0
0
0
0
0
0
0
1
117
294
393
437
432
474
448
346
161
12
0
0
0
0
0
0
0
0
0
0
0
0
0
1
109
268
418
510
558
556
461
359
202
21
0
0
0
0
0
0
0
0
0
0
0
0
0
1
82
261
432
512
485
454
416
293
173
8
0
0
0
0
0
0
0
0
0
0
0
0
0
1
108
263
418
525
548
494
449
343
202
24
0
0
0
0
0
0
0
0
0
0
0
0
0
1
125
306
465
579
631
617
540
403
222
23
0
0
0
0
0
0
0
0
0
0
0
0
0
1
131
315
478
589
642
619
536
401
226
24
0
0
0
0
0
0
0
0
0
0
0
0
0
2
138
332
502
618
667
651
563
418
235
23
0
0
0
0
0
0
0
0
0
0
0
0
0
2
117
253
417
543
610
531
452
330
164
15
0
0
0
0
0
0
0
0
0
0
0
0
0
2
126
308
470
571
620
601
514
382
214
22
0
0
0
0
0
0
0
0
0
0
0
0
0
2
94
230
268
415
441
487
404
384
219
5
0
0
0
0
0
0
0
0
0
0
0
0
0
6
62
190
264
265
611
487
433
301
220
14
0
0
0
0
0
0
0
0
0
0
0
0
0
2
116
282
431
540
608
599
524
388
222
32
0
0
0
0
0
0
0
0
0
0
0
0
0
3
117
308
392
506
566
437
430
344
185
20
0
0
0
0
0
0
0
0
0
0
0
0
0
2
106
287
452
520
493
518
452
370
224
30
0
0
0
0
0
0
0
0
0
0
0
0
0
2
129
310
470
587
629
603
520
392
230
71
0
0
0
0
0
0
0
0
0
0
0
0
0
3
143
329
494
607
661
650
565
425
249
76
0
0
0
0
0
0
0
0
0
0
0
0
0
1
101
251
385
463
491
496
406
275
141
46
0
0
0
0
0
0
0
0
0
0
0
0
0
1
120
232
205
352
521
649
567
323
131
9
0
0
0
0
0
0
0
0
0
0
0
0
0
4
139
308
475
596
647
626
559
434
259
86
0
0
0
0
0
0
0
0
0
0
0
0
0
2
115
256
430
559
638
594
487
339
211
70
0
0
0
0
0
0
0
0
0
0
0
0
0
9
130
320
478
455
257
499
437
239
180
60
0
0
0
0
0
0
0
0
0
0
0
0
0
10
151
306
425
478
504
464
351
401
150
76
0
0
0
0
0
0
0
0
0
0
0
0
0
3
124
321
428
558
595
598
495
379
231
83
0
0
0
0
0
0
0
0
0
0
0
0
0
2
81
214
347
478
469
526
547
374
161
101
0
0
0
0
0
0
0
0
0
0
0
0
0
5
154
334
504
617
655
652
585
430
257
89
0
0
0
0
0
0
0
0
0
0
0
0
0
6
164
356
525
634
687
672
599
465
288
103
0
0
0
0
0
0
0
0
0
0
0
0
0
4
153
313
459
593
608
598
528
423
255
92
0
0
0
0
0
0
0
0
0
0
0
0
0
8
183
381
556
679
735
724
639
495
308
111
0
0
0
0
0
0
0
0
0
0
0
0
0
8
181
379
549
668
713
694
618
477
298
109
0
0
0
0
0
0
0
0
0
0
0
0
0
9
199
408
583
704
760
745
664
518
327
122
0
0
0
0
0
0
0
0
0
0
0
0
0
9
171
344
490
564
541
552
531
437
286
111
0
0
0
0
0
0
0
0
0
0
0
0
0
3
70
165
247
249
265
241
222
218
141
69
1
0
0
0
0
0
0
0
0
0
0
0
0
3
47
82
117
168
179
221
195
132
68
15
1
0
0
0
0
0
0
0
0
0
0
0
0
6
134
275
376
454
471
472
403
321
194
72
1
0
0
0
0
0
0
0
0
0
0
0
0
9
142
284
406
501
530
528
475
381
226
87
1
0
0
0
0
0
0
0
0
0
0
0
0
12
185
366
538
644
684
673
599
455
309
124
2
0
0
0
0
0
0
0
0
0
0
0
0
14
199
388
558
676
728
716
628
490
314
127
2
0
0
0
0
0
0
0
0
0
0
0
0
14
190
371
523
638
686
673
591
462
289
116
1
0
0
0
0
0
0
0
0
0
0
0
0
29
242
455
660
609
527
459
209
216
150
85
1
0
0
0
0
0
0
0
0
0
0
0
0
16
201
394
552
671
710
696
636
497
324
137
2
0
0
0
0
0
0
0
0
0
0
0
0
19
203
381
539
636
679
669
592
458
298
120
1
0
0
0
0
0
0
0
0
0
0
0
0
20
226
426
604
716
772
756
671
525
342
141
2
0
0
0
0
0
0
0
0
0
0
0
0
27
165
479
488
345
348
450
418
544
193
165
14
0
0
0
0
0
0
0
0
0
0
0
0
14
108
209
313
382
385
367
319
246
183
77
1
0
0
0
0
0
0
0
0
0
0
0
0
19
186
347
474
557
579
562
487
404
249
110
1
0
0
0
0
0
0
0
0
0
0
0
0
21
189
365
496
591
651
618
565
414
279
126
1
0
0
0
0
0
0
0
0
0
0
0
0
29
242
444
606
722
775
767
685
543
368
166
5
0
0
0
0
0
0
0
0
0
0
0
0
32
238
428
591
726
779
760
685
534
354
152
4
0
0
0
0
0
0
0
0
0
0
0
0
36
267
476
654
780
830
814
731
586
390
174
5
0
0
0
0
0
0
0
0
0
0
0
0
75
266
465
630
743
794
780
703
561
377
176
6
0
0
0
0
0
0
0
0
0
0
0
0
80
272
474
649
748
783
758
677
535
349
162
4
0
0
0
0
0
0
0
0
0
0
0
0
80
273
395
517
637
737
706
567
422
315
134
4
0
0
0
0
0
0
0
0
0
0
0
0
90
294
506
682
808
864
852
767
617
420
198
9
0
0
0
0
0
0
0
0
0
0
0
0
89
287
498
669
781
840
829
735
597
409
194
9
0
0
0
0
0
0
0
0
0
0
0
0
88
251
453
611
710
761
748
668
531
374
162
5
0
0
0
0
0
0
0
0
0
0
0
0
91
285
482
655
773
817
802
710
571
381
183
9
0
0
0
0
0
0
0
0
0
0
0
0
82
257
405
608
651
691
712
703
550
369
172
9
0
0
0
0
0
0
0
0
0
0
0
0
92
274
460
615
718
763
748
672
542
368
174
9
0
0
0
0
0
0
0
0
0
0
0
0
108
307
509
673
778
845
828
737
595
407
194
10
0
0
0
0
0
0
0
0
0
0
0
1
93
268
462
628
707
727
720
692
550
398
188
12
0
0
0
0
0
0
0
0
0
0
0
1
64
223
290
567
669
809
510
565
373
316
156
17
0
0
0
0
0
0
0
0
0
0
0
0
97
288
480
654
768
841
809
732
589
417
202
14
0
0
0
0
0
0
0
0
0
0
0
1
121
325
521
680
788
847
824
736
588
404
201
11
0
0
0
0
0
0
0
0
0
0
0
1
121
315
512
678
791
835
825
746
617
428
213
17
0
0
0
0
0
0
0
0
0
0
0
1
127
332
513
648
764
807
775
701
565
384
190
14
0
0
0
0
0
0
0
0
0
0
0
2
139
358
574
748
865
913
886
793
639
437
217
14
0
0
0
0
0
0
0
0
0
0
0
2
150
373
588
767
888
940
917
824
675
468
237
18
0
0
0
0
0
0
0
0
0
0
0
2
137
300
549
652
354
478
604
640
683
472
251
41
0
0
0
0
0
0
0
0
0
0
0
3
151
361
557
688
778
773
769
678
534
363
167
4
0
0
0
0
0
0
0
0
0
0
0
2
76
196
243
429
531
685
813
703
598
442
211
27
0
0
0
0
0
0
0
0
0
0
0
1
126
343
522
683
739
758
720
685
499
365
176
13
0
0
0
0
0
0
0
0
0
0
0
5
99
210
332
554
534
828
755
678
557
430
224
33
0
0
0
0
0
0
0
0
0
0
0
3
120
257
452
621
716
760
772
695
560
389
203
27
0
0
0
0
0
0
0
0
0
0
0
5
165
374
575
739
845
895
874
793
644
448
233
22
0
0
0
0
0
0
0
0
0
0
0
6
170
377
573
729
834
875
845
771
620
432
225
20
0
0
0
0
0
0
0
0
0
0
0
7
177
386
578
733
830
876
859
770
625
442
235
23
0
0
0
0
0
0
0
0
0
0
0
2
89
189
333
390
343
357
383
391
316
203
121
13
0
0
0
0
0
0
0
0
0
0
0
9
199
422
629
799
905
949
922
829
676
478
255
26
0
0
0
0
0
0
0
0
0
0
0
10
193
416
627
789
896
938
910
820
670
470
249
26
0
0
0
0
0
0
0
0
0
0
0
10
178
367
573
746
833
872
799
730
573
393
208
20
0
0
0
0
0
0
0
0
0
0
0
12
204
426
628
790
887
923
896
804
651
462
248
26
0
0
0
0
0
0
0
0
0
0
0
12
200
407
598
749
842
884
862
780
638
454
247
29
0
0
0
0
0
0
0
0
0
0
0
12
195
403
602
756
862
894
870
777
633
450
242
29
0
0
0
0
0
0
0
0
0
0
0
15
215
430
630
784
881
923
902
813
666
475
261
33
0
0
0
0
0
0
0
0
0
0
0
17
222
442
643
803
903
948
925
834
687
490
267
34
0
0
0
0
0
0
0
0
0
0
0
18
225
440
640
804
899
939
907
824
679
492
275
39
0
0
0
0
0
0
0
0
0
0
0
17
210
418
604
751
850
887
859
783
631
441
235
31
0
0
0
0
0
0
0
0
0
0
0
20
221
433
619
774
874
909
884
805
664
474
266
39
0
0
0
0
0
0
0
0
0
0
0
21
203
409
571
712
808
849
833
762
634
435
239
65
0
0
0
0
0
0
0
0
0
0
0
20
169
267
466
561
648
594
483
540
539
415
285
88
0
0
0
0
0
0
0
0
0
0
0
25
225
426
597
717
810
817
820
685
533
399
235
67
0
0
0
0
0
0
0
0
0
0
0
26
235
446
640
801
904
939
909
818
673
481
268
79
0
0
0
0
0
0
0
0
0
0
0
28
237
448
619
765
869
900
863
786
646
465
261
76
0
0
0
0
0
0
0
0
0
0
0
32
254
492
710
866
452
516
467
379
293
248
132
40
0
0
0
0
0
0
0
0
0
0
0
5
197
372
524
804
114
321
516
593
546
551
309
89
0
0
0
0
0
0
0
0
0
0
0
58
221
406
534
646
805
824
728
679
587
441
263
86
0
0
0
0
0
0
0
0
0
0
0
69
254
442
608
744
819
852
823
759
636
454
254
79
0
0
0
0
0
0
0
0
0
0
0
80
284
512
716
874
970
1002
968
868
713
509
286
87
0
0
0
0
0
0
0
0
0
0
0
71
246
454
639
774
876
895
870
784
641
476
272
88
0
0
0
0
0
0
0
0
0
0
0
68
240
431
591
734
830
843
826
776
657
465
268
94
0
0
0
0
0
0
0
0
0
0
0
71
246
444
619
765
854
886
837
759
620
447
250
81
0
0
0
0
0
0
0
0
0
0
0
79
251
446
633
775
879
920
878
791
658
466
272
89
0
0
0
0
0
0
0
0
0
0
0
83
267
471
653
800
901
929
891
807
665
480
281
93
0
0
0
0
0
0
0
0
0
0
0
87
276
490
684
830
925
963
942
845
701
511
300
100
0
0
0
0
0
0
0
0
0
0
0
75
253
438
600
716
778
819
813
719
592
441
265
92
1
0
0
0
0
0
0
0
0
0
0
100
316
527
726
892
960
990
972
873
698
502
287
97
0
0
0
0
0
0
0
0
0
0
0
89
274
476
663
807
893
921
903
810
665
479
280
100
1
0
0
0
0
0
0
0
0
0
0
98
293
503
697
845
944
976
947
857
713
525
310
109
1
0
0
0
0
0
0
0
0
0
0
98
289
501
682
827
906
939
911
826
692
503
295
104
1
0
0
0
0
0
0
0
0
0
0
84
243
420
586
689
750
794
778
688
569
414
246
86
0
0
0
0
0
0
0
0
0
0
0
35
56
305
402
394
381
606
549
453
265
455
289
121
4
0
0
0
0
0
0
0
0
0
1
103
292
498
680
828
919
958
927
841
701
515
304
110
1
0
0
0
0
0
0
0
0
0
1
105
295
505
686
829
918
951
923
845
706
515
304
112
1
0
0
0
0
0
0
0
0
0
1
110
307
520
710
864
964
991
961
869
724
532
322
119
1
0
0
0
0
0
0
0
0
0
1
109
301
511
689
822
916
948
914
826
689
507
301
110
1
0
0
0
0
0
0
0
0
0
1
117
320
535
726
877
970
1005
976
885
735
539
321
120
1
0
0
0
0
0
0
0
0
0
1
106
290
488
666
807
896
937
902
822
698
511
304
119
2
0
0
0
0
0
0
0
0
0
1
96
269
435
596
702
791
814
783
677
561
413
245
92
1
0
0
0
0
0
0
0
0
0
1
84
223
384
517
628
698
732
679
609
515
360
216
83
1
0
0
0
0
0
0
0
0
0
1
106
287
474
647
776
853
864
825
730
606
448
257
100
1
0
0
0
0
0
0
0
0
0
2
108
279
462
643
780
866
902
895
818
684
509
322
125
3
0
0
0
0
0
0
0
0
0
2
121
310
509
691
838
926
955
928
843
704
521
324
130
3
0
0
0
0
0
0
0
0
0
2
134
341
557
751
901
999
1028
999
908
763
571
353
143
3
0
0
0
0
0
0
0
0
0
2
129
332
542
723
865
952
983
945
852
711
528
323
126
2
0
0
0
0
0
0
0
0
0
2
117
290
474
668
769
861
887
863
777
656
478
309
126
4
0
0
0
0
0
0
0
0
0
2
117
299
492
663
789
882
911
895
820
691
521
329
136
4
0
0
0
0
0
0
0
0
0
3
133
332
539
721
864
943
972
942
852
712
535
336
138
3
0
0
0
0
0
0
0
0
0
3
140
348
564
752
896
991
1026
995
906
763
573
358
148
4
0
0
0
0
0
0
0
0
0
3
134
327
524
699
831
913
937
912
826
697
523
323
136
3
0
0
0
0
0
0
0
0
0
3
143
349
564
745
890
982
1013
974
883
741
556
345
141
2
0
0
0
0
0
0
0
0
0
3
126
307
498
677
806
897
929
890
788
654
488
306
130
4
0
0
0
0
0
0
0
0
0
3
128
319
512
691
820
912
943
909
813
677
508
311
126
2
0
0
0
0
0
0
0
0
0
1
44
121
224
288
361
449
444
412
402
345
238
141
58
3
0
0
0
0
0
0
0
0
0
1
12
28
78
101
275
81
329
737
351
837
518
393
130
2
0
0
0
0
0
0
0
0
0
4
107
245
385
546
697
756
887
807
751
651
446
257
123
5
0
0
0
0
0
0
0
0
0
3
109
275
438
603
706
775
804
764
681
576
427
261
105
2
0
0
0
0
0
0
0
0
0
1
120
271
398
529
691
535
890
724
554
566
541
310
153
13
0
0
0
0
0
0
0
0
0
4
136
329
536
717
853
947
972
947
868
733
552
350
152
6
0
0
0
0
0
0
0
0
0
4
135
330
530
711
850
940
966
948
860
719
547
340
149
6
0
0
0
0
0
0
0
0
0
2
95
261
435
527
617
749
765
851
844
705
530
350
168
11
0
0
0
0
0
0
0
0
0
6
132
313
431
603
718
785
858
679
683
578
450
284
120
4
0
0
0
0
0
0
0
0
0
5
116
278
469
631
724
740
793
801
743
656
513
335
146
8
0
0
0
0
0
0
0
0
0
4
131
301
485
659
808
890
929
878
803
672
509
318
140
4
0
0
0
0
0
0
0
0
0
2
87
206
332
425
451
522
570
585
477
388
296
176
78
2
0
0
0
0
0
0
0
0
0
4
130
313
504
673
802
894
936
919
827
707
532
340
152
7
0
0
0
0
0
0
0
0
0
4
140
338
546
730
885
976
1006
980
895
750
567
360
160
7
0
0
0
0
0
0
0
0
0
4
144
345
560
750
895
993
1031
1006
921
782
598
386
177
10
0
0
0
0
0
0
0
0
0
4
146
348
558
747
895
991
1027
999
915
773
590
379
172
9
0
0
0
0
0
0
0
0
0
4
130
315
501
675
801
879
916
919
841
719
553
361
167
11
0
0
0
0
0
0
0
0
0
4
138
330
537
726
870
975
1014
990
903
764
586
378
174
10
0
0
0
0
0
0
0
0
0
4
143
343
553
742
892
989
1025
999
913
774
590
382
175
9
0
0
0
0
0
0
0
0
0
4
135
328
532
716
861
957
981
948
868
727
547
348
155
8
0
0
0
0
0
0
0
0
0
4
132
323
521
706
850
935
968
943
862
730
553
348
157
8
0
0
0
0
0
0
0
0
0
5
147
325
544
801
922
512
597
606
628
468
321
177
62
6
0
0
0
0
0
0
0
0
0
3
118
300
482
636
729
821
858
885
826
690
520
339
139
8
0
0
0
0
0
0
0
0
0
3
119
275
462
646
736
824
830
812
765
671
534
361
168
14
0
0
0
0
0
0
0
0
0
2
116
276
432
647
792
855
874
836
708
568
429
235
106
2
0
0
0
0
0
0
0
0
0
3
134
330
539
728
872
963
999
966
888
740
559
354
158
7
0
0
0
0
0
0
0
0
0
2
104
252
404
589
637
730
756
814
750
616
480
280
130
3
0
0
0
0
0
0
0
0
0
3
122
307
505
680
819
895
913
891
819
677
531
343
152
8
0
0
0
0
0
0
0
0
0
3
112
279
462
640
779
869
908
915
842
704
544
360
167
13
0
0
0
0
0
0
0
0
0
3
133
329
540
731
873
969
1011
984
896
764
587
381
178
11
0
0
0
0
0
0
0
0
0
3
125
310
510
699
843
929
964
938
859
729
559
359
165
9
0
0
0
0
0
0
0
0
0
3
120
308
500
667
819
876
910
894
804
661
480
297
131
4
0
0
0
0
0
0
0
0
0
2
114
298
482
671
813
897
930
919
862
722
549
347
164
12
0
0
0
0
0
0
0
0
0
3
126
316
521
705
855
948
985
967
892
750
575
372
172
10
0
0
0
0
0
0
0
0
0
2
104
256
409
583
685
757
804
772
698
554
404
241
110
2
0
0
0
0
0
0
0
0
0
3
123
313
519
707
852
948
989
971
885
755
582
378
175
12
0
0
0
0
0
0
0
0
0
2
114
292
492
669
794
882
944
924
856
721
547
351
163
9
0
0
0
0
0
0
0
0
0
2
127
323
528
713
864
963
998
978
898
766
588
384
180
11
0
0
0
0
0
0
0
0
0
2
132
339
556
754
912
1011
1048
1023
933
791
606
391
179
8
0
0
0
0
0
0
0
0
0
2
118
303
503
686
831
929
967
949
875
744
582
385
186
13
0
0
0
0
0
0
0
0
0
2
106
274
473
629
763
846
891
872
813
713
550
373
178
15
0
0
0
0
0
0
0
0
0
2
119
314
525
720
871
971
1014
995
912
775
599
386
178
11
0
0
0
0
0
0
0
0
0
1
103
285
469
667
779
852
872
862
813
705
521
328
150
9
0
0
0
0
0
0
0
0
0
2
105
279
465
624
762
862
894
855
820
711
552
354
164
9
0
0
0
0
0
0
0
0
0
1
100
278
421
599
720
787
857
845
725
677
497
336
169
12
0
0
0
0
0
0
0
0
0
1
112
300
495
673
812
904
946
926
850
715
535
340
151
6
0
0
0
0
0
0
0
0
0
1
95
266
462
619
749
841
924
895
811
688
517
340
144
8
0
0
0
0
0
0
0
0
0
1
101
275
465
616
746
852
902
858
824
679
502
331
147
7
0
0
0
0
0
0
0
0
0
1
98
277
469
648
795
894
915
905
820
711
540
348
161
9
0
0
0
0
0
0
0
0
0
1
103
284
480
654
790
887
937
924
855
730
566
361
164
8
0
0
0
0
0
0
0
0
0
1
96
274
479
654
809
883
917
888
822
684
523
330
144
7
0
0
0
0
0
0
0
0
0
1
93
260
458
630
789
873
895
899
841
726
556
356
158
10
0
0
0
0
0
0
0
0
0
1
95
272
457
637
789
872
930
921
845
724
559
357
162
10
0
0
0
0
0
0
0
0
0
1
99
281
480
673
832
918
952
931
861
734
563
365
165
8
0
0
0
0
0
0
0
0
0
0
74
226
405
560
681
769
800
789
731
599
457
299
130
5
0
0
0
0
0
0
0
0
0
0
103
302
508
701
858
421
473
482
458
414
306
213
86
4
0
0
0
0
0
0
0
0
0
1
89
277
402
596
687
762
840
812
656
563
453
286
139
7
0
0
0
0
0
0
0
0
0
0
93
280
484
674
828
923
970
953
871
742
558
350
151
5
0
0
0
0
0
0
0
0
0
0
69
246
422
597
787
814
725
719
666
536
437
250
109
2
0
0
0
0
0
0
0
0
0
0
77
246
421
585
689
772
752
751
700
560
445
270
115
1
0
0
0
0
0
0
0
0
0
0
83
258
450
628
768
887
905
873
785
667
483
304
128
3
0
0
0
0
0
0
0
0
0
0
84
256
453
636
778
873
906
880
787
663
502
318
134
4
0
0
0
0
0
0
0
0
0
0
69
234
415
610
727
825
890
874
843
707
526
344
143
5
0
0
0
0
0
0
0
0
0
0
72
228
391
533
632
744
787
811
807
723
551
359
155
7
0
0
0
0
0
0
0
0
0
0
83
262
474
670
823
931
967
951
866
733
544
339
139
4
0
0
0
0
0
0
0
0
0
0
81
262
471
662
810
913
956
921
843
708
537
333
136
3
0
0
0
0
0
0
0
0
0
0
79
260
474
666
824
924
965
955
880
742
561
349
144
4
0
0
0
0
0
0
0
0
0
0
76
255
458
646
800
904
942
916
844
708
526
323
131
3
0
0
0
0
0
0
0
0
0
0
77
258
463
650
805
924
965
943
864
724
540
332
131
3
0
0
0
0
0
0
0
0
0
0
71
230
416
565
698
795
877
850
737
644
454
262
102
1
0
0
0
0
0
0
0
0
0
0
65
232
426
619
768
862
882
864
780
651
492
321
128
3
0
0
0
0
0
0
0
0
0
0
68
234
435
631
775
869
909
873
796
666
491
292
111
1
0
0
0
0
0
0
0
0
0
0
75
268
484
695
860
503
546
489
439
349
258
163
64
1
0
0
0
0
0
0
0
0
0
0
65
230
432
616
763
852
880
862
786
662
485
287
107
1
0
0
0
0
0
0
0
0
0
0
65
236
439
625
766
857
914
893
789
666
485
289
107
1
0
0
0
0
0
0
0
0
0
0
57
213
402
577
703
784
800
790
710
587
433
259
95
1
0
0
0
0
0
0
0
0
0
0
37
264
487
674
734
623
272
78
71
59
43
26
9
1
0
0
0
0
0
0
0
0
0
0
22
178
308
476
586
641
672
618
566
481
347
211
72
0
0
0
0
0
0
0
0
0
0
0
30
238
447
640
794
895
937
911
824
683
499
292
103
0
0
0
0
0
0
0
0
0
0
0
27
221
415
600
733
822
862
838
758
630
459
265
91
0
0
0
0
0
0
0
0
0
0
0
27
227
428
619
770
864
909
884
816
683
503
296
102
1
0
0
0
0
0
0
0
0
0
0
25
202
379
547
676
757
794
763
677
565
411
236
80
0
0
0
0
0
0
0
0
0
0
0
27
240
456
657
821
925
965
946
859
716
524
305
102
0
0
0
0
0
0
0
0
0
0
0
24
209
402
582
731
837
859
823
752
626
468
260
84
0
0
0
0
0
0
0
0
0
0
0
23
211
403
586
749
859
901
870
778
649
470
270
87
0
0
0
0
0
0
0
0
0
0
0
23
207
396
588
749
849
893
874
780
624
452
246
75
0
0
0
0
0
0
0
0
0
0
0
22
221
430
627
785
881
920
897
812
668
477
268
82
0
0
0
0
0
0
0
0
0
0
0
22
228
442
629
789
891
930
896
812
676
483
270
81
0
0
0
0
0
0
0
0
0
0
0
21
221
434
639
790
885
925
899
812
663
477
267
80
0
0
0
0
0
0
0
0
0
0
0
20
199
396
595
737
826
846
818
746
590
427
237
65
0
0
0
0
0
0
0
0
0
0
0
16
193
386
554
689
797
830
803
753
646
458
264
77
0
0
0
0
0
0
0
0
0
0
0
7
143
316
572
657
677
580
622
715
642
424
257
73
0
0
0
0
0
0
0
0
0
0
0
18
210
413
606
757
859
894
865
774
630
447
241
31
0
0
0
0
0
0
0
0
0
0
0
17
205
414
609
753
851
895
864
768
630
445
240
31
0
0
0
0
0
0
0
0
0
0
0
17
207
404
595
768
836
876
823
741
606
442
234
27
0
0
0
0
0
0
0
0
0
0
0
17
213
420
617
756
856
895
861
769
628
435
227
22
0
0
0
0
0
0
0
0
0
0
0
22
189
371
596
740
702
766
723
574
502
363
139
18
0
0
0
0
0
0
0
0
0
0
0
13
171
324
513
662
757
836
798
718
573
409
216
24
0
0
0
0
0
0
0
0
0
0
0
11
176
350
538
680
787
862
813
728
555
389
199
21
0
0
0
0
0
0
0
0
0
0
0
14
198
414
595
739
835
855
807
720
581
402
207
18
0
0
0
0
0
0
0
0
0
0
0
13
194
396
592
738
833
877
866
766
620
433
221
22
0
0
0
0
0
0
0
0
0
0
0
13
169
331
488
549
686
810
738
715
604
367
153
5
0
0
0
0
0
0
0
0
0
0
0
11
187
384
571
726
817
844
780
666
534
356
175
10
0
0
0
0
0
0
0
0
0
0
0
9
180
372
544
696
793
775
725
656
485
322
152
3
0
0
0
0
0
0
0
0
0
0
0
11
198
412
611
768
869
906
876
777
620
420
205
13
0
0
0
0
0
0
0
0
0
0
0
11
202
422
624
785
889
934
901
807
648
441
217
14
0
0
0
0
0
0
0
0
0
0
0
14
179
414
569
648
729
731
719
648
476
269
142
6
0
0
0
0
0
0
0
0
0
0
0
6
141
294
506
677
781
796
786
619
519
376
184
12
0
0
0
0
0
0
0
0
0
0
0
8
170
355
516
656
746
776
743
644
504
327
144
2
0
0
0
0
0
0
0
0
0
0
0
7
145
336
509
644
772
770
715
608
479
356
177
10
0
0
0
0
0
0
0
0
0
0
0
9
172
376
545
700
790
836
806
707
551
367
171
7
0
0
0
0
0
0
0
0
0
0
0
2
115
255
409
590
748
752
688
671
543
356
157
5
0
0
0
0
0
0
0
0
0
0
0
2
127
300
455
470
613
707
589
534
381
228
117
5
0
0
0
0
0
0
0
0
0
0
0
6
162
345
552
654
734
751
691
649
505
320
143
4
0
0
0
0
0
0
0
0
0
0
0
2
81
165
353
510
591
535
557
518
452
306
172
11
0
0
0
0
0
0
0
0
0
0
0
5
147
321
483
615
687
711
666
580
450
285
120
1
0
0
0
0
0
0
0
0
0
0
0
3
128
298
450
603
739
767
729
612
502
344
146
4
0
0
0
0
0
0
0
0
0
0
0
3
120
236
445
534
600
672
686
595
559
347
128
2
0
0
0
0
0
0
0
0
0
0
0
6
174
388
589
748
846
876
842
735
569
362
148
3
0
0
0
0
0
0
0
0
0
0
0
5
171
387
588
742
834
865
824
724
559
359
146
2
0
0
0
0
0
0
0
0
0
0
0
5
147
345
520
660
758
776
731
641
494
309
124
2
0
0
0
0
0
0
0
0
0
0
0
5
163
374
569
726
813
841
803
702
540
338
131
2
0
0
0
0
0
0
0
0
0
0
0
4
152
351
538
681
771
798
764
658
499
312
120
1
0
0
0
0
0
0
0
0
0
0
0
3
147
341
524
662
744
778
746
653
500
305
117
1
0
0
0
0
0
0
0
0
0
0
0
3
145
340
522
663
750
775
733
635
483
295
107
0
0
0
0
0
0
0
0
0
0
0
0
3
126
293
447
575
644
663
617
541
408
246
89
0
0
0
0
0
0
0
0
0
0
0
0
1
107
245
385
479
531
571
554
505
388
237
88
0
0
0
0
0
0
0
0
0
0
0
0
5
149
301
380
457
700
635
370
450
428
301
73
0
0
0
0
0
0
0
0
0
0
0
0
2
73
164
413
331
253
449
461
403
394
319
110
3
0
0
0
0
0
0
0
0
0
0
0
2
130
320
506
629
683
659
654
583
418
229
65
0
0
0
0
0
0
0
0
0
0
0
0
2
116
271
423
544
642
703
627
583
429
263
83
0
0
0
0
0
0
0
0
0
0
0
0
2
143
345
535
684
773
799
757
645
493
294
94
0
0
0
0
0
0
0
0
0
0
0
0
2
137
335
517
657
752
779
724
611
454
262
82
0
0
0
0
0
0
0
0
0
0
0
0
2
110
291
454
482
633
572
573
461
354
255
93
0
0
0
0
0
0
0
0
0
0
0
0
1
127
318
513
649
734
752
712
599
437
251
71
0
0
0
0
0
0
0
0
0
0
0
0
1
116
303
476
626
721
748
698
592
432
253
75
0
0
0
0
0
0
0
0
0
0
0
0
1
126
325
521
673
764
780
730
623
459
259
37
0
0
0
0
0
0
0
0
0
0
0
0
1
125
320
508
656
748
776
721
616
455
260
39
0
0
0
0
0
0
0
0
0
0
0
0
1
98
232
350
484
603
673
630
552
335
180
24
0
0
0
0
0
0
0
0
0
0
0
0
1
112
293
474
631
708
721
687
567
413
223
28
0
0
0
0
0
0
0
0
0
0
0
0
1
117
306
501
638
716
733
684
575
413
223
21
0
0
0
0
0
0
0
0
0
0
0
0
1
116
313
507
649
728
750
705
598
431
235
25
0
0
0
0
0
0
0
0
0
0
0
0
1
111
308
496
640
723
746
695
584
417
224
23
0
0
0
0
0
0
0
0
0
0
0
0
0
102
295
476
590
663
699
656
562
433
233
30
0
0
0
0
0
0
0
0
0
0
0
0
0
85
240
395
510
587
601
567
480
356
192
20
0
0
0
0
0
0
0
0
0
0
0
0
0
94
271
455
593
627
657
614
507
347
187
13
0
0
0
0
0
0
0
0
0
0
0
0
0
101
287
474
618
684
686
627
517
353
180
11
0
0
0
0
0
0
0
0
0
0
0
0
0
72
196
344
510
592
607
595
531
408
210
27
0
0
0
0
0
0
0
0
0
0
0
0
0
94
260
427
527
601
636
562
396
295
174
12
0
0
0
0
0
0
0
0
0
0
0
0
0
69
214
354
453
499
527
485
358
273
130
3
0
0
0
0
0
0
0
0
0
0
0
0
0
96
289
479
622
706
721
672
559
395
200
13
0
0
0
0
0
0
0
0
0
0
0
0
0
83
259
441
590
655
648
578
480
318
151
8
0
0
0
0
0
0
0
0
0
0
0
0
0
76
229
341
515
602
615
515
503
378
191
10
0
0
0
0
0
0
0
0
0
0
0
0
0
72
248
401
520
508
453
479
414
243
119
3
0
0
0
0
0
0
0
0
0
0
0
0
0
20
26
67
186
277
361
457
374
313
207
35
0
0
0
0
0
0
0
0
0
0
0
0
0
79
253
433
580
649
672
615
502
348
166
6
0
0
0
0
0
0
0
0
0
0
0
0
0
76
250
428
567
650
676
625
521
359
177
9
0
0
0
0
0
0
0
0
0
0
0
0
0
48
151
263
344
438
446
422
313
242
99
2
0
0
0
0
0
0
0
0
0
0
0
0
0
58
214
341
492
556
566
564
418
322
143
7
0
0
0
0
0
0
0
0
0
0
0
0
0
62
224
399
492
579
562
516
403
264
126
2
0
0
0
0
0
0
0
0
0
0
0
0
0
34
245
429
570
650
671
625
511
357
170
7
0
0
0
0
0
0
0
0
0
0
0
0
0
33
238
417
551
643
653
600
492
337
157
4
0
0
0
0
0
0
0
0
0
0
0
0
0
28
223
394
535
617
622
595
485
333
157
6
0
0
0
0
0
0
0
0
0
0
0
0
0
30
241
421
559
644
667
616
512
344
158
5
0
0
0
0
0
0
0
0
0
0
0
0
0
5
205
445
429
527
436
315
40
73
43
2
0
0
0
0
0
0
0
0
0
0
0
0
0
21
238
438
507
563
516
453
323
222
101
2
0
0
0
0
0
0
0
0
0
0
0
0
0
23
190
346
424
543
518
504
458
343
163
6
0
0
0
0
0
0
0
0
0
0
0
0
0
23
217
396
541
624
645
589
488
327
148
4
0
0
0
0
0
0
0
0
0
0
0
0
0
21
215
387
510
586
605
569
469
318
144
3
0
0
0
0
0
0
0
0
0
0
0
0
0
20
200
366
504
583
600
567
467
317
143
4
0
0
0
0
0
0
0
0
0
0
0
0
0
20
207
378
522
611
631
591
483
325
146
4
0
0
0
0
0
0
0
0
0
0
0
0
0
18
203
376
514
592
605
568
457
303
137
3
0
0
0
0
0
0
0
0
0
0
0
0
0
17
193
352
500
589
598
529
432
301
126
2
0
0
0
0
0
0
0
0
0
0
0
0
0
26
152
386
469
463
414
343
251
189
118
3
0
0
0
0
0
0
0
0
0
0
0
0
0
18
167
330
409
475
480
513
431
258
98
3
0
0
0
0
0
0
0
0
0
0
0
0
0
11
157
289
415
492
505
457
370
240
96
1
0
0
0
0
0
0
0
0
0
0
0
0
0
13
181
346
470
559
566
522
435
295
123
2
0
0
0
0
0
0
0
0
0
0
0
0
0
11
142
268
376
436
452
426
325
217
93
1
0
0
0
0
0
0
0
0
0
0
0
0
0
12
189
365
507
593
619
576
471
314
136
2
0
0
0
0
0
0
0
0
0
0
0
0
0
12
165
311
419
507
553
514
442
295
128
3
0
0
0
0
0
0
0
0
0
0
0
0
0
10
163
323
454
547
562
512
421
280
123
2
0
0
0
0
0
0
0
0
0
0
0
0
0
10
186
364
504
592
611
571
467
313
136
2
0
0
0
0
0
0
0
0
0
0
0
0
0
6
131
266
370
439
451
408
324
221
95
1
0
0
0
0
0
0
0
0
0
0
0
0
0
6
128
272
408
476
494
455
389
308
139
3
0
0
0
0
0
0
0
0
0
0
0
0
0
9
151
285
413
460
508
493
404
282
132
3
0
0
0
0
0
0
0
0
0
0
0
0
0
6
131
264
368
444
461
412
331
227
92
1
0
0
0
0
0
0
0
0
0
0
0
0
0
6
151
313
442
532
561
530
432
286
122
2
0
0
0
0
0
0
0
0
0
0
0
0
0
6
150
316
457
547
576
545
445
300
131
3
0
0
0
0
0
0
0
0
0
0
0
0
0
6
148
310
448
539
560
502
405
262
110
2
0
0
0
0
0
0
0
0
0
0
0
0
0
5
151
324
461
555
583
545
447
291
122
2
0
0
0
0
0
0
0
0
0
0
0
0
0
4
124
245
344
434
437
403
347
229
99
1
0
0
0
0
0
0
0
0
0
0
0
0
0
3
98
222
293
372
392
337
288
159
67
1
0
0
0
0
0
0
0
0
0
0
0
0
0
1
122
289
434
487
516
465
377
282
124
3
0
0
0
0
0
0
0
0
0
0
0
0
0
3
139
306
450
537
560
530
433
292
123
2
0
0
0
0
0
0
0
0
0
0
0
0
0
3
135
296
436
533
558
518
421
282
124
2
0
0
0
0
0
0
0
0
0
0
0
0
0
3
119
268
391
477
502
468
368
247
104
1
0
0
0
0
0
0
0
0
0
0
0
0
0
1
61
121
281
302
352
269
216
189
86
1
0
0
0
0
0
0
0
0
0
0
0
0
0
1
91
216
311
384
408
382
313
212
86
1
0
0
0
0
0
0
0
0
0
0
0
0
0
3
135
293
419
488
535
483
404
266
113
1
0
0
0
0
0
0
0
0
0
0
0
0
0
2
111
261
386
495
523
496
395
277
130
3
0
0
0
0
0
0
0
0
0
0
0
0
0
1
61
148
217
256
264
233
189
127
64
1
0
0
0
0
0
0
0
0
0
0
0
0
0
1
110
204
292
408
414
424
377
166
92
4
0
0
0
0
0
0
0
0
0
0
0
0
0
1
112
280
412
507
540
515
421
292
130
4
0
0
0
0
0
0
0
0
0
0
0
0
0
3
113
258
354
452
507
489
396
238
124
2
0
0
0
0
0
0
0
0
0
0
0
0
0
2
117
275
419
509
523
496
422
288
131
3
0
0
0
0
0
0
0
0
0
0
0
0
0
1
110
260
396
503
534
492
400
265
113
1
0
0
0
0
0
0
0
0
0
0
0
0
0
2
123
289
427
522
549
520
422
287
125
2
0
0
0
0
0
0
0
0
0
0
0
0
0
2
116
280
418
509
550
532
441
308
143
4
0
0
0
0
0
0
0
0
0
0
0
0
0
1
108
252
392
494
534
514
433
301
141
5
0
0
0
0
0
0
0
0
0
0
0
0
0
1
102
197
318
440
523
499
397
277
111
5
0
0
0
0
0
0
0
0
0
0
0
0
0
1
114
278
417
520
564
531
446
313
142
4
0
0
0
0
0
0
0
0
0
0
0
0
0
1
116
285
430
531
576
544
457
315
144
4
0
0
0
0
0
0
0
0
0
0
0
0
0
1
83
224
347
409
450
428
358
281
131
5
0
0
0
0
0
0
0
0
0
0
0
0
0
1
97
251
405
478
506
491
385
245
106
1
0
0
0
0
0
0
0
0
0
0
0
0
0
1
101
263
402
489
539
514
435
297
142
5
0
0
0
0
0
0
0
0
0
0
0
0
0
1
97
239
374
475
532
529
430
289
136
5
0
0
0
0
0
0