0
0
0
0
0
0
0
0
2
106
235
344
443
443
422
332
214
68
0
0
0
0
0
0
0
0
0
0
0
0
0
0
4
133
288
409
385
438
380
366
207
63
0
0
0
0
0
0
0
0
0
0
0
0
0
0
6
151
306
441
521
534
496
397
252
87
0
0
0
0
0
0
0
0
0
0
0
0
0
0
3
90
146
192
343
255
252
226
166
97
0
0
0
0
0
0
0
0
0
0
0
0
0
0
7
110
248
369
449
476
433
320
221
75
0
0
0
0
0
0
0
0
0
0
0
0
0
0
6
155
319
451
529
545
497
398
242
83
0
0
0
0
0
0
0
0
0
0
0
0
0
0
2
121
283
362
316
408
337
405
183
30
0
0
0
0
0
0
0
0
0
0
0
0
0
0
8
171
364
330
228
108
253
308
240
46
0
0
0
0
0
0
0
0
0
0
0
0
0
0
5
82
280
455
489
381
321
294
169
76
0
0
0
0
0
0
0
0
0
0
0
0
0
0
5
132
273
387
460
478
437
343
220
82
0
0
0
0
0
0
0
0
0
0
0
0
0
0
6
154
315
451
535
550
497
404
262
101
1
0
0
0
0
0
0
0
0
0
0
0
0
0
6
144
294
417
491
507
469
374
239
91
0
0
0
0
0
0
0
0
0
0
0
0
0
0
7
162
329
468
555
578
537
428
274
106
0
0
0
0
0
0
0
0
0
0
0
0
0
0
7
155
325
466
547
555
517
426
276
111
1
0
0
0
0
0
0
0
0
0
0
0
0
0
7
166
339
477
569
596
550
446
292
116
1
0
0
0
0
0
0
0
0
0
0
0
0
0
7
165
330
470
557
582
534
432
283
112
1
0
0
0
0
0
0
0
0
0
0
0
0
0
7
149
305
432
499
519
478
381
250
101
1
0
0
0
0
0
0
0
0
0
0
0
0
0
7
153
309
423
511
531
502
406
278
115
1
0
0
0
0
0
0
0
0
0
0
0
0
0
8
169
343
483
569
599
556
454
301
126
2
0
0
0
0
0
0
0
0
0
0
0
0
0
7
149
306
434
518
556
522
427
281
119
2
0
0
0
0
0
0
0
0
0
0
0
0
0
8
160
334
470
561
572
514
428
286
120
2
0
0
0
0
0
0
0
0
0
0
0
0
0
9
174
348
484
567
602
562
457
307
132
2
0
0
0
0
0
0
0
0
0
0
0
0
0
8
153
311
424
502
500
460
385
271
114
1
0
0
0
0
0
0
0
0
0
0
0
0
0
7
123
252
367
438
453
405
311
203
95
1
0
0
0
0
0
0
0
0
0
0
0
0
0
7
151
304
416
499
528
481
444
292
134
4
0
0
0
0
0
0
0
0
0
0
0
0
0
10
181
361
503
595
622
578
478
326
147
4
0
0
0
0
0
0
0
0
0
0
0
0
0
8
140
315
462
508
463
466
383
283
135
4
0
0
0
0
0
0
0
0
0
0
0
0
0
10
178
345
479
571
601
561
450
306
140
3
0
0
0
0
0
0
0
0
0
0
0
0
0
10
165
339
479
574
587
534
431
293
137
5
0
0
0
0
0
0
0
0
0
0
0
0
0
11
173
338
474
555
586
562
446
297
137
5
0
0
0
0
0
0
0
0
0
0
0
0
0
6
84
166
246
280
266
232
181
128
57
2
0
0
0
0
0
0
0
0
0
0
0
0
0
41
190
277
375
432
330
300
129
74
50
2
0
0
0
0
0
0
0
0
0
0
0
0
0
14
182
350
498
573
579
537
450
288
143
4
0
0
0
0
0
0
0
0
0
0
0
0
0
14
187
362
511
614
638
607
505
357
173
10
0
0
0
0
0
0
0
0
0
0
0
0
0
12
159
295
410
546
610
626
521
348
170
12
0
0
0
0
0
0
0
0
0
0
0
0
0
12
151
285
388
453
489
455
382
250
116
2
0
0
0
0
0
0
0
0
0
0
0
0
0
17
136
241
337
391
428
433
372
268
71
2
0
0
0
0
0
0
0
0
0
0
0
0
0
4
18
32
45
53
378
386
323
220
114
7
0
0
0
0
0
0
0
0
0
0
0
0
0
12
158
300
452
533
504
492
409
271
135
3
0
0
0
0
0
0
0
0
0
0
0
0
0
14
166
314
434
492
476
433
392
256
117
3
0
0
0
0
0
0
0
0
0
0
0
0
0
5
52
95
128
152
159
152
128
91
46
3
0
0
0
0
0
0
0
0
0
0
0
0
0
32
168
310
299
377
372
421
368
158
92
3
0
0
0
0
0
0
0
0
0
0
0
0
0
10
90
157
239
278
280
267
210
147
69
4
0
0
0
0
0
0
0
0
0
0
0
0
0
54
237
375
629
635
338
237
215
233
143
4
0
0
0
0
0
0
0
0
0
0
0
0
0
31
211
457
617
642
579
414
330
255
143
4
0
0
0
0
0
0
0
0
0
0
0
0
0
25
231
409
563
648
674
640
533
386
202
16
0
0
0
0
0
0
0
0
0
0
0
0
0
31
200
389
543
598
626
562
492
338
188
13
0
0
0
0
0
0
0
0
0
0
0
0
0
19
141
260
356
330
549
547
507
399
263
40
0
0
0
0
0
0
0
0
0
0
0
0
0
37
258
448
600
691
718
680
579
422
231
23
0
0
0
0
0
0
0
0
0
0
0
0
0
74
255
443
590
682
703
664
559
408
223
23
0
0
0
0
0
0
0
0
0
0
0
0
0
80
268
460
606
696
723
678
579
425
238
25
0
0
0
0
0
0
0
0
0
0
0
0
0
75
240
409
556
639
676
627
533
406
223
30
0
0
0
0
0
0
0
0
0
0
0
0
0
60
217
397
556
646
609
567
523
363
202
32
0
0
0
0
0
0
0
0
0
0
0
0
0
78
253
426
586
661
671
634
546
401
232
28
0
0
0
0
0
0
0
0
0
0
0
0
0
91
278
474
630
730
756
710
604
445
248
32
0
0
0
0
0
0
0
0
0
0
0
0
0
95
291
481
628
726
757
710
604
445
250
31
0
0
0
0
0
0
0
0
0
0
0
0
0
8
24
40
53
61
380
354
308
230
130
19
0
0
0
0
0
0
0
0
0
0
0
0
0
93
252
427
539
605
673
631
550
405
231
66
0
0
0
0
0
0
0
0
0
0
0
0
0
95
276
464
610
714
742
695
590
447
259
80
0
0
0
0
0
0
0
0
0
0
0
0
0
27
158
435
499
542
514
496
339
428
272
82
0
0
0
0
0
0
0
0
0
0
0
0
0
80
242
397
504
580
608
557
471
361
216
67
0
0
0
0
0
0
0
0
0
0
0
0
0
81
237
376
480
531
559
549
459
366
213
65
0
0
0
0
0
0
0
0
0
0
0
0
1
104
287
456
597
691
718
694
565
425
251
78
0
0
0
0
0
0
0
0
0
0
0
0
4
120
355
443
594
370
462
275
119
41
24
8
0
0
0
0
0
0
0
0
0
0
0
0
1
79
210
360
455
530
513
500
407
311
201
67
0
0
0
0
0
0
0
0
0
0
0
0
1
65
165
279
343
376
360
347
297
217
134
44
0
0
0
0
0
0
0
0
0
0
0
0
2
80
113
216
230
425
445
386
516
422
343
116
1
0
0
0
0
0
0
0
0
0
0
0
1
64
149
258
320
353
359
358
289
249
144
46
0
0
0
0
0
0
0
0
0
0
0
0
1
76
177
283
345
417
406
386
369
247
180
68
0
0
0
0
0
0
0
0
0
0
0
0
1
80
195
300
467
390
511
592
576
466
350
122
1
0
0
0
0
0
0
0
0
0
0
0
3
151
355
544
686
773
805
764
654
499
306
109
0
0
0
0
0
0
0
0
0
0
0
0
4
164
373
566
718
809
828
789
683
523
320
115
0
0
0
0
0
0
0
0
0
0
0
0
4
159
366
556
702
796
826
777
666
497
304
110
1
0
0
0
0
0
0
0
0
0
0
0
4
141
319
482
610
690
711
674
579
440
267
96
0
0
0
0
0
0
0
0
0
0
0
0
6
160
354
531
674
772
816
783
667
504
310
114
1
0
0
0
0
0
0
0
0
0
0
0
6
164
362
539
671
755
804
738
640
487
296
109
1
0
0
0
0
0
0
0
0
0
0
0
6
157
338
534
617
687
699
703
596
460
302
115
1
0
0
0
0
0
0
0
0
0
0
0
8
168
360
535
664
769
790
758
646
498
301
114
1
0
0
0
0
0
0
0
0
0
0
0
7
165
350
511
633
723
750
708
603
458
282
110
1
0
0
0
0
0
0
0
0
0
0
0
10
176
357
532
670
737
764
748
663
502
318
133
3
0
0
0
0
0
0
0
0
0
0
0
11
193
399
585
731
826
859
820
715
553
351
140
2
0
0
0
0
0
0
0
0
0
0
0
12
201
404
587
734
817
834
792
685
526
325
128
1
0
0
0
0
0
0
0
0
0
0
0
12
178
364
533
689
786
784
737
652
504
329
137
3
0
0
0
0
0
0
0
0
0
0
0
11
162
289
418
532
546
561
556
481
341
213
83
1
0
0
0
0
0
0
0
0
0
0
0
15
167
311
437
539
619
668
638
534
400
250
100
1
0
0
0
0
0
0
0
0
0
0
0
17
177
339
456
567
617
676
636
563
423
255
107
1
0
0
0
0
0
0
0
0
0
0
0
18
203
388
576
708
788
813
759
664
499
323
141
3
0
0
0
0
0
0
0
0
0
0
0
17
157
336
519
666
676
687
726
565
510
305
125
4
0
0
0
0
0
0
0
0
0
0
0
25
241
458
651
800
889
907
857
751
583
374
159
4
0
0
0
0
0
0
0
0
0
0
0
26
229
428
594
733
762
758
749
633
488
306
139
3
0
0
0
0
0
0
0
0
0
0
0
28
253
470
659
804
885
905
852
738
566
362
152
2
0
0
0
0
0
0
0
0
0
0
0
30
247
452
640
777
854
870
828
720
559
360
158
4
0
0
0
0
0
0
0
0
0
0
0
32
245
439
616
745
825
838
804
702
557
364
162
6
0
0
0
0
0
0
0
0
0
0
0
29
211
392
536
669
753
773
717
586
432
281
123
2
0
0
0
0
0
0
0
0
0
0
0
38
142
237
349
391
462
441
424
351
286
185
81
2
0
0
0
0
0
0
0
0
0
0
0
72
250
445
619
749
840
856
812
707
563
370
165
7
0
0
0
0
0
0
0
0
0
0
0
81
273
482
665
802
879
898
849
739
575
379
168
5
0
0
0
0
0
0
0
0
0
0
0
70
243
451
619
727
804
780
730
647
491
318
149
5
0
0
0
0
0
0
0
0
0
0
0
83
271
450
612
745
786
801
767
660
527
341
158
7
0
0
0
0
0
0
0
0
0
0
0
65
210
396
557
677
758
813
782
684
537
382
171
13
0
0
0
0
0
0
0
0
0
0
0
91
276
473
649
787
862
874
828
724
568
373
176
9
0
0
0
0
0
0
0
0
0
0
0
98
293
496
674
811
890
912
856
751
592
397
186
9
0
0
0
0
0
0
0
0
0
0
0
104
299
507
686
814
879
892
841
737
576
383
180
8
0
0
0
0
0
0
0
0
0
0
1
113
334
299
434
744
997
967
455
119
51
32
15
2
0
0
0
0
0
0
0
0
0
0
1
120
314
485
718
455
519
535
466
467
339
205
94
3
0
0
0
0
0
0
0
0
0
0
0
102
275
435
602
757
871
809
726
570
396
315
146
8
0
0
0
0
0
0
0
0
0
0
1
112
311
510
698
826
904
913
858
744
586
394
191
12
0
0
0
0
0
0
0
0
0
0
1
104
278
444
616
707
769
791
778
699
574
401
193
15
0
0
0
0
0
0
0
0
0
0
2
118
279
469
602
648
775
787
746
575
505
370
168
13
0
0
0
0
0
0
0
0
0
0
1
130
341
560
746
885
963
978
924
808
637
429
210
14
0
0
0
0
0
0
0
0
0
0
2
123
324
528
700
829
907
922
869
763
613
416
203
15
0
0
0
0
0
0
0
0
0
0
2
127
325
527
704
836
909
927
873
764
605
404
196
14
0
0
0
0
0
0
0
0
0
0
2
119
306
488
665
778
864
859
808
709
548
360
176
11
0
0
0
0
0
0
0
0
0
0
4
149
373
601
813
547
590
643
610
509
426
271
137
14
0
0
0
0
0
0
0
0
0
0
3
98
216
582
671
658
697
700
414
277
105
32
16
3
0
0
0
0
0
0
0
0
0
0
3
133
330
526
686
812
885
893
845
742
589
399
201
18
0
0
0
0
0
0
0
0
0
0
4
130
310
494
662
791
875
894
841
750
592
408
205
19
0
0
0
0
0
0
0
0
0
0
1
92
214
368
432
541
573
626
698
654
510
325
155
13
0
0
0
0
0
0
0
0
0
0
4
107
214
103
177
368
666
513
501
296
437
371
226
37
0
0
0
0
0
0
0
0
0
0
2
94
226
397
544
633
600
641
537
514
432
302
145
4
0
0
0
0
0
0
0
0
0
0
6
162
382
618
757
469
594
648
643
453
352
290
181
25
0
0
0
0
0
0
0
0
0
0
6
155
352
547
720
849
911
923
866
761
600
410
208
21
0
0
0
0
0
0
0
0
0
0
6
153
397
538
751
422
478
631
704
557
476
262
135
5
0
0
0
0
0
0
0
0
0
0
11
151
343
472
519
580
714
843
843
746
534
322
177
18
0
0
0
0
0
0
0
0
0
0
10
192
429
630
835
558
593
620
563
491
378
250
134
16
0
0
0
0
0
0
0
0
0
0
8
165
358
562
730
841
908
921
868
751
601
412
214
24
0
0
0
0
0
0
0
0
0
0
8
170
370
577
750
870
942
938
889
771
605
417
219
24
0
0
0
0
0
0
0
0
0
0
8
122
276
477
618
658
707
682
646
577
484
316
160
5
0
0
0
0
0
0
0
0
0
0
11
135
211
342
458
336
441
362
612
835
549
505
218
63
0
0
0
0
0
0
0
0
0
0
11
174
369
566
734
862
926
926
885
772
615
428
226
28
0
0
0
0
0
0
0
0
0
0
12
190
401
611
787
919
992
998
942
826
657
454
240
64
0
0
0
0
0
0
0
0
0
0
12
182
385
581
743
868
930
944
899
792
639
458
250
70
0
0
0
0
0
0
0
0
0
0
14
195
404
608
784
909
973
976
923
811
651
454
242
67
0
0
0
0
0
0
0
0
0
0
15
190
395
592
757
876
945
939
889
793
639
442
239
69
0
0
0
0
0
0
0
0
0
0
15
185
385
580
747
865
931
942
873
746
590
407
214
61
0
0
0
0
0
0
0
0
0
0
14
176
367
534
699
832
885
878
811
703
578
404
226
69
0
0
0
0
0
0
0
0
0
0
15
176
361
544
686
824
893
922
862
753
617
432
243
73
0
0
0
0
0
0
0
0
0
0
17
199
405
603
777
907
974
983
931
819
661
466
260
80
0
0
0
0
0
0
0
0
0
0
18
49
85
237
718
803
590
504
498
350
308
234
22
7
0
0
0
0
0
0
0
0
0
0
4
17
34
274
70
520
383
264
796
752
617
486
131
7
0
0
0
0
0
0
0
0
0
0
23
231
462
668
879
560
578
597
557
502
379
263
145
40
0
0
0
0
0
0
0
0
0
0
19
181
360
546
701
818
884
898
810
719
554
394
202
60
0
0
0
0
0
0
0
0
0
0
20
196
390
574
745
864
941
944
879
785
627
445
247
78
0
0
0
0
0
0
0
0
0
0
21
207
408
607
777
900
973
987
940
844
693
499
290
97
0
0
0
0
0
0
0
0
0
0
21
209
410
604
769
887
953
961
911
807
655
468
266
87
0
0
0
0
0
0
0
0
0
0
24
231
446
653
827
955
1026
1034
978
867
705
506
291
96
0
0
0
0
0
0
0
0
0
0
18
177
367
556
701
817
872
881
839
754
601
441
249
84
0
0
0
0
0
0
0
0
0
0
30
114
88
400
434
267
173
498
421
434
620
375
38
8
0
0
0
0
0
0
0
0
0
0
4
68
171
262
304
382
464
357
388
369
405
244
169
70
1
0
0
0
0
0
0
0
0
0
24
123
256
312
472
662
571
462
327
273
264
214
156
100
2
0
0
0
0
0
0
0
0
0
23
202
402
582
732
868
934
939
882
773
623
447
256
88
0
0
0
0
0
0
0
0
0
0
23
196
380
569
729
836
893
900
846
753
610
431
246
84
0
0
0
0
0
0
0
0
0
0
24
206
400
589
739
864
928
936
887
793
656
468
273
95
1
0
0
0
0
0
0
0
0
0
26
216
422
623
790
911
973
980
928
822
670
481
276
96
1
0
0
0
0
0
0
0
0
0
24
200
390
569
719
833
901
902
857
774
635
453
265
96
1
0
0
0
0
0
0
0
0
0
26
208
397
583
745
862
921
919
861
765
621
449
257
91
0
0
0
0
0
0
0
0
0
0
27
215
414
607
778
896
966
978
936
830
676
490
288
103
1
0
0
0
0
0
0
0
0
0
26
209
406
596
757
875
946
942
889
786
647
466
270
97
1
0
0
0
0
0
0
0
0
0
26
211
406
594
748
865
924
927
875
780
636
459
268
97
1
0
0
0
0
0
0
0
0
0
26
208
403
590
752
872
932
940
902
813
656
485
283
104
1
0
0
0
0
0
0
0
0
0
27
211
407
598
765
881
946
956
917
822
673
492
291
110
2
0
0
0
0
0
0
0
0
0
22
186
369
558
735
824
907
906
838
744
607
449
274
106
2
0
0
0
0
0
0
0
0
0
27
213
413
594
766
885
937
929
873
755
613
436
262
97
1
0
0
0
0
0
0
0
0
0
28
206
396
589
726
833
862
858
826
732
598
421
251
93
1
0
0
0
0
0
0
0
0
0
23
178
344
514
646
737
795
801
763
675
555
392
226
84
1
0
0
0
0
0
0
0
0
0
27
220
426
623
794
912
975
982
936
836
677
490
288
106
1
0
0
0
0
0
0
0
0
0
28
215
418
616
783
911
984
994
955
851
700
506
302
116
2
0
0
0
0
0
0
0
0
0
27
213
404
592
756
869
943
954
916
818
675
496
298
113
2
0
0
0
0
0
0
0
0
0
25
190
368
554
702
825
891
895
843
776
629
451
260
103
2
0
0
0
0
0
0
0
0
0
23
189
369
539
694
819
898
893
877
771
604
435
267
103
3
0
0
0
0
0
0
0
0
0
26
212
412
606
767
883
948
957
906
802
651
472
278
104
1
0
0
0
0
0
0
0
0
0
23
180
345
512
642
748
813
820
789
698
571
408
233
87
1
0
0
0
0
0
0
0
0
0
26
204
422
627
803
508
504
544
563
482
373
275
157
55
1
0
0
0
0
0
0
0
0
0
26
201
388
601
793
496
544
556
505
405
337
211
112
39
1
0
0
0
0
0
0
0
0
0
24
200
394
590
751
875
949
968
926
824
679
496
295
114
2
0
0
0
0
0
0
0
0
0
23
185
372
556
714
812
890
930
882
790
648
476
286
110
2
0
0
0
0
0
0
0
0
0
24
203
397
590
755
878
944
961
918
822
677
498
297
117
3
0
0
0
0
0
0
0
0
0
22
186
363
527
687
816
890
873
833
763
615
433
265
103
2
0
0
0
0
0
0
0
0
0
17
160
326
469
593
698
778
775
737
672
552
387
233
89
1
0
0
0
0
0
0
0
0
0
17
140
279
421
568
645
702
709
676
604
478
350
214
79
1
0
0
0
0
0
0
0
0
0
21
189
380
568
732
848
878
907
857
769
633
462
277
102
1
0
0
0
0
0
0
0
0
0
21
178
354
524
684
801
863
864
836
760
639
471
286
117
4
0
0
0
0
0
0
0
0
0
20
191
384
575
742
869
948
964
919
826
684
498
304
119
2
0
0
0
0
0
0
0
0
0
19
182
366
546
709
820
900
917
883
804
654
477
277
107
2
0
0
0
0
0
0
0
0
0
19
185
377
594
725
827
896
878
797
712
587
432
264
104
3
0
0
0
0
0
0
0
0
0
15
165
339
510
687
829
887
903
847
758
619
439
278
109
3
0
0
0
0
0
0
0
0
0
19
185
377
568
733
852
917
932
881
797
668
487
297
118
2
0
0
0
0
0
0
0
0
0
19
197
395
588
757
879
950
961
915
813
665
483
286
108
1
0
0
0
0
0
0
0
0
0
16
171
342
512
663
771
829
818
762
684
559
411
249
95
1
0
0
0
0
0
0
0
0
0
15
173
363
547
717
848
929
952
917
817
682
508
307
119
3
0
0
0
0
0
0
0
0
0
17
185
382
576
737
869
930
946
908
818
669
488
291
112
2
0
0
0
0
0
0
0
0
0
15
177
363
560
731
861
929
949
911
822
681
501
300
116
3
0
0
0
0
0
0
0
0
0
14
175
362
559
728
858
938
964
926
832
685
503
301
115
3
0
0
0
0
0
0
0
0
0
14
178
371
557
718
843
901
914
871
771
627
450
265
98
1
0
0
0
0
0
0
0
0
0
13
168
354
540
702
819
897
929
896
806
668
490
295
111
3
0
0
0
0
0
0
0
0
0
13
179
374
569
737
859
936
946
902
795
648
462
270
98
1
0
0
0
0
0
0
0
0
0
13
173
363
559
726
855
928
945
911
819
663
477
277
103
1
0
0
0
0
0
0
0
0
0
12
166
358
551
723
846
911
922
871
774
629
451
263
96
1
0
0
0
0
0
0
0
0
0
10
142
306
480
627
720
791
802
790
680
534
384
230
84
1
0
0
0
0
0
0
0
0
0
10
142
282
466
619
773
827
888
818
734
626
457
272
101
1
0
0
0
0
0
0
0
0
0
11
161
352
516
687
809
891
910
883
779
636
462
259
93
1
0
0
0
0
0
0
0
0
0
10
159
346
536
701
817
885
892
839
739
608
436
255
91
1
0
0
0
0
0
0
0
0
0
10
172
373
570
742
870
946
957
914
816
665
478
276
98
1
0
0
0
0
0
0
0
0
0
6
135
302
460
611
711
793
846
834
766
639
477
287
103
2
0
0
0
0
0
0
0
0
0
9
156
341
555
708
830
887
892
874
802
640
469
267
93
0
0
0
0
0
0
0
0
0
0
9
151
333
528
685
801
864
881
865
783
640
477
273
102
1
0
0
0
0
0
0
0
0
0
8
150
340
535
701
820
895
920
875
782
655
473
276
96
1
0
0
0
0
0
0
0
0
0
8
151
332
514
685
812
886
899
849
765
646
472
271
95
1
0
0
0
0
0
0
0
0
0
7
141
311
491
666
785
859
880
814
730
608
431
253
90
1
0
0
0
0
0
0
0
0
0
7
153
333
551
695
825
895
926
891
776
630
455
255
83
0
0
0
0
0
0
0
0
0
0
5
112
275
436
595
740
837
896
833
736
601
451
270
90
1
0
0
0
0
0
0
0
0
0
6
146
333
529
701
821
888
906
875
782
634
446
253
84
0
0
0
0
0
0
0
0
0
0
6
142
328
521
684
828
900
923
875
786
645
462
258
86
0
0
0
0
0
0
0
0
0
0
5
138
321
511
679
806
880
897
857
764
618
439
246
79
0
0
0
0
0
0
0
0
0
0
5
129
305
493
623
744
837
867
828
754
620
442
250
82
0
0
0
0
0
0
0
0
0
0
3
94
374
561
753
533
412
323
484
548
602
357
218
90
0
0
0
0
0
0
0
0
0
0
4
131
325
530
676
807
856
862
778
698
554
415
239
76
0
0
0
0
0
0
0
0
0
0
4
124
296
463
611
729
869
868
858
717
582
420
228
69
0
0
0
0
0
0
0
0
0
0
3
120
286
461
627
757
826
881
832
718
568
390
220
64
0
0
0
0
0
0
0
0
0
0
3
124
301
491
625
766
777
789
766
704
573
401
222
65
0
0
0
0
0
0
0
0
0
0
4
128
311
498
664
788
868
871
815
723
584
407
217
63
0
0
0
0
0
0
0
0
0
0
3
122
299
491
662
793
868
873
845
746
610
437
242
72
0
0
0
0
0
0
0
0
0
0
2
116
304
489
660
802
871
898
853
724
564
392
208
57
0
0
0
0
0
0
0
0
0
0
2
108
287
464
612
742
836
859
835
723
580
401
204
59
0
0
0
0
0
0
0
0
0
0
2
124
308
497
676
817
873
901
844
753
599
402
211
21
0
0
0
0
0
0
0
0
0
0
2
117
301
500
673
803
881
900
865
772
622
439
234
35
0
0
0
0
0
0
0
0
0
0
2
126
319
513
694
816
881
894
854
748
595
412
215
25
0
0
0
0
0
0
0
0
0
0
2
116
297
490
669
808
884
878
835
741
582
416
218
29
0
0
0
0
0
0
0
0
0
0
2
117
306
510
684
809
887
904
865
758
606
417
214
23
0
0
0
0
0
0
0
0
0
0
2
113
290
477
645
771
852
849
820
728
569
399
207
23
0
0
0
0
0
0
0
0
0
0
2
105
270
454
611
721
801
822
773
685
556
398
210
24
0
0
0
0
0
0
0
0
0
0
1
96
249
452
636
768
826
785
760
662
533
369
187
19
0
0
0
0
0
0
0
0
0
0
1
106
279
468
633
770
869
880
824
698
553
372
189
14
0
0
0
0
0
0
0
0
0
0
1
114
321
540
722
505
515
538
505
443
332
211
102
8
0
0
0
0
0
0
0
0
0
0
1
102
281
479
663
788
874
899
834
725
565
380
191
16
0
0
0
0
0
0
0
0
0
0
0
77
219
372
529
648
697
729
706
634
498
353
185
20
0
0
0
0
0
0
0
0
0
0
1
103
286
487
654
780
866
870
828
720
574
381
185
12
0
0
0
0
0
0
0
0
0
0
1
106
298
508
696
823
897
917
871
760
596
398
194
14
0
0
0
0
0
0
0
0
0
0
1
100
287
489
656
786
863
869
831
722
579
384
185
13
0
0
0
0
0
0
0
0
0
0
1
104
297
507
686
819
900
913
857
758
590
395
187
11
0
0
0
0
0
0
0
0
0
0
0
99
289
491
671
803
879
899
844
731
574
378
176
10
0
0
0
0
0
0
0
0
0
0
0
92
273
473
633
737
772
808
781
659
491
300
131
2
0
0
0
0
0
0
0
0
0
0
0
91
273
468
640
766
842
861
820
719
571
379
176
11
0
0
0
0
0
0
0
0
0
0
0
85
253
431
591
704
771
784
742
642
504
328
148
6
0
0
0
0
0
0
0
0
0
0
0
94
280
479
658
788
865
873
822
715
552
357
159
6
0
0
0
0
0
0
0
0
0
0
0
88
257
457
618
745
802
824
752
670
500
324
146
5
0
0
0
0
0
0
0
0
0
0
0
90
271
473
645
773
841
849
795
678
518
337
147
4
0
0
0
0
0
0
0
0
0
0
0
81
250
446
633
766
831
834
775
666
514
326
141
4
0
0
0
0
0
0
0
0
0
0
0
92
285
491
669
800
861
866
809
699
537
337
140
2
0
0
0
0
0
0
0
0
0
0
0
87
277
482
666
801
879
886
830
717
555
353
149
4
0
0
0
0
0
0
0
0
0
0
0
74
247
439
594
726
779
805
717
638
500
313
133
3
0
0
0
0
0
0
0
0
0
0
0
78
253
446
602
727
807
820
764
668
503
318
126
2
0
0
0
0
0
0
0
0
0
0
0
81
252
421
586
706
770
784
730
633
485
309
122
2
0
0
0
0
0
0
0
0
0
0
0
56
174
313
413
551
598
588
522
457
326
194
65
1
0
0
0
0
0
0
0
0
0
0
0
76
257
460
629
740
804
821
771
668
526
332
133
2
0
0
0
0
0
0
0
0
0
0
0
82
276
488
670
799
870
873
814
695
523
320
119
1
0
0
0
0
0
0
0
0
0
0
0
79
270
477
660
794
870
878
820
699
526
322
120
1
0
0
0
0
0
0
0
0
0
0
0
68
239
428
603
738
816
834
772
649
494
304
114
1
0
0
0
0
0
0
0
0
0
0
0
62
212
375
512
619
670
670
620
529
409
242
87
0
0
0
0
0
0
0
0
0
0
0
0
52
90
88
262
357
722
967
588
527
425
255
85
1
0
0
0
0
0
0
0
0
0
0
0
71
239
304
404
439
570
877
414
50
45
207
104
0
0
0
0
0
0
0
0
0
0
0
0
21
179
277
407
523
536
627
814
624
507
329
111
1
0
0
0
0
0
0
0
0
0
0
0
35
270
487
673
807
882
889
826
701
521
308
102
0
0
0
0
0
0
0
0
0
0
0
0
33
259
472
655
792
870
870
807
686
509
296
95
0
0
0
0
0
0
0
0
0
0
0
0
33
265
481
670
802
873
876
808
678
495
284
87
0
0
0
0
0
0
0
0
0
0
0
0
28
242
446
613
729
787
798
740
624
463
265
80
0
0
0
0
0
0
0
0
0
0
0
0
5
101
203
326
414
401
409
291
322
187
122
50
0
0
0
0
0
0
0
0
0
0
0
0
11
152
232
316
413
486
648
790
536
364
174
50
0
0
0
0
0
0
0
0
0
0
0
0
27
241
448
629
758
831
834
774
656
478
271
41
0
0
0
0
0
0
0
0
0
0
0
0
28
212
343
436
615
678
547
603
416
290
148
5
0
0
0
0
0
0
0
0
0
0
0
0
21
210
392
577
688
754
747
663
551
394
217
30
0
0
0
0
0
0
0
0
0
0
0
0
27
186
327
454
567
549
602
588
573
382
178
23
0
0
0
0
0
0
0
0
0
0
0
0
4
130
163
259
391
461
458
357
356
405
250
34
0
0
0
0
0
0
0
0
0
0
0
0
15
176
330
487
651
717
673
636
489
374
212
25
0
0
0
0
0
0
0
0
0
0
0
0
29
234
409
600
795
764
362
236
48
39
85
4
0
0
0
0
0
0
0
0
0
0
0
0
14
203
359
552
679
736
742
568
448
325
152
5
0
0
0
0
0
0
0
0
0
0
0
0
18
208
400
575
696
774
775
708
586
412
217
18
0
0
0
0
0
0
0
0
0
0
0
0
12
189
345
483
633
678
688
599
479
311
146
3
0
0
0
0
0
0
0
0
0
0
0
0
13
190
375
571
696
703
705
593
480
316
167
8
0
0
0
0
0
0
0
0
0
0
0
0
16
219
427
608
738
808
807
740
609
426
217
15
0
0
0
0
0
0
0
0
0
0
0
0
15
217
425
602
732
797
787
720
588
407
204
12
0
0
0
0
0
0
0
0
0
0
0
0
13
194
386
553
671
745
718
653
531
367
180
8
0
0
0
0
0
0
0
0
0
0
0
0
13
170
328
495
598
683
681
614
490
362
177
13
0
0
0
0
0
0
0
0
0
0
0
0
13
177
345
488
596
681
664
588
492
318
161
10
0
0
0
0
0
0
0
0
0
0
0
0
11
186
372
543
664
731
729
663
536
369
181
9
0
0
0
0
0
0
0
0
0
0
0
0
8
160
345
500
607
641
640
566
468
314
143
2
0
0
0
0
0
0
0
0
0
0
0
0
10
191
389
564
688
753
754
686
553
373
175
7
0
0
0
0
0
0
0
0
0
0
0
0
9
143
326
373
404
511
615
600
532
324
124
5
0
0
0
0
0
0
0
0
0
0
0
0
8
168
357
528
650
725
713
645
518
339
155
6
0
0
0
0
0
0
0
0
0
0
0
0
7
144
305
451
560
609
598
546
426
265
114
2
0
0
0
0
0
0
0
0
0
0
0
0
5
73
152
254
305
332
348
291
223
135
64
1
0
0
0
0
0
0
0
0
0
0
0
0
2
85
167
283
352
400
413
344
277
189
83
1
0
0
0
0
0
0
0
0
0
0
0
0
4
125
292
465
590
621
625
531
438
279
117
5
0
0
0
0
0
0
0
0
0
0
0
0
5
149
332
498
609
658
659
609
486
324
135
3
0
0
0
0
0
0
0
0
0
0
0
0
3
156
277
445
577
600
556
512
410
259
102
1
0
0
0
0
0
0
0
0
0
0
0
0
5
142
313
471
585
635
638
570
452
289
111
2
0
0
0
0
0
0
0
0
0
0
0
0
4
132
285
421
532
572
565
505
395
254
103
1
0
0
0
0
0
0
0
0
0
0
0
0
4
115
315
457
331
303
56
241
166
231
115
4
0
0
0
0
0
0
0
0
0
0
0
0
3
139
302
461
570
644
654
555
435
284
123
3
0
0
0
0
0
0
0
0
0
0
0
0
3
137
317
478
590
643
654
588
470
306
123
2
0
0
0
0
0
0
0
0
0
0
0
0
3
114
269
403
494
552
552
491
389
245
93
1
0
0
0
0
0
0
0
0
0
0
0
0
2
118
273
417
521
567
556
495
386
244
92
1
0
0
0
0
0
0
0
0
0
0
0
0
2
125
296
451
564
617
614
545
424
262
97
0
0
0
0
0
0
0
0
0
0
0
0
0
2
117
289
452
570
616
612
546
419
252
92
1
0
0
0
0
0
0
0
0
0
0
0
0
2
119
285
447
556
621
624
526
423
273
91
0
0
0
0
0
0
0
0
0
0
0
0
0
2
126
306
471
592
650
652
587
466
292
110
1
0
0
0
0
0
0
0
0
0
0
0
0
1
110
268
417
519
569
560
501
390
241
87
0
0
0
0
0
0
0
0
0
0
0
0
0
1
117
294
443
562
622
615
553
430
260
92
0
0
0
0
0
0
0
0
0
0
0
0
0
1
117
293
453
580
635
636
573
444
280
101
0
0
0
0
0
0
0
0
0
0
0
0
0
1
119
304
476
599
661
657
587
458
281
98
0
0
0
0
0
0
0
0
0
0
0
0
0
1
109
284
460
579
626
613
539
412
245
85
0
0
0
0
0
0
0
0
0
0
0
0
0
0
81
178
323
526
480
513
459
307
227
60
0
0
0
0
0
0
0
0
0
0
0
0
0
0
86
229
366
472
521
522
474
367
231
79
0
0
0
0
0
0
0
0
0
0
0
0
0
1
102
276
437
553
621
617
546
427
259
86
0
0
0
0
0
0
0
0
0
0
0
0
0
0
100
272
428
541
602
603
543
424
253
81
0
0
0
0
0
0
0
0
0
0
0
0
0
0
99
269
430
538
599
601
531
415
250
82
0
0
0
0
0
0
0
0
0
0
0
0
0
0
90
260
409
534
594
600
528
396
246
77
0
0
0
0
0
0
0
0
0
0
0
0
0
1
73
165
269
625
421
245
192
211
109
41
0
0
0
0
0
0
0
0
0
0
0
0
0
0
98
231
384
500
508
426
392
210
126
19
0
0
0
0
0
0
0
0
0
0
0
0
0
0
90
266
430
550
613
609
542
417
247
74
0
0
0
0
0
0
0
0
0
0
0
0
0
0
69
208
306
403
486
551
454
315
225
67
0
0
0
0
0
0
0
0
0
0
0
0
0
0
60
185
343
397
518
520
519
357
232
69
0
0
0
0
0
0
0
0
0
0
0
0
0
0
80
253
415
528
593
589
514
391
226
31
0
0
0
0
0
0
0
0
0
0
0
0
0
0
71
217
375
496
562
552
500
376
213
29
0
0
0
0
0
0
0
0
0
0
0
0
0
0
56
162
241
334
415
418
444
396
218
26
0
0
0
0
0
0
0
0
0
0
0
0
0
0
64
212
356
471
495
517
468
340
182
14
0
0
0
0
0
0
0
0
0
0
0
0
0
0
67
185
319
474
540
482
442
316
162
21
0
0
0
0
0
0
0
0
0
0
0
0
0
0
69
234
395
517
577
579
509
385
225
29
0
0
0
0
0
0
0
0
0
0
0
0
0
0
20
161
338
412
455
457
378
285
240
44
0
0
0
0
0
0
0
0
0
0
0
0
0
0
5
160
228
269
434
357
259
190
195
31
0
0
0
0
0
0
0
0
0
0
0
0
0
0
23
204
319
472
541
482
366
263
170
20
0
0
0
0
0
0
0
0
0
0
0
0
0
0
24
200
339
465
549
550
471
352
206
27
0
0
0
0
0
0
0
0
0
0
0
0
0
0
24
199
356
470
523
528
470
369
213
27
0
0
0
0
0
0
0
0
0
0
0
0
0
0
25
208
369
489
560
559
501
381
223
28
0
0
0
0
0
0
0
0
0
0
0
0
0
0
26
206
354
439
501
491
399
331
183
22
0
0
0
0
0
0
0
0
0
0
0
0
0
0
23
215
379
501
575
576
508
387
224
26
0
0
0
0
0
0
0
0
0
0
0
0
0
0
20
201
360
478
549
553
494
371
217
30
0
0
0
0
0
0
0
0
0
0
0
0
0
0
20
201
363
491
557
557
494
371
214
27
0
0
0
0
0
0
0
0
0
0
0
0
0
0
20
203
371
497
570
575
514
394
228
30
0
0
0
0
0
0
0
0
0
0
0
0
0
0
19
207
373
499
570
572
513
394
229
29
0
0
0
0
0
0
0
0
0
0
0
0
0
0
18
201
364
491
556
564
501
385
223
27
0
0
0
0
0
0
0
0
0
0
0
0
0
0
13
182
298
427
501
521
445
320
185
20
0
0
0
0
0
0
0
0
0
0
0
0
0
0
15
152
287
385
441
491
474
367
218
32
0
0
0
0
0
0
0
0
0
0
0
0
0
0
14
184
339
456
525
535
481
376
216
26
0
0
0
0
0
0
0
0
0
0
0
0
0
0
13
168
302
401
490
503
474
350
211
27
0
0
0
0
0
0
0
0
0
0
0
0
0
0
13
181
340
475
546
554
495
375
217
30
0
0
0
0
0
0
0
0
0
0
0
0
0
0
12
164
306
416
488
506
464
366
210
28
0
0
0
0
0
0
0
0
0
0
0
0
0
0
13
182
344
480
534
543
467
350
196
21
0
0
0
0
0
0
0
0
0
0
0
0
0
0
11
157
287
406
482
490
420
334
202
22
0
0
0
0
0
0
0
0
0
0
0
0
0
0
3
123
257
430
418
432
375
304
146
28
0
0
0
0
0
0
0
0
0
0
0
0
0
0
5
122
253
427
437
492
335
266
167
5
0
0
0
0
0
0
0
0
0
0
0
0
0
0
2
116
214
321
444
296
334
212
150
19
0
0
0
0
0
0
0
0
0
0
0
0
0
0
2
49
103
142
164
169
164
123
74
11
0
0
0
0
0
0
0
0
0
0
0
0
0
0
6
152
307
384
416
445
467
339
189
29
0
0
0
0
0
0
0
0
0
0
0
0
0
0
9
143
276
411
477
476
423
345
215
34
0
0
0
0
0
0
0
0
0
0
0
0
0
0
7
146
301
429
505
492
449
358
216
36
0
0
0
0
0
0
0
0
0
0
0
0
0
0
9
170
334
468
544
548
489
371
217
28
0
0
0
0
0
0
0
0
0
0
0
0
0
0
2
112
204
309
360
437
428
358
211
29
0
0
0
0
0
0
0
0
0
0
0
0
0
0
13
177
356
498
455
343
246
159
114
9
0
0
0
0
0
0
0
0
0
0
0
0
0
0
5
149
345
457
415
331
322
256
113
6
0
0
0
0
0
0
0
0
0
0
0
0
0
0
8
153
311
394
492
476
375
275
146
47
0
0
0
0
0
0
0
0
0
0
0
0
0
0
9
148
275
379
482
495
425
293
180
49
0
0
0
0
0
0
0
0
0
0
0
0
0
0
6
112
218
314
365
392
317
247
153
71
0
0
0
0
0
0
0
0
0
0
0
0
0
0
3
100
258
365
287
387
312
296
93
6
0
0
0
0
0
0
0
0
0
0
0
0
0
0
6
142
289
411
483
515
476
371
220
72
0
0
0
0
0
0