0
0
0
0
0
0
0
1
79
189
285
372
380
371
304
210
81
1
0
0
0
0
0
0
0
0
0
0
0
0
0
1
93
265
395
144
295
202
414
201
50
1
0
0
0
0
0
0
0
0
0
0
0
0
0
1
88
160
218
381
298
300
275
212
140
2
0
0
0
0
0
0
0
0
0
0
0
0
0
2
88
205
303
368
392
367
295
205
85
1
0
0
0
0
0
0
0
0
0
0
0
0
0
1
58
136
206
248
258
247
199
123
51
1
0
0
0
0
0
0
0
0
0
0
0
0
0
3
145
344
275
127
47
176
288
254
41
1
0
0
0
0
0
0
0
0
0
0
0
0
0
2
143
324
473
564
594
557
459
309
132
1
0
0
0
0
0
0
0
0
0
0
0
0
0
1
13
54
92
99
76
425
362
242
109
1
0
0
0
0
0
0
0
0
0
0
0
0
0
1
12
28
40
49
51
412
336
228
102
1
0
0
0
0
0
0
0
0
0
0
0
0
0
2
119
252
385
476
514
454
372
252
104
1
0
0
0
0
0
0
0
0
0
0
0
0
0
2
113
261
383
447
472
441
356
243
107
1
0
0
0
0
0
0
0
0
0
0
0
0
0
2
89
201
276
349
368
360
296
219
99
1
0
0
0
0
0
0
0
0
0
0
0
0
0
2
137
310
454
546
584
552
461
318
145
3
0
0
0
0
0
0
0
0
0
0
0
0
0
2
138
310
449
538
570
544
456
317
146
3
0
0
0
0
0
0
0
0
0
0
0
0
0
2
144
321
467
563
600
571
480
335
158
4
0
0
0
0
0
0
0
0
0
0
0
0
0
3
155
344
498
597
635
603
505
353
166
4
0
0
0
0
0
0
0
0
0
0
0
0
0
2
130
293
423
511
532
502
425
304
142
3
0
0
0
0
0
0
0
0
0
0
0
0
0
2
39
132
88
134
164
370
375
290
127
2
0
0
0
0
0
0
0
0
0
0
0
0
0
2
124
285
415
507
537
497
405
306
150
5
0
0
0
0
0
0
0
0
0
0
0
0
0
3
114
190
307
319
409
422
376
217
95
2
0
0
0
0
0
0
0
0
0
0
0
0
0
3
151
334
485
582
619
589
495
348
170
6
0
0
0
0
0
0
0
0
0
0
0
0
0
3
132
292
414
488
538
523
431
300
147
5
0
0
0
0
0
0
0
0
0
0
0
0
0
12
152
270
381
450
392
368
227
155
93
3
0
0
0
0
0
0
0
0
0
0
0
0
0
4
147
315
458
544
569
541
463
322
168
7
0
0
0
0
0
0
0
0
0
0
0
0
0
3
152
301
410
580
675
676
576
415
214
16
0
0
0
0
0
0
0
0
0
0
0
0
0
4
155
332
474
565
604
573
482
351
182
9
0
0
0
0
0
0
0
0
0
0
0
0
0
4
70
181
270
296
332
319
260
162
104
3
0
0
0
0
0
0
0
0
0
0
0
0
0
2
76
166
270
327
301
304
256
170
88
3
0
0
0
0
0
0
0
0
0
0
0
0
0
2
59
108
152
197
204
188
168
96
60
3
0
0
0
0
0
0
0
0
0
0
0
0
0
2
103
209
379
503
484
449
368
254
140
7
0
0
0
0
0
0
0
0
0
0
0
0
0
11
131
276
277
359
361
417
371
162
98
4
0
0
0
0
0
0
0
0
0
0
0
0
0
6
177
367
524
629
670
645
554
407
221
17
0
0
0
0
0
0
0
0
0
0
0
0
0
6
181
373
530
635
672
645
554
406
219
17
0
0
0
0
0
0
0
0
0
0
0
0
0
5
107
221
298
330
366
358
277
188
99
4
0
0
0
0
0
0
0
0
0
0
0
0
0
25
185
315
600
592
201
82
91
176
125
4
0
0
0
0
0
0
0
0
0
0
0
0
0
2
58
135
200
135
406
425
421
349
255
42
0
0
0
0
0
0
0
0
0
0
0
0
0
2
15
89
154
495
164
647
635
55
126
20
0
0
0
0
0
0
0
0
0
0
0
0
0
4
78
180
345
449
445
470
451
447
201
49
0
0
0
0
0
0
0
0
0
0
0
0
0
8
107
233
342
349
360
362
340
246
120
5
0
0
0
0
0
0
0
0
0
0
0
0
0
6
34
55
82
57
82
482
468
352
213
18
0
0
0
0
0
0
0
0
0
0
0
0
0
3
66
350
401
359
175
248
409
193
278
52
0
0
0
0
0
0
0
0
0
0
0
0
0
3
75
139
210
261
280
266
223
153
92
14
0
0
0
0
0
0
0
0
0
0
0
0
0
3
77
141
125
135
256
375
437
493
267
38
0
0
0
0
0
0
0
0
0
0
0
0
0
3
191
456
388
359
342
245
262
296
140
8
0
0
0
0
0
0
0
0
0
0
0
0
0
7
108
195
264
324
346
331
313
214
110
7
0
0
0
0
0
0
0
0
0
0
0
0
0
17
232
436
600
708
752
722
630
476
282
83
0
0
0
0
0
0
0
0
0
0
0
0
0
19
237
436
597
702
747
721
629
482
290
90
0
0
0
0
0
0
0
0
0
0
0
0
0
16
200
374
526
620
629
584
524
375
221
71
0
0
0
0
0
0
0
0
0
0
0
0
0
21
236
431
589
697
736
709
621
473
283
89
0
0
0
0
0
0
0
0
0
0
0
0
0
21
226
412
565
668
706
682
599
459
283
93
0
0
0
0
0
0
0
0
0
0
0
0
0
15
152
398
483
539
493
489
470
457
279
88
0
0
0
0
0
0
0
0
0
0
0
0
0
18
20
37
50
365
265
435
451
556
337
111
1
0
0
0
0
0
0
0
0
0
0
0
0
27
266
500
697
576
147
63
55
42
26
9
0
0
0
0
0
0
0
0
0
0
0
0
0
27
234
416
568
672
714
690
595
453
273
91
0
0
0
0
0
0
0
0
0
0
0
0
0
27
240
428
582
673
701
677
582
457
275
95
0
0
0
0
0
0
0
0
0
0
0
0
0
35
275
483
651
761
804
777
681
525
324
114
0
0
0
0
0
0
0
0
0
0
0
0
0
6
77
134
250
272
301
281
264
186
120
42
0
0
0
0
0
0
0
0
0
0
0
0
0
38
273
475
637
744
784
758
665
513
319
114
0
0
0
0
0
0
0
0
0
0
0
0
0
7
23
41
54
63
67
469
417
330
212
75
0
0
0
0
0
0
0
0
0
0
0
0
0
69
237
426
566
667
707
693
618
473
301
113
1
0
0
0
0
0
0
0
0
0
0
0
0
77
245
421
559
621
651
609
560
431
256
104
1
0
0
0
0
0
0
0
0
0
0
0
0
76
244
410
544
624
658
635
560
435
274
103
0
0
0
0
0
0
0
0
0
0
0
0
0
91
286
477
634
734
779
757
672
527
338
133
1
0
0
0
0
0
0
0
0
0
0
0
0
94
286
475
630
729
768
738
646
506
324
126
1
0
0
0
0
0
0
0
0
0
0
0
0
102
305
510
669
773
815
785
688
535
338
131
1
0
0
0
0
0
0
0
0
0
0
0
0
111
324
533
701
809
846
819
719
559
355
140
1
0
0
0
0
0
0
0
0
0
0
0
0
110
311
503
656
756
792
762
672
528
340
139
1
0
0
0
0
0
0
0
0
0
0
0
0
114
315
509
660
757
794
764
678
528
340
141
2
0
0
0
0
0
0
0
0
0
0
0
0
111
300
480
625
732
774
746
656
516
338
141
2
0
0
0
0
0
0
0
0
0
0
0
0
11
38
61
445
763
586
396
843
383
33
14
1
0
0
0
0
0
0
0
0
0
0
0
1
93
218
361
441
517
529
507
418
331
222
94
1
0
0
0
0
0
0
0
0
0
0
0
1
63
157
263
373
408
384
387
342
257
192
86
1
0
0
0
0
0
0
0
0
0
0
0
6
89
237
46
157
286
416
733
384
192
122
104
8
0
0
0
0
0
0
0
0
0
0
0
1
145
366
573
738
844
878
842
744
585
379
161
2
0
0
0
0
0
0
0
0
0
0
0
2
131
323
512
667
766
796
752
669
530
347
150
4
0
0
0
0
0
0
0
0
0
0
0
1
147
386
463
551
936
737
329
100
62
140
162
10
0
0
0
0
0
0
0
0
0
0
0
2
129
316
499
628
701
696
682
600
472
307
129
2
0
0
0
0
0
0
0
0
0
0
0
3
72
171
282
359
349
383
387
320
242
169
77
2
0
0
0
0
0
0
0
0
0
0
0
8
144
276
426
284
503
605
593
458
405
123
15
2
0
0
0
0
0
0
0
0
0
0
0
2
75
168
265
319
357
397
371
336
269
187
73
2
0
0
0
0
0
0
0
0
0
0
0
3
105
246
364
469
532
532
512
437
339
212
101
2
0
0
0
0
0
0
0
0
0
0
0
5
168
358
545
688
778
802
762
676
519
350
163
5
0
0
0
0
0
0
0
0
0
0
0
6
195
425
637
801
899
929
891
785
618
412
188
5
0
0
0
0
0
0
0
0
0
0
0
7
179
387
566
707
783
813
781
697
563
383
180
7
0
0
0
0
0
0
0
0
0
0
0
8
184
392
580
717
791
814
778
692
553
376
173
6
0
0
0
0
0
0
0
0
0
0
0
8
158
337
485
622
700
714
660
578
464
302
134
2
0
0
0
0
0
0
0
0
0
0
0
32
241
298
499
488
213
553
542
486
84
237
196
9
0
0
0
0
0
0
0
0
0
0
0
4
101
216
264
393
444
332
439
479
524
443
229
34
0
0
0
0
0
0
0
0
0
0
0
10
147
316
391
529
566
605
533
475
315
251
103
3
0
0
0
0
0
0
0
0
0
0
0
13
213
414
602
741
828
856
815
732
588
404
196
9
0
0
0
0
0
0
0
0
0
0
0
8
140
289
442
545
582
614
581
499
394
250
113
3
0
0
0
0
0
0
0
0
0
0
0
20
276
502
718
904
471
467
414
383
320
224
118
9
0
0
0
0
0
0
0
0
0
0
0
18
229
438
624
769
852
879
848
758
611
422
210
12
0
0
0
0
0
0
0
0
0
0
0
24
266
470
682
842
588
638
636
592
501
345
172
15
0
0
0
0
0
0
0
0
0
0
0
21
237
444
630
775
863
889
849
757
615
426
219
15
0
0
0
0
0
0
0
0
0
0
0
15
170
316
449
525
513
557
568
535
379
250
125
4
0
0
0
0
0
0
0
0
0
0
0
14
182
358
500
596
554
636
625
532
651
414
183
14
0
0
0
0
0
0
0
0
0
0
0
30
275
505
706
858
949
976
933
826
664
456
229
13
0
0
0
0
0
0
0
0
0
0
0
29
241
436
608
739
813
841
804
714
550
372
190
12
0
0
0
0
0
0
0
0
0
0
0
32
259
470
656
803
892
924
892
800
656
463
244
23
0
0
0
0
0
0
0
0
0
0
0
37
285
508
702
851
946
973
935
834
676
473
247
20
0
0
0
0
0
0
0
0
0
0
0
32
235
402
562
676
761
817
801
711
568
394
206
17
0
0
0
0
0
0
0
0
0
0
0
81
282
491
675
814
899
921
883
786
637
443
232
19
0
0
0
0
0
0
0
0
0
0
0
95
337
602
819
764
263
388
552
396
330
170
151
28
0
0
0
0
0
0
0
0
0
0
0
64
205
350
471
537
571
585
516
467
378
220
123
5
0
0
0
0
0
0
0
0
0
0
0
63
188
404
518
664
778
781
758
651
548
377
213
24
0
0
0
0
0
0
0
0
0
0
0
54
192
333
490
496
586
594
552
528
395
273
133
5
0
0
0
0
0
0
0
0
0
0
0
71
182
329
446
618
685
672
663
522
439
272
119
5
0
0
0
0
0
0
0
0
0
0
0
90
272
463
611
710
783
811
745
702
575
385
219
22
0
0
0
0
0
0
0
0
0
0
0
94
266
473
661
653
714
800
673
494
447
351
183
23
0
0
0
0
0
0
0
0
0
0
0
112
343
535
752
1014
523
418
395
304
248
185
118
8
0
0
0
0
0
0
0
0
0
0
0
100
288
479
653
795
864
899
863
764
619
440
243
28
0
0
0
0
0
0
0
0
0
0
0
126
356
584
779
938
484
512
483
416
356
244
132
16
0
0
0
0
0
0
0
0
0
0
0
77
221
344
470
557
614
617
590
534
397
246
124
6
0
0
0
0
0
0
0
0
0
0
0
59
228
358
395
438
487
460
454
417
206
40
36
6
0
0
0
0
0
0
0
0
0
0
1
135
362
594
793
946
1031
1050
1003
887
716
503
271
30
0
0
0
0
0
0
0
0
0
0
1
103
272
449
658
766
820
837
784
721
537
392
209
63
0
0
0
0
0
0
0
0
0
0
1
130
341
557
746
888
969
995
949
843
688
488
269
75
0
0
0
0
0
0
0
0
0
0
1
52
164
284
347
465
426
464
388
371
217
164
70
7
0
0
0
0
0
0
0
0
0
0
2
119
293
480
630
716
802
826
689
624
501
392
220
64
0
0
0
0
0
0
0
0
0
0
1
121
303
490
668
785
868
878
835
767
640
459
262
79
0
0
0
0
0
0
0
0
0
0
2
127
312
507
664
785
864
891
848
750
623
446
249
74
0
0
0
0
0
0
0
0
0
0
3
149
363
575
755
887
969
998
957
856
704
509
292
90
0
0
0
0
0
0
0
0
0
0
3
138
332
525
689
816
897
911
872
788
650
471
274
87
0
0
0
0
0
0
0
0
0
0
4
167
408
646
874
1056
630
622
540
480
435
334
177
48
0
0
0
0
0
0
0
0
0
0
4
168
395
621
814
954
1040
1057
1010
901
733
525
298
93
0
0
0
0
0
0
0
0
0
0
4
172
402
632
825
967
1048
1063
1011
894
721
511
284
85
0
0
0
0
0
0
0
0
0
0
1
13
31
230
64
113
608
1160
864
396
59
302
58
38
0
0
0
0
0
0
0
0
0
0
2
106
246
376
487
599
626
618
651
613
495
369
220
68
0
0
0
0
0
0
0
0
0
0
3
70
101
224
215
217
252
285
210
221
191
175
90
28
0
0
0
0
0
0
0
0
0
0
7
104
225
184
348
455
765
1119
512
222
378
72
25
8
0
0
0
0
0
0
0
0
0
0
5
158
361
626
814
974
625
655
649
597
463
348
221
83
0
0
0
0
0
0
0
0
0
0
11
192
358
522
752
887
1098
1120
1074
964
796
566
308
98
0
0
0
0
0
0
0
0
0
0
7
168
371
573
744
873
946
967
927
830
685
499
295
103
0
0
0
0
0
0
0
0
0
0
6
152
336
517
668
783
848
864
830
745
614
448
264
93
0
0
0
0
0
0
0
0
0
0
7
164
362
562
732
863
928
943
907
812
668
489
288
101
0
0
0
0
0
0
0
0
0
0
2
15
33
559
505
727
1144
797
157
241
62
45
27
10
0
0
0
0
0
0
0
0
0
0
9
154
319
473
589
683
744
818
811
738
640
486
295
106
1
0
0
0
0
0
0
0
0
0
2
17
97
117
407
569
720
724
430
354
312
361
172
69
1
0
0
0
0
0
0
0
0
0
10
202
425
643
829
966
1047
1066
1022
918
761
562
339
126
1
0
0
0
0
0
0
0
0
0
6
112
240
349
467
524
608
669
639
553
462
332
203
74
1
0
0
0
0
0
0
0
0
0
9
158
330
498
635
742
808
828
787
718
595
443
265
97
1
0
0
0
0
0
0
0
0
0
18
194
341
522
760
902
446
547
669
628
526
360
218
76
1
0
0
0
0
0
0
0
0
0
12
196
407
609
783
909
984
1000
961
863
717
532
326
127
1
0
0
0
0
0
0
0
0
0
13
209
433
649
834
971
1053
1073
1027
919
764
565
346
134
1
0
0
0
0
0
0
0
0
0
17
114
217
351
76
81
92
367
671
1045
887
550
183
149
6
0
0
0
0
0
0
0
0
0
8
146
318
488
625
749
750
743
695
735
663
511
312
133
2
0
0
0
0
0
0
0
0
0
13
192
398
598
768
898
973
987
953
862
721
538
331
132
2
0
0
0
0
0
0
0
0
0
13
203
420
630
812
947
1025
1042
1000
900
743
548
334
131
1
0
0
0
0
0
0
0
0
0
13
190
391
587
752
878
948
959
920
831
695
518
320
129
2
0
0
0
0
0
0
0
0
0
7
114
236
379
508
565
606
646
603
533
459
347
196
69
1
0
0
0
0
0
0
0
0
0
14
187
383
567
733
859
932
950
911
822
686
508
321
130
3
0
0
0
0
0
0
0
0
0
14
197
406
610
780
914
995
1012
975
879
733
550
343
141
3
0
0
0
0
0
0
0
0
0
14
199
405
606
777
904
985
1004
965
872
730
544
339
141
3
0
0
0
0
0
0
0
0
0
16
210
425
635
811
946
1026
1043
999
900
752
562
349
145
3
0
0
0
0
0
0
0
0
0
6
86
185
278
357
375
426
419
413
351
255
219
135
53
1
0
0
0
0
0
0
0
0
0
15
189
382
558
703
795
856
886
844
759
651
489
295
128
3
0
0
0
0
0
0
0
0
0
15
192
388
585
743
861
932
945
914
825
694
521
320
134
3
0
0
0
0
0
0
0
0
0
14
182
355
533
685
805
887
903
869
812
676
511
312
130
3
0
0
0
0
0
0
0
0
0
16
209
422
634
816
951
1029
1052
1014
919
770
583
368
157
5
0
0
0
0
0
0
0
0
0
16
203
411
613
786
912
987
1006
965
871
726
544
342
147
4
0
0
0
0
0
0
0
0
0
16
204
415
622
801
933
1012
1034
995
898
752
563
352
148
4
0
0
0
0
0
0
0
0
0
16
202
410
616
795
928
1007
1033
997
910
765
584
375
166
7
0
0
0
0
0
0
0
0
0
16
207
418
623
797
929
1007
1029
989
893
750
565
358
154
4
0
0
0
0
0
0
0
0
0
16
199
403
604
777
909
986
1013
987
898
761
583
376
169
8
0
0
0
0
0
0
0
0
0
17
220
446
666
854
994
1077
1093
1049
943
782
582
360
150
2
0
0
0
0
0
0
0
0
0
16
202
411
614
789
916
997
1017
978
885
744
561
356
155
5
0
0
0
0
0
0
0
0
0
15
194
395
590
757
880
951
976
946
852
719
542
347
153
5
0
0
0
0
0
0
0
0
0
15
191
393
592
767
900
980
1002
967
877
738
559
355
157
6
0
0
0
0
0
0
0
0
0
15
196
400
603
773
905
983
1003
964
870
729
547
344
149
4
0
0
0
0
0
0
0
0
0
16
207
424
638
824
963
1042
1064
1027
927
780
588
374
164
5
0
0
0
0
0
0
0
0
0
13
173
351
513
667
783
871
876
847
770
628
478
310
136
5
0
0
0
0
0
0
0
0
0
14
180
375
560
731
860
927
958
927
846
707
533
334
148
6
0
0
0
0
0
0
0
0
0
14
188
392
593
769
903
986
1014
986
902
758
575
369
165
8
0
0
0
0
0
0
0
0
0
15
205
425
643
829
967
1052
1073
1033
935
784
588
372
161
5
0
0
0
0
0
0
0
0
0
15
206
426
642
829
966
1052
1075
1035
933
781
586
370
161
4
0
0
0
0
0
0
0
0
0
14
193
400
604
782
920
1009
1034
1006
920
773
588
377
170
8
0
0
0
0
0
0
0
0
0
13
147
277
371
464
655
658
515
600
623
571
359
234
110
2
0
0
0
0
0
0
0
0
0
13
170
360
538
698
811
898
927
890
812
684
520
340
152
7
0
0
0
0
0
0
0
0
0
11
152
314
469
611
693
735
754
722
669
562
435
265
112
2
0
0
0
0
0
0
0
0
0
12
186
385
652
780
952
483
548
466
508
377
271
193
82
2
0
0
0
0
0
0
0
0
0
13
196
411
624
809
951
1036
1057
1017
917
768
575
363
157
4
0
0
0
0
0
0
0
0
0
11
179
379
579
749
880
962
985
952
866
731
557
358
160
7
0
0
0
0
0
0
0
0
0
11
184
391
598
775
913
993
1018
986
896
755
573
364
163
7
0
0
0
0
0
0
0
0
0
11
181
384
588
770
905
992
1018
995
909
772
588
380
172
8
0
0
0
0
0
0
0
0
0
11
191
407
621
805
949
1036
1058
1019
923
774
585
373
164
5
0
0
0
0
0
0
0
0
0
10
183
386
586
758
891
970
998
969
878
738
560
359
159
5
0
0
0
0
0
0
0
0
0
10
189
401
609
790
924
1007
1030
999
908
769
587
379
171
6
0
0
0
0
0
0
0
0
0
10
193
410
625
816
964
1059
1100
1082
1003
856
655
424
193
18
0
0
0
0
0
0
0
0
0
9
184
399
612
795
936
1022
1049
1016
923
778
590
377
166
6
0
0
0
0
0
0
0
0
0
9
173
379
579
751
881
964
985
950
864
731
556
355
157
6
0
0
0
0
0
0
0
0
0
8
171
374
574
748
887
968
991
960
871
732
554
352
152
4
0
0
0
0
0
0
0
0
0
10
165
271
442
596
939
1071
1102
1068
972
820
622
397
175
19
0
0
0
0
0
0
0
0
0
7
159
354
547
707
830
906
948
911
830
699
535
340
149
6
0
0
0
0
0
0
0
0
0
7
157
352
551
722
859
944
972
939
852
714
544
345
151
5
0
0
0
0
0
0
0
0
0
7
162
364
568
742
874
960
989
957
874
742
566
361
158
6
0
0
0
0
0
0
0
0
0
7
165
371
580
763
904
997
1026
998
907
764
580
370
162
6
0
0
0
0
0
0
0
0
0
6
156
354
556
729
868
949
977
951
862
723
547
343
147
4
0
0
0
0
0
0
0
0
0
6
167
381
595
783
925
1012
1038
1003
906
759
570
356
150
3
0
0
0
0
0
0
0
0
0
5
156
363
577
762
906
993
1022
987
900
755
566
353
149
4
0
0
0
0
0
0
0
0
0
5
151
349
555
730
868
957
984
946
856
721
542
341
145
4
0
0
0
0
0
0
0
0
0
5
169
391
616
810
958
1046
1067
1029
925
771
574
354
144
1
0
0
0
0
0
0
0
0
0
5
164
379
594
780
920
1007
1030
995
902
757
565
353
147
3
0
0
0
0
0
0
0
0
0
4
147
363
551
692
837
1025
1055
1075
978
824
622
393
166
10
0
0
0
0
0
0
0
0
0
1
25
271
618
764
645
844
1099
1066
969
815
615
386
162
10
0
0
0
0
0
0
0
0
0
4
152
361
571
755
896
984
1011
976
883
740
557
345
142
2
0
0
0
0
0
0
0
0
0
3
141
345
553
738
876
960
993
957
867
724
542
335
136
3
0
0
0
0
0
0
0
0
0
3
143
348
562
748
892
983
1016
987
896
754
564
350
143
3
0
0
0
0
0
0
0
0
0
3
143
352
567
758
904
990
1023
988
893
748
560
346
139
2
0
0
0
0
0
0
0
0
0
3
133
329
531
708
838
920
951
920
833
694
518
319
123
1
0
0
0
0
0
0
0
0
0
2
132
328
533
715
856
947
982
957
870
729
545
338
135
3
0
0
0
0
0
0
0
0
0
2
136
344
557
744
883
978
1011
980
884
738
551
339
134
2
0
0
0
0
0
0
0
0
0
2
140
355
574
767
914
1004
1032
999
904
753
558
337
129
1
0
0
0
0
0
0
0
0
0
2
134
343
559
746
886
975
998
967
871
724
535
323
121
1
0
0
0
0
0
0
0
0
0
2
137
351
572
766
915
1011
1044
1013
916
765
569
345
132
1
0
0
0
0
0
0
0
0
0
1
106
284
472
634
751
828
880
860
808
672
496
304
115
2
0
0
0
0
0
0
0
0
0
1
122
320
524
700
835
923
952
923
831
687
506
304
112
1
0
0
0
0
0
0
0
0
0
1
126
335
550
741
886
976
1004
971
874
724
533
318
115
1
0
0
0
0
0
0
0
0
0
1
104
281
467
630
750
828
863
824
741
615
448
265
95
1
0
0
0
0
0
0
0
0
0
1
109
298
491
664
795
876
907
882
798
668
493
298
109
1
0
0
0
0
0
0
0
0
0
1
106
287
478
655
787
862
892
876
805
674
498
296
107
1
0
0
0
0
0
0
0
0
0
1
91
265
446
614
722
787
804
812
751
630
456
271
89
1
0
0
0
0
0
0
0
0
0
1
109
306
514
699
844
933
965
939
853
710
519
306
106
1
0
0
0
0
0
0
0
0
0
1
110
311
525
714
858
947
975
942
849
701
510
297
100
0
0
0
0
0
0
0
0
0
0
1
106
300
507
686
822
908
939
913
823
682
495
290
98
0
0
0
0
0
0
0
0
0
0
0
98
276
468
650
776
852
878
846
764
637
455
257
84
0
0
0
0
0
0
0
0
0
0
0
111
320
540
733
883
974
1003
968
869
712
514
293
93
0
0
0
0
0
0
0
0
0
0
0
110
323
546
743
885
977
1002
959
856
700
503
283
86
0
0
0
0
0
0
0
0
0
0
0
105
309
523
713
857
948
972
939
842
695
501
284
87
0
0
0
0
0
0
0
0
0
0
0
102
304
516
700
842
927
957
924
827
677
486
275
83
0
0
0
0
0
0
0
0
0
0
0
100
302
518
709
852
943
973
939
847
701
503
285
87
0
0
0
0
0
0
0
0
0
0
0
97
295
506
688
822
907
924
885
790
640
453
249
71
0
0
0
0
0
0
0
0
0
0
0
91
280
485
667
797
871
887
859
767
626
448
246
68
0
0
0
0
0
0
0
0
0
0
0
93
293
510
703
847
941
965
928
830
678
480
264
73
0
0
0
0
0
0
0
0
0
0
0
93
298
517
709
856
943
968
929
830
668
469
250
28
0
0
0
0
0
0
0
0
0
0
0
73
234
433
596
752
787
814
776
680
535
388
209
27
0
0
0
0
0
0
0
0
0
0
0
92
296
517
709
855
942
964
919
813
653
456
242
24
0
0
0
0
0
0
0
0
0
0
0
87
285
499
684
824
908
935
896
799
646
454
241
25
0
0
0
0
0
0
0
0
0
0
0
82
275
481
668
806
892
914
872
772
626
436
231
23
0
0
0
0
0
0
0
0
0
0
0
88
295
519
718
865
953
976
937
831
673
469
246
23
0
0
0
0
0
0
0
0
0
0
0
81
276
493
686
827
916
944
910
812
654
457
240
24
0
0
0
0
0
0
0
0
0
0
0
76
258
454
626
749
843
864
812
727
570
392
201
15
0
0
0
0
0
0
0
0
0
0
0
81
285
509
705
857
943
967
926
821
661
457
232
19
0
0
0
0
0
0
0
0
0
0
0
73
271
513
746
907
533
529
482
465
413
281
148
10
0
0
0
0
0
0
0
0
0
0
0
72
250
505
683
943
476
447
564
413
318
150
41
6
0
0
0
0
0
0
0
0
0
0
0
36
264
472
658
799
879
898
862
759
606
417
208
13
0
0
0
0
0
0
0
0
0
0
0
34
259
465
644
769
847
878
839
747
596
409
201
12
0
0
0
0
0
0
0
0
0
0
0
32
254
465
650
793
876
901
860
760
607
413
204
13
0
0
0
0
0
0
0
0
0
0
0
16
171
357
501
490
665
830
841
527
415
246
107
4
0
0
0
0
0
0
0
0
0
0
0
25
215
397
588
678
761
735
697
604
520
358
160
5
0
0
0
0
0
0
0
0
0
0
0
29
235
416
599
710
783
798
748
662
532
354
172
8
0
0
0
0
0
0
0
0
0
0
0
23
181
324
458
551
607
630
566
500
396
251
107
2
0
0
0
0
0
0
0
0
0
0
0
25
232
425
602
734
812
832
795
705
558
363
165
5
0
0
0
0
0
0
0
0
0
0
0
28
254
468
654
800
886
910
871
768
603
401
183
7
0
0
0
0
0
0
0
0
0
0
0
50
290
535
537
573
492
423
567
573
548
339
151
13
0
0
0
0
0
0
0
0
0
0
0
22
214
387
554
682
779
784
725
637
493
329
141
4
0
0
0
0
0
0
0
0
0
0
0
25
247
457
642
776
859
876
832
733
575
378
164
4
0
0
0
0
0
0
0
0
0
0
0
23
244
455
641
782
865
887
844
736
574
376
161
3
0
0
0
0
0
0
0
0
0
0
0
23
244
459
647
790
875
897
849
742
577
375
160
3
0
0
0
0
0
0
0
0
0
0
0
21
240
454
642
782
864
881
834
732
572
369
156
3
0
0
0
0
0
0
0
0
0
0
0
20
233
447
636
779
872
892
849
736
573
368
153
3
0
0
0
0
0
0
0
0
0
0
0
5
175
253
503
470
557
665
669
577
392
289
172
7
0
0
0
0
0
0
0
0
0
0
0
18
222
421
593
725
810
827
776
675
517
331
133
1
0
0
0
0
0
0
0
0
0
0
0
11
150
299
427
514
582
602
580
500
381
240
87
1
0
0
0
0
0
0
0
0
0
0
0
16
217
423
604
742
827
841
799
698
538
341
133
1
0
0
0
0
0
0
0
0
0
0
0
23
247
436
429
596
960
727
113
75
119
28
10
0
0
0
0
0
0
0
0
0
0
0
0
13
195
382
544
668
736
748
699
604
465
288
106
0
0
0
0
0
0
0
0
0
0
0
0
8
115
229
386
481
650
645
532
356
172
318
91
2
0
0
0
0
0
0
0
0
0
0
0
14
215
424
608
744
823
838
789
678
515
315
111
0
0
0
0
0
0
0
0
0
0
0
0
13
208
418
601
734
810
830
780
667
499
299
101
0
0
0
0
0
0
0
0
0
0
0
0
12
203
407
592
728
801
808
760
648
489
289
95
0
0
0
0
0
0
0
0
0
0
0
0
11
188
374
542
653
743
758
716
618
452
267
87
0
0
0
0
0
0
0
0
0
0
0
0
11
215
435
623
767
850
867
813
694
520
307
97
0
0
0
0
0
0
0
0
0
0
0
0
10
189
387
564
695
780
793
741
634
480
285
89
0
0
0
0
0
0
0
0
0
0
0
0
10
200
412
601
739
819
831
780
664
495
291
88
0
0
0
0
0
0
0
0
0
0
0
0
6
157
313
472
565
632
706
705
562
403
220
59
0
0
0
0
0
0
0
0
0
0
0
0
2
78
166
240
295
339
310
290
287
231
129
29
0
0
0
0
0
0
0
0
0
0
0
0
6
155
332
495
626
707
730
719
590
421
228
34
0
0
0
0
0
0
0
0
0
0
0
0
5
113
115
66
160
346
614
822
518
262
162
49
0
0
0
0
0
0
0
0
0
0
0
0
2
131
305
412
567
637
647
592
501
363
207
27
0
0
0
0
0
0
0
0
0
0
0
0
4
115
233
367
426
509
452
384
354
236
132
6
0
0
0
0
0
0
0
0
0
0
0
0
2
16
127
179
152
408
272
550
730
532
202
13
0
0
0
0
0
0
0
0
0
0
0
0
5
108
230
364
450
479
429
381
287
199
129
5
0
0
0
0
0
0
0
0
0
0
0
0
5
170
372
551
682
757
769
715
597
428
230
20
0
0
0
0
0
0
0
0
0
0
0
0
5
165
366
547
677
749
754
695
587
420
221
18
0
0
0
0
0
0
0
0
0
0
0
0
5
169
378
567
707
784
797
740
618
441
234
20
0
0
0
0
0
0
0
0
0
0
0
0
4
174
390
581
724
801
812
754
629
448
236
18
0
0
0
0
0
0
0
0
0
0
0
0
4
174
392
587
728
803
809
745
618
435
224
14
0
0
0
0
0
0
0
0
0
0
0
0
3
144
335
507
637
715
718
662
552
392
202
15
0
0
0
0
0
0
0
0
0
0
0
0
3
147
343
516
645
714
723
664
551
388
197
11
0
0
0
0
0
0
0
0
0
0
0
0
3
144
338
508
637
707
715
667
557
392
198
12
0
0
0
0
0
0
0
0
0
0
0
0
2
137
318
477
602
676
691
655
538
367
185
10
0
0
0
0
0
0
0
0
0
0
0
0
2
145
349
534
675
750
762
701
577
404
198
10
0
0
0
0
0
0
0
0
0
0
0
0
2
142
341
518
655
730
735
677
558
388
188
8
0
0
0
0
0
0
0
0
0
0
0
0
1
160
354
372
473
289
351
224
205
165
17
2
0
0
0
0
0
0
0
0
0
0
0
0
2
132
323
492
621
694
693
635
523
369
177
7
0
0
0
0
0
0
0
0
0
0
0
0
1
132
328
506
640
716
723
663
547
377
180
7
0
0
0
0
0
0
0
0
0
0
0
0
1
104
252
402
515
599
582
537
437
303
136
5
0
0
0
0
0
0
0
0
0
0
0
0
1
128
322
497
629
700
708
643
528
359
166
4
0
0
0
0
0
0
0
0
0
0
0
0
2
108
313
520
734
550
317
56
45
31
14
2
0
0
0
0
0
0
0
0
0
0
0
0
1
113
278
450
526
594
612
521
412
305
136
4
0
0
0
0
0
0
0
0
0
0
0
0
0
72
196
286
384
440
469
398
316
191
69
1
0
0
0
0
0
0
0
0
0
0
0
0
0
93
256
395
542
593
591
555
434
285
131
4
0
0
0
0
0
0
0
0
0
0
0
0
0
51
64
163
261
295
365
158
119
120
91
2
0
0
0
0
0
0
0
0
0
0
0
0
1
60
201
287
347
395
421
470
430
285
162
11
0
0
0
0
0
0
0
0
0
0
0
0
0
43
131
224
275
318
297
277
215
134
57
1
0
0
0
0
0
0
0
0
0
0
0
0
0
76
217
343
441
495
487
426
343
225
92
1
0
0
0
0
0
0
0
0
0
0
0
0
0
104
298
481
615
689
695
636
514
342
145
2
0
0
0
0
0
0
0
0
0
0
0
0
0
98
281
455
580
652
659
600
484
322
136
2
0
0
0
0
0
0
0
0
0
0
0
0
0
91
267
434
559
625
631
573
459
303
124
1
0
0
0
0
0
0
0
0
0
0
0
0
0
77
234
384
527
583
582
534
431
285
116
1
0
0
0
0
0
0
0
0
0
0
0
0
0
78
242
401
526
584
587
539
435
283
115
1
0
0
0
0
0
0
0
0
0
0
0
0
0
84
261
428
555
619
623
572
458
301
121
1
0
0
0
0
0
0
0
0
0
0
0
0
0
55
178
298
382
428
427
391
318
213
81
1
0
0
0
0
0
0
0
0
0
0
0
0
0
56
190
299
363
446
447
378
286
189
77
1
0
0
0
0
0
0
0
0
0
0
0
0
0
74
247
417
545
614
623
562
453
296
117
1
0
0
0
0
0
0
0
0
0
0
0
0
0
67
223
389
501
552
568
523
420
278
112
1
0
0
0
0
0
0
0
0
0
0
0
0
0
14
142
302
489
505
475
527
350
150
55
0
0
0
0
0
0
0
0
0
0
0
0
0
0
29
218
376
494
536
550
498
412
272
103
1
0
0
0
0
0
0
0
0
0
0
0
0
0
33
244
415
546
618
624
570
455
294
112
0
0
0
0
0
0
0
0
0
0
0
0
0
0
27
37
67
89
335
329
343
388
258
91
1
0
0
0
0
0
0
0
0
0
0
0
0
0
27
207
362
483
538
546
484
391
252
97
0
0
0
0
0
0
0
0
0
0
0
0
0
0
25
216
377
499
557
561
512
412
264
98
0
0
0
0
0
0
0
0
0
0
0
0
0
0
25
230
408
545
625
638
580
464
295
108
0
0
0
0
0
0
0
0
0
0
0
0
0
0
4
74
213
309
434
404
263
239
164
54
1
0
0
0
0
0
0
0
0
0
0
0
0
0
21
210
379
506
576
580
519
411
255
90
0
0
0
0
0
0
0
0
0
0
0
0
0
0
20
215
381
509
582
593
537
428
269
96
0
0
0
0
0
0
0
0
0
0
0
0
0
0
15
185
342
457
481
474
446
351
232
93
0
0
0
0
0
0
0
0
0
0
0
0
0
0
4
32
90
237
97
182
428
470
332
121
2
0
0
0
0
0
0
0
0
0
0
0
0
0
4
17
30
41
85
140
527
433
302
108
0
0
0
0
0
0
0
0
0
0
0
0
0
0
3
71
95
385
629
418
162
34
35
44
0
0
0
0
0
0
0
0
0
0
0
0
0
0
14
183
326
446
506
517
447
361
221
74
0
0
0
0
0
0
0
0
0
0
0
0
0
0
16
140
230
263
439
447
388
335
268
91
1
0
0
0
0
0
0
0
0
0
0
0
0
0
13
196
368
498
573
586
536
426
270
95
0
0
0
0
0
0
0
0
0
0
0
0
0
0
13
151
268
407
473
467
439
364
233
82
0
0
0
0
0
0
0
0
0
0
0
0
0
0
11
162
331
433
496
514
400
272
173
49
0
0
0
0
0
0
0
0
0
0
0
0
0
0
9
131
251
359
472
486
451
332
222
82
0
0
0
0
0
0
0
0
0
0
0
0
0
0
9
148
228
253
349
234
152
181
68
8
0
0
0
0
0
0
0
0
0
0
0
0
0
0
5
105
30
132
263
377
324
329
199
49
0
0
0
0
0
0
0
0
0
0
0
0
0
0
9
161
318
440
497
489
454
333
215
68
0
0
0
0
0
0
0
0
0
0
0
0
0
0
9
181
352
486
564
580
532
423
268
94
0
0
0
0
0
0
0
0
0
0
0
0
0
0
5
102
128
158
176
166
141
112
100
23
0
0
0
0
0
0
0
0
0
0
0
0
0
0
8
174
349
483
567
583
537
430
275
97
0
0
0
0
0
0
0
0
0
0
0
0
0
0
2
59
126
191
215
234
214
166
102
37
0
0
0
0
0
0
0
0
0
0
0
0
0
0
2
64
159
138
48
117
132
339
291
101
1
0
0
0
0
0
0
0
0
0
0
0
0
0
2
142
264
262
356
415
465
225
21
7
0
0
0
0
0
0
0
0
0
0
0
0
0
0
4
136
260
347
410
498
473
344
171
60
0
0
0
0
0
0
0
0
0
0
0
0
0
0
2
25
38
41
67
78
456
353
253
73
0
0
0
0
0
0
0
0
0
0
0
0
0
0
6
141
217
297
365
380
368
345
201
97
0
0
0
0
0
0
0
0
0
0
0
0
0
0
2
145
311
389
427
527
343
191
169
64
0
0
0
0
0
0
0
0
0
0
0
0
0
0
4
147
311
444
520
538
495
395
244
86
0
0
0
0
0
0
0
0
0
0
0
0
0
0
1
79
188
278
353
390
356
281
166
60
0
0
0
0
0
0
0
0
0
0
0
0
0
0
3
53
118
202
264
277
312
344
304
109
0
0
0
0
0
0
0
0
0
0
0
0
0
0
4
102
256
292
412
206
122
244
241
111
1
0
0
0
0
0
0
0
0
0
0
0
0
0
3
137
294
414
497
519
467
368
233
86
0
0
0
0
0
0
0
0
0
0
0
0
0
0
3
142
307
444
525
548
504
407
263
97
0
0
0
0
0
0
0
0
0
0
0
0
0
0
4
114
252
346
411
407
366
350
208
83
0
0
0
0
0
0
0
0
0
0
0
0
0
0
3
130
278
392
475
501
470
365
239
86
0
0
0
0
0
0
0
0
0
0
0
0
0
0
3
105
191
240
392
377
478
340
134
51
0
0
0
0
0
0
0
0
0
0
0
0
0
0
3
129
289
420
492
523
480
393
258
97
0
0
0
0
0
0
0
0
0
0
0
0
0
0
2
127
280
405
486
507
473
383
249
96
0
0
0
0
0
0
0
0
0
0
0
0
0
0
3
38
130
196
120
168
157
217
167
53
1
0
0
0
0
0
0
0
0
0
0
0
0
0
1
65
168
233
315
303
244
213
141
70
1
0
0
0
0
0
0
0
0
0
0
0
0
0
2
121
277
391
453
450
385
343
237
92
0
0
0
0
0
0
0
0
0
0
0
0
0
0
2
133
299
435
521
549
514
419
274
107
0
0
0
0
0
0
0