0
0
0
0
0
0
0
1
122
289
437
547
583
554
467
328
161
6
0
0
0
0
0
0
0
0
0
0
0
0
0
2
133
317
475
581
624
600
510
365
184
9
0
0
0
0
0
0
0
0
0
0
0
0
0
1
94
231
351
445
473
463
395
289
145
8
0
0
0
0
0
0
0
0
0
0
0
0
0
2
128
306
464
574
621
599
517
376
195
13
0
0
0
0
0
0
0
0
0
0
0
0
0
2
114
266
392
513
547
543
449
317
169
8
0
0
0
0
0
0
0
0
0
0
0
0
0
1
128
310
471
574
624
607
525
383
198
13
0
0
0
0
0
0
0
0
0
0
0
0
0
1
128
310
471
577
625
607
518
377
197
12
0
0
0
0
0
0
0
0
0
0
0
0
0
1
120
295
454
560
593
567
478
353
187
12
0
0
0
0
0
0
0
0
0
0
0
0
0
1
131
316
477
590
636
617
526
385
202
13
0
0
0
0
0
0
0
0
0
0
0
0
0
1
120
293
444
531
581
559
494
357
188
13
0
0
0
0
0
0
0
0
0
0
0
0
0
1
116
278
437
544
583
575
503
376
202
18
0
0
0
0
0
0
0
0
0
0
0
0
0
1
122
291
447
557
604
586
511
374
202
15
0
0
0
0
0
0
0
0
0
0
0
0
0
1
86
230
343
434
475
441
401
293
158
13
0
0
0
0
0
0
0
0
0
0
0
0
0
1
129
312
471
575
623
606
524
391
214
19
0
0
0
0
0
0
0
0
0
0
0
0
0
1
125
298
450
560
601
586
510
380
213
19
0
0
0
0
0
0
0
0
0
0
0
0
0
2
134
324
491
605
659
642
560
417
231
23
0
0
0
0
0
0
0
0
0
0
0
0
0
2
137
330
500
617
669
653
569
423
238
24
0
0
0
0
0
0
0
0
0
0
0
0
0
2
126
304
462
571
621
605
523
393
219
22
0
0
0
0
0
0
0
0
0
0
0
0
0
2
131
315
475
583
631
612
537
392
215
20
0
0
0
0
0
0
0
0
0
0
0
0
0
2
125
299
456
555
619
602
524
384
217
22
0
0
0
0
0
0
0
0
0
0
0
0
0
2
131
320
474
573
621
608
530
396
227
26
0
0
0
0
0
0
0
0
0
0
0
0
0
2
130
316
474
590
637
633
552
415
239
29
0
0
0
0
0
0
0
0
0
0
0
0
0
2
135
315
476
586
643
626
554
417
242
32
0
0
0
0
0
0
0
0
0
0
0
0
0
2
151
352
528
646
700
686
601
455
265
34
0
0
0
0
0
0
0
0
0
0
0
0
0
2
128
305
452
542
600
582
532
390
217
27
0
0
0
0
0
0
0
0
0
0
0
0
0
2
138
324
495
611
664
648
578
441
257
39
0
0
0
0
0
0
0
0
0
0
0
0
0
1
70
178
269
326
351
346
282
203
140
14
0
0
0
0
0
0
0
0
0
0
0
0
0
2
130
305
456
574
628
621
564
430
251
77
0
0
0
0
0
0
0
0
0
0
0
0
0
2
138
320
479
596
660
650
569
432
251
76
0
0
0
0
0
0
0
0
0
0
0
0
0
3
143
332
491
605
658
649
566
428
255
78
0
0
0
0
0
0
0
0
0
0
0
0
0
3
136
313
473
600
663
636
568
441
265
85
0
0
0
0
0
0
0
0
0
0
0
0
0
3
109
271
340
418
437
504
431
349
234
97
0
0
0
0
0
0
0
0
0
0
0
0
0
1
86
204
316
411
424
411
376
293
180
56
0
0
0
0
0
0
0
0
0
0
0
0
0
4
145
313
474
602
652
654
584
455
271
91
0
0
0
0
0
0
0
0
0
0
0
0
0
4
156
341
505
619
662
658
583
448
264
90
0
0
0
0
0
0
0
0
0
0
0
0
0
4
151
334
493
591
651
643
573
450
275
89
0
0
0
0
0
0
0
0
0
0
0
0
0
5
164
364
539
655
711
696
613
467
284
95
0
0
0
0
0
0
0
0
0
0
0
0
0
5
159
349
501
623
664
654
577
442
276
94
0
0
0
0
0
0
0
0
0
0
0
0
0
5
162
353
521
638
693
680
601
465
286
101
0
0
0
0
0
0
0
0
0
0
0
0
0
6
176
381
560
686
746
736
657
512
319
115
0
0
0
0
0
0
0
0
0
0
0
0
0
6
163
351
527
642
703
679
586
462
288
103
0
0
0
0
0
0
0
0
0
0
0
0
0
5
141
301
432
521
587
578
510
399
250
89
0
0
0
0
0
0
0
0
0
0
0
0
0
7
178
376
543
664
719
700
625
486
302
113
0
0
0
0
0
0
0
0
0
0
0
0
0
7
169
352
511
624
680
664
584
456
281
106
0
0
0
0
0
0
0
0
0
0
0
0
0
9
196
405
581
703
764
752
669
521
327
124
1
0
0
0
0
0
0
0
0
0
0
0
0
9
186
381
551
668
724
703
622
487
311
119
1
0
0
0
0
0
0
0
0
0
0
0
0
10
188
383
544
651
693
690
618
480
303
119
1
0
0
0
0
0
0
0
0
0
0
0
0
11
204
408
579
699
765
756
680
540
351
142
2
0
0
0
0
0
0
0
0
0
0
0
0
12
213
428
611
740
801
789
707
560
361
147
2
0
0
0
0
0
0
0
0
0
0
0
0
12
208
414
587
711
764
754
676
532
346
142
2
0
0
0
0
0
0
0
0
0
0
0
0
11
179
358
532
642
705
691
597
453
321
134
2
0
0
0
0
0
0
0
0
0
0
0
0
10
163
359
528
601
581
606
540
455
305
115
1
0
0
0
0
0
0
0
0
0
0
0
0
7
120
246
355
369
419
380
376
312
210
76
1
0
0
0
0
0
0
0
0
0
0
0
0
14
199
389
543
646
714
712
625
486
313
130
1
0
0
0
0
0
0
0
0
0
0
0
0
14
188
369
524
622
667
664
596
475
307
124
1
0
0
0
0
0
0
0
0
0
0
0
0
6
85
172
247
298
330
316
270
210
138
51
1
0
0
0
0
0
0
0
0
0
0
0
0
17
184
351
495
571
619
611
535
402
254
108
1
0
0
0
0
0
0
0
0
0
0
0
0
4
19
206
136
192
138
475
607
624
321
81
1
0
0
0
0
0
0
0
0
0
0
0
0
22
214
393
551
655
692
674
627
493
326
128
1
0
0
0
0
0
0
0
0
0
0
0
0
5
178
309
489
557
628
624
507
327
268
116
1
0
0
0
0
0
0
0
0
0
0
0
0
24
226
424
593
719
771
749
676
551
368
163
6
0
0
0
0
0
0
0
0
0
0
0
0
26
232
425
586
696
743
737
655
533
351
156
4
0
0
0
0
0
0
0
0
0
0
0
0
26
230
426
588
702
675
690
613
489
316
134
2
0
0
0
0
0
0
0
0
0
0
0
0
25
201
354
512
585
605
570
530
423
269
116
2
0
0
0
0
0
0
0
0
0
0
0
0
32
259
462
637
748
807
782
705
567
372
167
5
0
0
0
0
0
0
0
0
0
0
0
0
34
258
468
639
757
811
797
712
567
387
184
8
0
0
0
0
0
0
0
0
0
0
0
0
78
276
481
651
757
806
798
717
576
388
178
5
0
0
0
0
0
0
0
0
0
0
0
0
81
283
491
655
774
827
807
726
579
395
186
7
0
0
0
0
0
0
0
0
0
0
0
0
89
294
506
677
793
845
821
736
593
398
186
6
0
0
0
0
0
0
0
0
0
0
0
0
82
274
463
593
709
771
740
662
543
367
172
7
0
0
0
0
0
0
0
0
0
0
0
0
75
270
427
595
690
746
702
632
513
362
177
7
0
0
0
0
0
0
0
0
0
0
0
0
100
316
535
712
833
887
870
785
636
435
211
10
0
0
0
0
0
0
0
0
0
0
0
0
96
297
511
688
806
864
850
766
617
420
204
11
0
0
0
0
0
0
0
0
0
0
0
0
88
275
473
617
697
746
717
661
524
365
160
3
0
0
0
0
0
0
0
0
0
0
0
0
63
219
368
538
681
801
760
650
516
376
157
4
0
0
0
0
0
0
0
0
0
0
0
0
93
274
461
601
713
777
748
649
564
362
167
8
0
0
0
0
0
0
0
0
0
0
0
0
103
298
492
649
758
819
800
722
585
403
199
12
0
0
0
0
0
0
0
0
0
0
0
1
108
95
201
174
610
244
738
450
367
472
122
8
0
0
0
0
0
0
0
0
0
0
0
1
121
332
542
715
835
888
863
778
635
438
219
14
0
0
0
0
0
0
0
0
0
0
0
1
134
360
582
761
881
934
912
820
658
449
223
12
0
0
0
0
0
0
0
0
0
0
0
1
135
360
579
755
875
922
901
813
660
459
231
16
0
0
0
0
0
0
0
0
0
0
0
1
148
385
613
799
921
970
942
844
681
470
234
13
0
0
0
0
0
0
0
0
0
0
0
1
132
345
545
704
815
870
854
768
616
426
217
16
0
0
0
0
0
0
0
0
0
0
0
2
145
368
582
756
870
920
900
811
658
459
235
17
0
0
0
0
0
0
0
0
0
0
0
2
151
377
595
770
888
944
923
835
682
477
246
20
0
0
0
0
0
0
0
0
0
0
0
2
154
380
600
779
900
953
936
850
695
488
250
23
0
0
0
0
0
0
0
0
0
0
0
3
159
386
608
785
900
949
922
827
668
462
236
17
0
0
0
0
0
0
0
0
0
0
0
2
112
269
460
552
655
688
664
595
464
297
147
4
0
0
0
0
0
0
0
0
0
0
0
3
150
347
527
701
801
859
828
743
607
429
222
17
0
0
0
0
0
0
0
0
0
0
0
4
153
349
539
697
791
822
810
739
614
442
229
22
0
0
0
0
0
0
0
0
0
0
0
5
183
420
645
822
936
983
957
856
693
482
249
19
0
0
0
0
0
0
0
0
0
0
0
6
184
413
625
797
909
954
932
835
684
479
251
23
0
0
0
0
0
0
0
0
0
0
0
6
192
426
643
817
931
978
957
865
712
505
269
27
0
0
0
0
0
0
0
0
0
0
0
7
201
436
653
829
943
988
960
863
706
502
269
26
0
0
0
0
0
0
0
0
0
0
0
8
204
437
651
821
930
969
940
845
683
479
249
20
0
0
0
0
0
0
0
0
0
0
0
12
182
382
565
725
720
758
685
674
455
332
196
30
0
0
0
0
0
0
0
0
0
0
0
9
196
424
637
804
913
961
939
845
691
492
262
31
0
0
0
0
0
0
0
0
0
0
0
10
207
438
654
825
938
979
954
859
704
495
264
28
0
0
0
0
0
0
0
0
0
0
0
11
214
445
662
830
939
982
956
858
709
505
275
32
0
0
0
0
0
0
0
0
0
0
0
12
208
432
641
806
914
952
925
834
685
486
263
31
0
0
0
0
0
0
0
0
0
0
0
10
182
389
565
721
832
856
849
751
605
432
229
26
0
0
0
0
0
0
0
0
0
0
0
31
133
372
410
948
703
278
226
378
334
533
101
83
0
0
0
0
0
0
0
0
0
0
0
7
106
223
318
399
387
449
442
370
277
193
97
7
0
0
0
0
0
0
0
0
0
0
0
17
226
454
664
833
941
982
954
859
708
504
277
37
0
0
0
0
0
0
0
0
0
0
0
16
200
419
630
760
855
851
821
742
639
459
252
37
0
0
0
0
0
0
0
0
0
0
0
18
225
441
647
802
905
942
919
833
679
484
267
73
0
0
0
0
0
0
0
0
0
0
0
20
223
427
613
766
857
889
861
777
638
460
250
69
0
0
0
0
0
0
0
0
0
0
0
23
236
454
652
808
917
944
908
815
670
479
263
76
0
0
0
0
0
0
0
0
0
0
0
23
231
449
648
798
903
946
922
831
683
491
276
78
0
0
0
0
0
0
0
0
0
0
0
25
229
401
568
717
835
860
796
697
599
418
239
74
0
0
0
0
0
0
0
0
0
0
0
20
184
345
558
413
489
520
454
538
464
409
246
86
0
0
0
0
0
0
0
0
0
0
0
28
244
463
666
825
936
974
949
861
717
522
297
88
0
0
0
0
0
0
0
0
0
0
0
27
236
442
632
784
897
935
903
809
672
484
270
82
0
0
0
0
0
0
0
0
0
0
0
22
202
393
561
715
824
843
802
736
601
428
226
75
0
0
0
0
0
0
0
0
0
0
0
33
256
472
670
824
918
951
916
826
679
493
282
86
0
0
0
0
0
0
0
0
0
0
0
67
253
461
645
803
888
916
891
810
656
471
260
80
0
0
0
0
0
0
0
0
0
0
0
73
264
487
684
837
929
961
929
840
686
492
272
82
0
0
0
0
0
0
0
0
0
0
0
71
261
480
680
826
922
955
924
837
689
507
286
90
0
0
0
0
0
0
0
0
0
0
0
75
263
481
677
827
933
974
946
854
707
514
292
93
0
0
0
0
0
0
0
0
0
0
0
79
265
476
658
814
912
947
908
820
661
476
272
87
0
0
0
0
0
0
0
0
0
0
0
62
219
397
549
718
782
825
816
747
652
448
223
66
0
0
0
0
0
0
0
0
0
0
0
85
282
503
703
862
965
1006
984
887
729
528
305
100
0
0
0
0
0
0
0
0
0
0
0
90
294
519
719
876
980
1016
991
899
744
545
320
108
0
0
0
0
0
0
0
0
0
0
0
87
273
483
666
812
915
951
929
850
714
527
307
103
0
0
0
0
0
0
0
0
0
0
0
93
296
519
720
875
977
1014
984
894
744
544
318
109
0
0
0
0
0
0
0
0
0
0
0
92
286
498
689
836
931
963
932
840
696
509
298
102
0
0
0
0
0
0
0
0
0
0
0
90
273
477
663
810
901
929
905
817
677
490
287
98
1
0
0
0
0
0
0
0
0
0
0
82
250
436
601
732
817
848
821
735
619
455
262
90
0
0
0
0
0
0
0
0
0
0
0
79
241
416
572
701
781
795
768
679
557
407
239
81
0
0
0
0
0
0
0
0
0
0
0
99
295
512
704
853
947
976
949
860
716
524
310
110
1
0
0
0
0
0
0
0
0
0
0
99
292
504
691
832
926
956
923
832
687
503
296
104
0
0
0
0
0
0
0
0
0
0
1
108
315
538
739
891
985
1017
985
890
737
540
318
113
1
0
0
0
0
0
0
0
0
0
0
106
312
543
756
928
479
479
468
408
366
267
158
57
1
0
0
0
0
0
0
0
0
0
1
112
318
540
740
897
1002
1038
1008
919
771
577
346
128
2
0
0
0
0
0
0
0
0
0
0
39
138
213
259
368
503
658
516
511
521
515
322
133
5
0
0
0
0
0
0
0
0
0
1
108
305
521
710
862
942
970
942
864
718
531
318
119
2
0
0
0
0
0
0
0
0
0
1
107
299
507
691
831
920
959
928
837
688
506
302
114
1
0
0
0
0
0
0
0
0
0
1
118
326
544
743
895
994
1025
996
903
752
559
337
128
1
0
0
0
0
0
0
0
0
0
1
113
307
513
692
825
915
944
914
831
688
514
312
122
2
0
0
0
0
0
0
0
0
0
1
125
337
561
758
907
1007
1037
1002
905
756
561
341
132
1
0
0
0
0
0
0
0
0
0
1
97
261
445
600
725
820
864
851
800
595
446
287
109
1
0
0
0
0
0
0
0
0
0
1
132
355
586
796
932
529
538
528
467
403
289
175
72
1
0
0
0
0
0
0
0
0
0
2
121
322
532
724
873
967
1006
974
890
751
564
349
141
3
0
0
0
0
0
0
0
0
0
1
123
323
534
719
858
947
985
956
863
725
544
338
136
2
0
0
0
0
0
0
0
0
0
2
119
308
513
690
811
903
936
913
821
682
510
318
131
3
0
0
0
0
0
0
0
0
0
2
123
319
526
695
821
884
914
888
824
703
529
334
135
3
0
0
0
0
0
0
0
0
0
2
127
328
540
730
869
964
993
967
879
739
552
344
141
3
0
0
0
0
0
0
0
0
0
2
128
333
547
732
876
970
1000
966
873
730
547
340
137
2
0
0
0
0
0
0
0
0
0
1
105
269
448
603
749
849
866
827
753
677
471
291
116
1
0
0
0
0
0
0
0
0
0
2
84
215
381
530
628
664
675
643
617
478
369
225
86
1
0
0
0
0
0
0
0
0
0
3
129
327
532
716
847
871
879
821
728
608
467
288
115
1
0
0
0
0
0
0
0
0
0
2
121
310
515
696
838
924
959
932
858
724
538
333
139
4
0
0
0
0
0
0
0
0
0
3
127
297
483
671
741
858
872
810
736
631
459
276
108
1
0
0
0
0
0
0
0
0
0
3
115
279
467
630
742
862
904
848
758
661
493
321
141
5
0
0
0
0
0
0
0
0
0
1
112
311
542
828
890
465
482
551
558
530
386
228
117
10
0
0
0
0
0
0
0
0
0
2
127
326
534
726
866
967
996
964
880
741
558
351
151
5
0
0
0
0
0
0
0
0
0
2
119
307
498
673
807
899
928
903
835
714
542
339
141
5
0
0
0
0
0
0
0
0
0
2
128
326
537
728
876
973
1006
980
895
753
568
358
155
6
0
0
0
0
0
0
0
0
0
2
131
329
541
730
873
967
1010
981
890
750
569
365
162
7
0
0
0
0
0
0
0
0
0
2
127
323
529
708
848
928
965
945
852
715
539
335
142
3
0
0
0
0
0
0
0
0
0
3
131
324
520
668
813
895
923
889
786
652
499
312
131
2
0
0
0
0
0
0
0
0
0
1
101
240
412
525
659
801
842
789
808
731
571
364
166
13
0
0
0
0
0
0
0
0
0
2
114
281
464
604
738
849
865
866
803
702
545
356
159
9
0
0
0
0
0
0
0
0
0
3
114
316
495
671
731
842
852
776
675
551
380
286
122
2
0
0
0
0
0
0
0
0
0
2
123
310
505
675
827
918
958
938
855
729
556
359
161
8
0
0
0
0
0
0
0
0
0
2
122
308
508
689
827
905
937
923
847
719
547
353
155
7
0
0
0
0
0
0
0
0
0
2
129
328
544
738
884
978
1019
996
919
778
595
382
171
9
0
0
0
0
0
0
0
0
0
2
126
319
523
706
845
946
977
954
871
737
563
363
161
7
0
0
0
0
0
0
0
0
0
3
116
287
473
656
791
858
864
827
762
622
483
299
126
5
0
0
0
0
0
0
0
0
0
2
120
310
515
696
830
911
945
921
841
714
544
348
155
7
0
0
0
0
0
0
0
0
0
2
122
310
514
705
840
921
968
956
874
737
559
356
159
8
0
0
0
0
0
0
0
0
0
2
122
314
517
708
855
949
989
962
883
743
567
360
160
7
0
0
0
0
0
0
0
0
0
2
119
307
506
689
833
924
961
938
866
732
556
354
160
8
0
0
0
0
0
0
0
0
0
2
116
285
469
624
740
821
853
826
780
665
510
327
162
10
0
0
0
0
0
0
0
0
0
2
117
299
500
688
832
929
963
944
865
734
567
363
165
10
0
0
0
0
0
0
0
0
0
2
117
308
516
702
845
941
972
948
871
736
560
362
163
8
0
0
0
0
0
0
0
0
0
2
121
313
522
712
854
950
989
963
884
746
569
367
165
8
0
0
0
0
0
0
0
0
0
2
118
309
522
706
862
956
995
972
887
755
580
371
169
9
0
0
0
0
0
0
0
0
0
2
121
317
525
714
862
946
988
965
883
738
557
353
153
4
0
0
0
0
0
0
0
0
0
1
107
285
477
630
773
849
926
914
833
682
511
325
152
8
0
0
0
0
0
0
0
0
0
1
111
296
496
675
805
905
942
926
845
716
542
347
157
7
0
0
0
0
0
0
0
0
0
2
116
311
523
718
869
964
1014
991
899
766
584
372
164
8
0
0
0
0
0
0
0
0
0
1
117
311
524
720
877
982
1022
1005
920
786
599
385
176
9
0
0
0
0
0
0
0
0
0
1
104
280
471
650
780
893
933
939
867
742
572
374
172
11
0
0
0
0
0
0
0
0
0
1
107
291
494
686
854
934
971
943
864
734
560
362
164
9
0
0
0
0
0
0
0
0
0
1
112
307
517
709
864
977
1016
988
908
771
588
374
165
7
0
0
0
0
0
0
0
0
0
1
111
300
507
697
846
948
987
974
897
769
593
386
179
11
0
0
0
0
0
0
0
0
0
1
117
318
534
731
883
978
1022
1002
920
780
594
384
171
7
0
0
0
0
0
0
0
0
0
1
116
312
524
719
875
974
1004
977
896
758
574
372
170
7
0
0
0
0
0
0
0
0
0
1
110
309
522
717
863
963
1003
986
910
776
591
380
172
8
0
0
0
0
0
0
0
0
0
1
111
308
519
710
860
961
1002
985
896
761
580
369
164
6
0
0
0
0
0
0
0
0
0
1
105
295
499
686
838
926
952
928
844
718
548
353
161
7
0
0
0
0
0
0
0
0
0
1
98
279
481
672
818
918
962
958
869
744
574
371
168
9
0
0
0
0
0
0
0
0
0
1
101
289
494
675
814
918
970
957
891
753
576
372
167
9
0
0
0
0
0
0
0
0
0
1
91
261
468
655
815
929
938
918
819
684
525
343
150
7
0
0
0
0
0
0
0
0
0
1
93
268
475
663
795
881
917
918
836
720
568
370
168
9
0
0
0
0
0
0
0
0
0
0
98
288
502
700
855
956
999
973
888
753
566
360
157
6
0
0
0
0
0
0
0
0
0
0
95
281
492
684
832
925
972
960
881
746
563
359
157
6
0
0
0
0
0
0
0
0
0
0
87
272
473
651
803
914
970
927
838
689
506
334
144
5
0
0
0
0
0
0
0
0
0
0
84
265
458
670
814
922
953
921
828
698
532
342
154
7
0
0
0
0
0
0
0
0
0
0
82
242
440
600
737
837
902
903
854
743
559
358
162
10
0
0
0
0
0
0
0
0
0
0
95
291
504
713
873
977
1000
991
917
766
580
359
158
5
0
0
0
0
0
0
0
0
0
0
94
286
508
689
830
910
944
944
867
726
550
363
155
4
0
0
0
0
0
0
0
0
0
0
93
280
496
698
836
921
984
963
884
729
562
347
143
2
0
0
0
0
0
0
0
0
0
0
87
276
491
690
852
948
988
968
892
751
576
362
158
5
0
0
0
0
0
0
0
0
0
0
90
284
503
706
863
963
993
965
877
738
552
341
141
2
0
0
0
0
0
0
0
0
0
0
76
249
458
649
795
897
939
913
839
708
542
337
143
5
0
0
0
0
0
0
0
0
0
0
81
269
484
679
842
938
985
963
877
734
553
337
138
3
0
0
0
0
0
0
0
0
0
0
79
259
466
640
776
879
944
907
819
676
517
323
129
3
0
0
0
0
0
0
0
0
0
0
75
242
438
645
792
868
917
867
810
674
500
301
118
1
0
0
0
0
0
0
0
0
0
0
74
215
418
594
746
836
860
832
763
619
479
296
110
2
0
0
0
0
0
0
0
0
0
0
70
226
420
597
749
815
869
843
777
641
481
284
119
1
0
0
0
0
0
0
0
0
0
0
63
221
401
558
693
775
803
784
704
585
435
263
106
1
0
0
0
0
0
0
0
0
0
0
64
235
424
565
651
756
790
799
746
679
524
332
137
4
0
0
0
0
0
0
0
0
0
0
74
259
474
675
835
944
992
973
896
763
571
356
146
4
0
0
0
0
0
0
0
0
0
0
69
239
443
634
786
892
938
923
840
709
532
331
129
2
0
0
0
0
0
0
0
0
0
0
69
251
462
660
807
910
951
932
848
712
525
324
127
2
0
0
0
0
0
0
0
0
0
0
67
239
441
634
788
892
933
900
827
695
523
323
127
2
0
0
0
0
0
0
0
0
0
0
63
231
423
610
737
841
896
890
834
699
515
303
118
2
0
0
0
0
0
0
0
0
0
0
65
248
458
654
802
908
949
926
849
719
537
325
124
2
0
0
0
0
0
0
0
0
0
0
30
233
440
635
795
890
945
928
850
716
539
328
129
2
0
0
0
0
0
0
0
0
0
0
32
246
464
665
826
929
965
949
871
735
542
327
124
2
0
0
0
0
0
0
0
0
0
0
31
248
465
670
830
934
974
949
867
728
539
319
118
1
0
0
0
0
0
0
0
0
0
0
29
241
457
658
815
923
968
946
875
729
536
319
117
1
0
0
0
0
0
0
0
0
0
0
28
239
452
648
810
913
957
945
861
712
525
312
111
1
0
0
0
0
0
0
0
0
0
0
28
240
457
661
822
927
955
925
839
702
518
308
110
1
0
0
0
0
0
0
0
0
0
0
26
232
438
627
788
884
925
901
823
680
500
294
103
1
0
0
0
0
0
0
0
0
0
0
26
238
455
656
816
919
961
936
844
703
514
301
104
0
0
0
0
0
0
0
0
0
0
0
25
229
437
629
783
882
920
898
814
679
496
290
99
0
0
0
0
0
0
0
0
0
0
0
24
217
382
543
678
780
840
803
629
531
418
276
88
0
0
0
0
0
0
0
0
0
0
0
13
200
409
612
742
793
843
764
637
495
408
224
73
0
0
0
0
0
0
0
0
0
0
0
18
193
384
545
669
782
850
835
779
631
485
277
95
0
0
0
0
0
0
0
0
0
0
0
22
224
431
629
797
894
926
912
831
697
501
285
90
0
0
0
0
0
0
0
0
0
0
0
17
199
376
545
696
761
833
857
767
652
489
287
87
0
0
0
0
0
0
0
0
0
0
0
20
220
439
643
803
910
957
932
849
709
516
296
93
0
0
0
0
0
0
0
0
0
0
0
17
205
411
604
762
861
903
893
806
661
468
266
82
0
0
0
0
0
0
0
0
0
0
0
19
222
438
640
785
890
931
893
813
654
466
256
74
0
0
0
0
0
0
0
0
0
0
0
19
220
439
645
810
923
973
945
857
712
520
293
86
0
0
0
0
0
0
0
0
0
0
0
16
200
401
577
726
851
902
880
809
657
470
267
79
0
0
0
0
0
0
0
0
0
0
0
17
209
422
623
770
873
916
880
802
652
467
257
70
0
0
0
0
0
0
0
0
0
0
0
17
219
439
641
797
891
933
897
808
654
459
248
29
0
0
0
0
0
0
0
0
0
0
0
16
206
417
617
765
865
898
873
789
650
465
255
33
0
0
0
0
0
0
0
0
0
0
0
15
198
412
611
761
874
917
882
799
646
450
242
31
0
0
0
0
0
0
0
0
0
0
0
15
212
429
628
786
880
920
900
800
651
461
247
28
0
0
0
0
0
0
0
0
0
0
0
14
206
422
615
775
873
917
888
794
652
459
243
26
0
0
0
0
0
0
0
0
0
0
0
12
192
387
578
734
827
865
834
755
613
436
231
26
0
0
0
0
0
0
0
0
0
0
0
14
187
393
582
685
714
772
721
643
544
417
212
23
0
0
0
0
0
0
0
0
0
0
0
13
202
420
620
781
883
923
899
802
649
456
239
25
0
0
0
0
0
0
0
0
0
0
0
12
197
412
615
771
873
907
878
782
635
442
226
20
0
0
0
0
0
0
0
0
0
0
0
12
201
415
615
769
875
911
879
788
634
439
224
18
0
0
0
0
0
0
0
0
0
0
0
11
192
398
594
740
837
865
852
754
611
416
205
15
0
0
0
0
0
0
0
0
0
0
0
12
140
310
459
659
750
749
743
591
490
298
121
3
0
0
0
0
0
0
0
0
0
0
0
11
201
420
623
780
877
913
884
783
635
436
215
15
0
0
0
0
0
0
0
0
0
0
0
8
172
362
543
699
797
834
811
746
603
406
205
16
0
0
0
0
0
0
0
0
0
0
0
10
199
418
624
784
888
926
888
791
639
434
212
13
0
0
0
0
0
0
0
0
0
0
0
10
203
430
640
803
908
943
911
815
654
444
216
13
0
0
0
0
0
0
0
0
0
0
0
9
194
413
613
770
859
900
868
774
618
416
200
10
0
0
0
0
0
0
0
0
0
0
0
9
200
426
632
788
884
913
873
767
610
411
190
7
0
0
0
0
0
0
0
0
0
0
0
2
104
304
398
486
673
869
573
585
503
337
126
4
0
0
0
0
0
0
0
0
0
0
0
8
182
394
588
747
854
883
857
754
604
404
187
8
0
0
0
0
0
0
0
0
0
0
0
8
188
413
621
782
889
922
886
785
620
410
185
7
0
0
0
0
0
0
0
0
0
0
0
5
159
343
530
686
771
800
773
673
530
356
163
5
0
0
0
0
0
0
0
0
0
0
0
7
184
399
594
750
843
880
850
752
598
406
185
7
0
0
0
0
0
0
0
0
0
0
0
7
187
410
614
776
874
902
862
758
595
390
170
4
0
0
0
0
0
0
0
0
0
0
0
5
168
368
561
697
775
794
765
646
505
342
150
3
0
0
0
0
0
0
0
0
0
0
0
6
176
392
587
742
837
868
831
730
574
370
156
3
0
0
0
0
0
0
0
0
0
0
0
5
157
359
558
703
788
820
770
681
541
348
146
3
0
0
0
0
0
0
0
0
0
0
0
2
82
137
306
248
212
160
198
263
255
107
24
1
0
0
0
0
0
0
0
0
0
0
0
2
62
158
319
320
337
359
368
129
58
48
12
1
0
0
0
0
0
0
0
0
0
0
0
3
131
308
477
622
677
720
647
557
418
272
102
1
0
0
0
0
0
0
0
0
0
0
0
3
134
311
476
594
675
691
646
571
438
278
106
1
0
0
0
0
0
0
0
0
0
0
0
3
120
283
415
549
615
604
591
516
407
240
95
1
0
0
0
0
0
0
0
0
0
0
0
4
157
362
558
708
800
818
776
673
508
320
123
1
0
0
0
0
0
0
0
0
0
0
0
3
128
302
463
583
659
682
652
566
431
262
93
1
0
0
0
0
0
0
0
0
0
0
0
3
147
348
540
689
793
817
770
665
511
314
116
1
0
0
0
0
0
0
0
0
0
0
0
3
139
328
500
638
723
736
696
599
473
281
105
0
0
0
0
0
0
0
0
0
0
0
0
1
111
231
379
529
563
595
555
539
370
260
95
0
0
0
0
0
0
0
0
0
0
0
0
2
127
304
477
609
686
701
668
574
432
257
87
0
0
0
0
0
0
0
0
0
0
0
0
2
144
347
537
684
775
799
758
654
496
299
103
0
0
0
0
0
0
0
0
0
0
0
0
2
150
361
558
713
806
838
793
688
527
321
111
0
0
0
0
0
0
0
0
0
0
0
0
2
152
367
570
726
817
843
802
691
525
316
106
0
0
0
0
0
0
0
0
0
0
0
0
2
79
308
331
508
521
532
579
401
372
200
82
0
0
0
0
0
0
0
0
0
0
0
0
2
138
343
536
686
779
808
774
673
508
303
100
0
0
0
0
0
0
0
0
0
0
0
0
2
133
335
528
676
768
803
766
664
503
299
95
0
0
0
0
0
0
0
0
0
0
0
0
4
150
311
603
543
696
538
591
206
189
30
7
0
0
0
0
0
0
0
0
0
0
0
0
1
131
336
531
680
773
799
743
635
469
273
81
0
0
0
0
0
0
0
0
0
0
0
0
1
122
316
498
641
743
761
725
614
452
266
79
0
0
0
0
0
0
0
0
0
0
0
0
1
129
334
528
679
773
792
750
637
471
269
38
0
0
0
0
0
0
0
0
0
0
0
0
1
90
263
415
513
572
625
584
502
394
216
22
0
0
0
0
0
0
0
0
0
0
0
0
1
89
235
385
485
554
560
551
482
359
198
26
0
0
0
0
0
0
0
0
0
0
0
0
1
64
150
244
152
429
305
359
166
226
221
13
0
0
0
0
0
0
0
0
0
0
0
0
0
97
264
433
567
660
727
692
579
415
241
30
0
0
0
0
0
0
0
0
0
0
0
0
0
91
249
399
510
572
585
552
468
343
190
21
0
0
0
0
0
0
0
0
0
0
0
0
1
115
320
519
669
757
778
726
614
444
239
24
0
0
0
0
0
0
0
0
0
0
0
0
0
105
287
472
609
691
684
664
561
406
219
24
0
0
0
0
0
0
0
0
0
0
0
0
1
100
285
462
601
689
712
683
588
423
228
24
0
0
0
0
0
0
0
0
0
0
0
0
0
97
275
448
581
655
673
631
530
381
205
18
0
0
0
0
0
0
0
0
0
0
0
0
0
100
290
471
612
708
732
682
576
421
223
21
0
0
0
0
0
0
0
0
0
0
0
0
0
103
299
492
640
725
740
686
576
412
219
16
0
0
0
0
0
0
0
0
0
0
0
0
0
100
298
487
630
713
742
692
585
422
227
20
0
0
0
0
0
0
0
0
0
0
0
0
0
95
287
469
617
703
723
679
568
404
210
17
0
0
0
0
0
0
0
0
0
0
0
0
0
96
292
491
644
734
755
708
589
414
213
14
0
0
0
0
0
0
0
0
0
0
0
0
0
94
287
477
623
715
735
685
569
402
203
12
0
0
0
0
0
0
0
0
0
0
0
0
0
69
230
337
476
557
643
569
462
322
187
20
0
0
0
0
0
0
0
0
0
0
0
0
0
87
276
468
619
703
725
681
574
411
207
14
0
0
0
0
0
0
0
0
0
0
0
0
0
33
171
330
510
698
625
484
415
295
136
11
0
0
0
0
0
0
0
0
0
0
0
0
0
75
234
393
509
565
552
495
402
279
132
3
0
0
0
0
0
0
0
0
0
0
0
0
0
71
219
364
479
559
605
596
505
347
188
14
0
0
0
0
0
0
0
0
0
0
0
0
0
80
259
437
581
661
677
633
523
360
176
8
0
0
0
0
0
0
0
0
0
0
0
0
0
52
188
310
390
469
449
405
330
210
88
3
0
0
0
0
0
0
0
0
0
0
0
0
0
61
222
389
549
594
599
542
468
329
172
13
0
0
0
0
0
0
0
0
0
0
0
0
0
34
231
406
546
619
642
618
525
369
179
9
0
0
0
0
0
0
0
0
0
0
0
0
0
32
237
413
542
617
647
597
491
352
177
9
0
0
0
0
0
0
0
0
0
0
0
0
0
35
269
467
619
712
730
678
561
385
185
6
0
0
0
0
0
0
0
0
0
0
0
0
0
31
247
433
580
672
697
652
540
376
182
8
0
0
0
0
0
0
0
0
0
0
0
0
0
30
248
436
573
664
686
641
525
366
177
6
0
0
0
0
0
0
0
0
0
0
0
0
0
27
232
411
554
638
665
634
519
357
172
7
0
0
0
0
0
0
0
0
0
0
0
0
0
27
235
419
564
654
679
640
531
373
182
8
0
0
0
0
0
0
0
0
0
0
0
0
0
25
242
432
583
677
703
659
547
384
184
7
0
0
0
0
0
0
0
0
0
0
0
0
0
22
220
377
490
525
531
524
375
278
136
2
0
0
0
0
0
0
0
0
0
0
0
0
0
21
214
393
536
618
639
603
498
343
164
6
0
0
0
0
0
0
0
0
0
0
0
0
0
20
214
391
525
608
633
600
492
335
152
4
0
0
0
0
0
0
0
0
0
0
0
0
0
15
173
327
441
503
520
466
376
249
115
2
0
0
0
0
0
0
0
0
0
0
0
0
0
15
168
306
450
466
502
519
469
344
164
6
0
0
0
0
0
0
0
0
0
0
0
0
0
17
206
392
538
633
662
607
493
335
154
4
0
0
0
0
0
0
0
0
0
0
0
0
0
17
207
392
548
647
672
629
516
352
160
5
0
0
0
0
0
0
0
0
0
0
0
0
0
16
209
396
548
635
665
624
517
353
161
5
0
0
0
0
0
0
0
0
0
0
0
0
0
12
186
366
492
591
624
563
446
300
135
2
0
0
0
0
0
0
0
0
0
0
0
0
0
15
218
410
560
651
673
628
517
354
163
3
0
0
0
0
0
0
0
0
0
0
0
0
0
12
184
348
479
567
589
547
432
283
129
1
0
0
0
0
0
0
0
0
0
0
0
0
0
3
111
210
354
508
574
539
375
260
139
7
0
0
0
0
0
0
0
0
0
0
0
0
0
12
196
382
531
627
653
615
517
357
164
5
0
0
0
0
0
0
0
0
0
0
0
0
0
10
167
323
471
551
592
570
483
336
157
5
0
0
0
0
0
0
0
0
0
0
0
0
0
6
149
310
460
527
562
530
453
309
144
5
0
0
0
0
0
0
0
0
0
0
0
0
0
10
196
388
545
640
670
630
524
361
165
4
0
0
0
0
0
0
0
0
0
0
0
0
0
8
173
345
494
584
621
585
488
337
156
5
0
0
0
0
0
0
0
0
0
0
0
0
0
8
163
329
475
574
599
567
479
329
150
5
0
0
0
0
0
0
0
0
0
0
0
0
0
7
166
330
463
553
565
526
431
287
124
1
0
0
0
0
0
0
0
0
0
0
0
0
0
6
152
313
451
545
582
545
450
305
142
5
0
0
0
0
0
0
0
0
0
0
0
0
0
7
164
337
478
570
603
580
481
336
155
4
0
0
0
0
0
0
0
0
0
0
0
0
0
7
176
363
514
610
637
598
493
338
152
3
0
0
0
0
0
0
0
0
0
0
0
0
0
6
165
339
484
573
604
567
471
327
150
4
0
0
0
0
0
0
0
0
0
0
0
0
0
2
73
160
228
288
299
274
233
135
61
1
0
0
0
0
0
0
0
0
0
0
0
0
0
4
140
307
450
542
568
523
432
314
138
4
0
0
0
0
0
0
0
0
0
0
0
0
0
3
118
285
454
508
562
511
416
277
136
4
0
0
0
0
0
0
0
0
0
0
0
0
0
4
142
280
381
428
448
497
443
296
160
5
0
0
0
0
0
0
0
0
0
0
0
0
0
2
106
230
324
415
435
400
336
235
96
1
0
0
0
0
0
0
0
0
0
0
0
0
0
4
143
311
457
553
585
555
466
319
148
5
0
0
0
0
0
0
0
0
0
0
0
0
0
3
129
281
415
509
549
511
435
286
128
1
0
0
0
0
0
0
0
0
0
0
0
0
0
4
148
327
477
578
615
586
487
338
157
5
0
0
0
0
0
0
0
0
0
0
0
0
0
3
147
327
477
572
607
571
475
325
150
4
0
0
0
0
0
0
0
0
0
0
0
0
0
2
92
216
319
386
373
369
297
209
90
1
0
0
0
0
0
0
0
0
0
0
0
0
0
3
129
296
434
531
552
480
346
245
114
3
0
0
0
0
0
0
0
0
0
0
0
0
0
3
135
306
465
559
597
555
460
317
151
5
0
0
0
0
0
0
0
0
0
0
0
0
0
3
135
310
465
560
594
570
486
341
159
6
0
0
0
0
0
0
0
0
0
0
0
0
0
2
143
324
481
581
623
596
499
345
163
5
0
0
0
0
0
0
0
0
0
0
0
0
0
2
141
327
484
586
626
596
502
354
170
6
0
0
0
0
0
0
0
0
0
0
0
0
0
3
116
264
374
492
514
489
426
309
149
9
0
0
0
0
0
0
0
0
0
0
0
0
0
2
122
279
423
531
565
543
469
336
160
6
0
0
0
0
0
0
0
0
0
0
0
0
0
2
125
297
438
543
588
570
488
345
170
9
0
0
0
0
0
0
0
0
0
0
0
0
0
2
136
317
473
581
621
595
504
355
173
7
0
0
0
0
0
0
0
0
0
0
0
0
0
2
123
295
447
551
591
572
485
338
163
7
0
0
0
0
0
0
0
0
0
0
0
0
0
2
117
288
430
528
575
545
455
322
156
7
0
0
0
0
0
0
0
0
0
0
0
0
0
2
119
291
440
543
574
558
460
325
162
8
0
0
0
0
0
0
0
0
0
0
0
0
0
2
123
295
444
550
603
582
496
351
175
9
0
0
0
0
0
0