0
0
0
0
0
0
0
50
137
295
285
314
309
253
166
56
31
24
0
0
0
0
0
0
0
0
0
0
0
0
0
119
176
243
419
333
542
776
505
521
325
85
0
0
0
0
0
0
0
0
0
0
0
0
0
109
328
535
693
784
812
770
677
521
318
99
0
0
0
0
0
0
0
0
0
0
0
0
0
105
317
519
673
774
799
775
673
515
313
101
0
0
0
0
0
0
0
0
0
0
0
0
0
103
310
511
661
768
795
757
655
506
309
98
0
0
0
0
0
0
0
0
0
0
0
0
0
123
379
618
800
913
948
908
789
604
368
118
0
0
0
0
0
0
0
0
0
0
0
0
0
119
365
596
774
884
923
882
770
593
364
120
0
0
0
0
0
0
0
0
0
0
0
0
0
93
294
492
698
703
625
593
534
415
257
95
0
0
0
0
0
0
0
0
0
0
0
0
0
91
282
475
602
657
704
684
601
453
308
116
0
0
0
0
0
0
0
0
0
0
0
0
0
127
395
646
840
961
1002
961
838
644
396
132
0
0
0
0
0
0
0
0
0
0
0
0
0
131
410
635
858
591
607
607
532
410
260
92
0
0
0
0
0
0
0
0
0
0
0
0
0
114
361
592
771
885
927
891
779
602
374
129
0
0
0
0
0
0
0
0
0
0
0
0
0
127
397
646
869
594
607
590
499
377
253
85
0
0
0
0
0
0
0
0
0
0
0
0
0
126
400
658
858
982
1025
982
856
658
404
137
0
0
0
0
0
0
0
0
0
0
0
0
0
101
324
532
692
799
847
820
721
562
353
128
0
0
0
0
0
0
0
0
0
0
0
0
0
101
323
525
685
786
827
793
695
547
347
127
0
0
0
0
0
0
0
0
0
0
0
0
0
111
355
584
762
873
913
881
776
604
382
139
0
0
0
0
0
0
0
0
0
0
0
0
0
79
189
221
328
414
534
717
744
540
376
159
3
0
0
0
0
0
0
0
0
0
0
0
0
95
311
511
675
744
761
732
650
514
324
123
0
0
0
0
0
0
0
0
0
0
0
0
0
81
257
370
537
643
709
754
683
457
286
97
0
0
0
0
0
0
0
0
0
0
0
0
0
125
427
707
931
646
605
620
552
415
266
99
0
0
0
0
0
0
0
0
0
0
0
0
0
118
383
634
832
958
1006
973
860
674
431
164
0
0
0
0
0
0
0
0
0
0
0
0
0
118
373
612
799
915
961
928
819
647
418
163
0
0
0
0
0
0
0
0
0
0
0
0
0
126
401
658
860
989
1039
1005
889
701
453
177
1
0
0
0
0
0
0
0
0
0
0
0
0
136
438
719
923
636
668
623
529
406
281
117
1
0
0
0
0
0
0
0
0
0
0
0
0
111
357
591
779
898
946
917
814
642
416
164
1
0
0
0
0
0
0
0
0
0
0
0
0
81
296
312
297
579
671
756
557
127
37
14
1
0
0
0
0
0
0
0
0
0
0
0
0
71
229
357
388
584
450
719
459
291
195
69
1
0
0
0
0
0
0
0
0
0
0
0
0
104
341
568
740
857
901
873
773
608
394
156
1
0
0
0
0
0
0
0
0
0
0
0
0
70
235
379
513
565
611
607
514
407
268
100
1
0
0
0
0
0
0
0
0
0
0
0
0
130
421
699
915
567
602
577
517
412
267
107
1
0
0
0
0
0
0
0
0
0
0
0
0
127
285
487
268
389
343
550
532
60
93
41
3
0
0
0
0
0
0
0
0
0
0
0
0
37
188
367
452
550
428
316
241
64
68
29
1
0
0
0
0
0
0
0
0
0
0
0
0
65
198
372
477
590
572
564
492
375
228
96
1
0
0
0
0
0
0
0
0
0
0
0
0
76
229
389
491
555
626
601
546
431
283
115
1
0
0
0
0
0
0
0
0
0
0
0
0
118
372
614
803
922
969
938
829
655
427
176
1
0
0
0
0
0
0
0
0
0
0
0
0
114
363
602
789
908
959
931
827
657
432
180
2
0
0
0
0
0
0
0
0
0
0
0
0
125
399
662
868
1003
1055
1027
915
730
481
202
2
0
0
0
0
0
0
0
0
0
0
0
0
116
366
604
793
914
962
935
833
664
438
186
2
0
0
0
0
0
0
0
0
0
0
0
0
109
340
562
734
847
894
866
774
613
407
174
2
0
0
0
0
0
0
0
0
0
0
0
0
145
451
738
974
716
422
577
593
211
100
58
1
0
0
0
0
0
0
0
0
0
0
0
0
130
403
664
868
999
1051
1020
905
716
469
197
1
0
0
0
0
0
0
0
0
0
0
0
0
125
382
628
815
937
985
960
856
684
456
196
2
0
0
0
0
0
0
0
0
0
0
0
0
106
328
536
671
788
840
833
730
582
385
164
3
0
0
0
0
0
0
0
0
0
0
0
0
127
382
622
808
929
980
955
853
684
457
200
3
0
0
0
0
0
0
0
0
0
0
0
0
101
304
483
654
768
808
803
709
562
392
180
4
0
0
0
0
0
0
0
0
0
0
0
0
117
337
545
715
821
878
841
756
616
421
188
4
0
0
0
0
0
0
0
0
0
0
0
0
133
386
623
809
931
976
944
848
682
460
206
3
0
0
0
0
0
0
0
0
0
0
0
0
96
255
432
623
665
824
784
668
562
407
193
5
0
0
0
0
0
0
0
0
0
0
0
1
159
275
788
807
333
940
268
239
66
45
20
2
0
0
0
0
0
0
0
0
0
0
0
0
129
367
589
764
872
915
890
801
644
433
195
4
0
0
0
0
0
0
0
0
0
0
0
0
126
364
589
769
890
941
919
828
669
455
206
5
0
0
0
0
0
0
0
0
0
0
0
0
129
366
593
766
875
916
890
793
629
422
184
2
0
0
0
0
0
0
0
0
0
0
0
0
158
464
747
969
591
536
564
597
465
322
132
3
0
0
0
0
0
0
0
0
0
0
0
0
156
438
702
909
1043
1097
1065
952
762
511
229
4
0
0
0
0
0
0
0
0
0
0
0
0
165
458
731
944
1080
1132
1094
972
772
513
225
2
0
0
0
0
0
0
0
0
0
0
0
0
77
229
463
584
834
808
552
315
453
399
192
9
0
0
0
0
0
0
0
0
0
0
0
0
120
329
523
676
813
810
833
745
613
423
196
7
0
0
0
0
0
0
0
0
0
0
0
0
95
253
407
538
580
569
520
530
438
283
129
2
0
0
0
0
0
0
0
0
0
0
0
1
143
385
604
778
875
914
885
789
626
425
188
3
0
0
0
0
0
0
0
0
0
0
0
0
122
265
341
302
97
1023
682
488
121
107
104
24
0
0
0
0
0
0
0
0
0
0
0
1
83
200
318
374
443
447
457
448
372
260
109
2
0
0
0
0
0
0
0
0
0
0
0
1
87
214
357
421
487
537
522
469
363
233
108
2
0
0
0
0
0
0
0
0
0
0
0
1
173
446
698
896
1023
1071
1039
930
749
510
237
6
0
0
0
0
0
0
0
0
0
0
0
1
181
465
726
929
1060
1110
1078
965
772
522
241
6
0
0
0
0
0
0
0
0
0
0
0
1
182
460
714
912
1037
1084
1052
941
760
517
240
6
0
0
0
0
0
0
0
0
0
0
0
5
121
115
62
551
443
456
781
726
438
407
162
12
0
0
0
0
0
0
0
0
0
0
0
1
138
364
528
673
747
802
778
679
549
350
168
3
0
0
0
0
0
0
0
0
0
0
0
1
113
270
522
643
603
682
730
708
618
449
258
12
0
0
0
0
0
0
0
0
0
0
0
1
137
333
535
647
735
763
726
644
505
340
160
3
0
0
0
0
0
0
0
0
0
0
0
7
184
414
562
921
944
1018
1190
1067
863
592
282
24
0
0
0
0
0
0
0
0
0
0
0
3
226
570
860
1102
690
734
656
573
443
278
135
3
0
0
0
0
0
0
0
0
0
0
0
1
47
108
155
205
227
235
190
183
143
99
43
2
0
0
0
0
0
0
0
0
0
0
0
1
73
163
249
322
356
362
344
318
273
181
79
3
0
0
0
0
0
0
0
0
0
0
0
2
78
191
290
393
405
409
396
346
303
204
95
3
0
0
0
0
0
0
0
0
0
0
0
1
39
269
837
1105
852
574
451
360
105
46
22
3
0
0
0
0
0
0
0
0
0
0
0
4
155
353
547
655
732
759
792
761
593
382
148
3
0
0
0
0
0
0
0
0
0
0
0
4
202
456
678
849
960
998
961
856
686
468
220
5
0
0
0
0
0
0
0
0
0
0
0
4
214
482
723
907
1023
1063
1025
916
736
506
240
7
0
0
0
0
0
0
0
0
0
0
0
5
227
506
754
941
1060
1096
1057
943
759
518
245
7
0
0
0
0
0
0
0
0
0
0
0
5
220
489
728
908
1025
1067
1026
918
742
507
241
7
0
0
0
0
0
0
0
0
0
0
0
5
199
426
630
801
887
945
906
808
661
461
223
9
0
0
0
0
0
0
0
0
0
0
0
6
224
491
726
905
1023
1063
1027
919
738
508
243
8
0
0
0
0
0
0
0
0
0
0
0
7
281
594
870
1098
627
650
622
572
460
299
140
3
0
0
0
0
0
0
0
0
0
0
0
6
206
440
656
814
916
940
913
813
650
443
210
6
0
0
0
0
0
0
0
0
0
0
0
7
238
510
751
934
1046
1083
1044
929
748
509
241
7
0
0
0
0
0
0
0
0
0
0
0
6
130
298
409
516
551
594
568
500
364
247
117
3
0
0
0
0
0
0
0
0
0
0
0
8
259
551
809
1007
1130
1171
1128
1009
811
552
262
9
0
0
0
0
0
0
0
0
0
0
0
10
270
562
819
1014
1131
1168
1121
995
797
540
253
6
0
0
0
0
0
0
0
0
0
0
0
10
255
527
764
946
1058
1096
1055
939
755
516
247
8
0
0
0
0
0
0
0
0
0
0
0
20
252
535
773
1035
1073
977
1208
1079
699
547
282
6
0
0
0
0
0
0
0
0
0
0
0
12
283
575
831
1020
1134
1167
1116
986
782
525
243
3
0
0
0
0
0
0
0
0
0
0
0
12
282
570
819
1009
1125
1163
1118
995
799
549
264
8
0
0
0
0
0
0
0
0
0
0
0
13
286
570
820
1014
1137
1193
1168
1073
888
614
301
30
0
0
0
0
0
0
0
0
0
0
0
14
296
586
839
1028
1145
1178
1126
999
799
542
257
6
0
0
0
0
0
0
0
0
0
0
0
14
279
558
802
987
1094
1126
1083
962
771
521
246
6
0
0
0
0
0
0
0
0
0
0
0
12
232
469
657
814
916
935
907
799
653
450
215
8
0
0
0
0
0
0
0
0
0
0
0
12
190
348
547
576
719
775
858
748
685
473
230
10
0
0
0
0
0
0
0
0
0
0
0
11
200
388
574
698
763
795
781
712
554
374
173
3
0
0
0
0
0
0
0
0
0
0
0
14
232
459
671
819
914
942
896
812
647
446
220
11
0
0
0
0
0
0
0
0
0
0
0
16
250
486
687
841
952
983
939
842
679
465
231
11
0
0
0
0
0
0
0
0
0
0
0
16
237
467
674
812
909
920
921
827
667
470
230
10
0
0
0
0
0
0
0
0
0
0
0
19
278
532
754
921
1026
1061
1018
917
745
521
259
13
0
0
0
0
0
0
0
0
0
0
0
25
330
666
917
1163
559
559
547
440
320
225
100
3
0
0
0
0
0
0
0
0
0
0
0
29
337
649
917
1150
588
598
645
578
433
326
145
7
0
0
0
0
0
0
0
0
0
0
0
13
155
278
393
430
497
517
523
418
358
237
118
3
0
0
0
0
0
0
0
0
0
0
0
23
337
388
327
115
102
620
572
576
685
444
308
34
0
0
0
0
0
0
0
0
0
0
0
8
227
427
614
744
770
791
777
678
523
308
154
3
0
0
0
0
0
0
0
0
0
0
0
23
275
516
724
875
966
997
949
840
679
462
223
8
0
0
0
0
0
0
0
0
0
0
0
6
121
266
423
496
563
546
519
428
372
274
122
5
0
0
0
0
0
0
0
0
0
0
0
12
129
231
327
376
415
409
427
363
299
193
84
3
0
0
0
0
0
0
0
0
0
0
0
17
189
367
490
580
530
624
602
579
456
299
154
3
0
0
0
0
0
0
0
0
0
0
0
9
90
165
236
300
318
319
288
265
222
153
77
3
0
0
0
0
0
0
0
0
0
0
0
25
269
499
692
836
931
967
911
815
658
452
219
9
0
0
0
0
0
0
0
0
0
0
0
32
323
586
813
984
1085
1112
1066
947
762
526
259
11
0
0
0
0
0
0
0
0
0
0
0
32
317
577
799
967
1065
1088
1039
921
739
506
246
10
0
0
0
0
0
0
0
0
0
0
0
27
277
504
709
848
924
939
903
776
623
439
216
9
0
0
0
0
0
0
0
0
0
0
0
11
119
224
293
361
394
407
382
339
276
172
71
3
0
0
0
0
0
0
0
0
0
0
0
10
92
145
197
249
273
237
210
233
130
78
47
3
0
0
0
0
0
0
0
0
0
0
0
12
119
205
305
340
360
356
349
329
276
177
83
3
0
0
0
0
0
0
0
0
0
0
0
13
114
226
306
350
412
424
374
310
254
166
80
3
0
0
0
0
0
0
0
0
0
0
0
39
337
604
831
998
1095
1116
1062
934
741
500
238
6
0
0
0
0
0
0
0
0
0
0
0
11
115
208
300
347
378
389
377
303
238
167
74
4
0
0
0
0
0
0
0
0
0
0
0
14
117
215
302
379
389
417
359
312
241
177
82
4
0
0
0
0
0
0
0
0
0
0
0
32
258
473
652
800
873
918
874
804
640
432
225
16
0
0
0
0
0
0
0
0
0
0
0
38
300
526
715
866
963
983
946
834
677
474
237
14
0
0
0
0
0
0
0
0
0
0
0
21
154
290
352
473
507
445
460
412
355
207
110
4
0
0
0
0
0
0
0
0
0
0
0
45
355
629
865
1039
1141
1164
1111
982
783
535
261
11
0
0
0
0
0
0
0
0
0
0
0
15
139
242
317
385
424
403
376
327
311
187
108
4
0
0
0
0
0
0
0
0
0
0
0
48
196
325
578
652
339
401
556
500
595
467
308
50
0
0
0
0
0
0
0
0
0
0
0
43
314
549
751
897
988
1012
966
863
693
477
238
12
0
0
0
0
0
0
0
0
0
0
0
57
287
621
879
960
905
1237
1185
1054
851
591
298
24
0
0
0
0
0
0
0
0
0
0
0
58
404
693
952
1132
561
549
517
461
362
248
125
4
0
0
0
0
0
0
0
0
0
0
0
66
235
413
566
684
702
724
653
591
439
302
139
4
0
0
0
0
0
0
0
0
0
0
0
62
224
363
488
533
585
614
655
571
414
315
140
4
0
0
0
0
0
0
0
0
0
0
0
66
231
413
557
670
708
743
745
626
495
333
166
4
0
0
0
0
0
0
0
0
0
0
0
52
170
303
451
506
572
575
478
409
351
244
113
4
0
0
0
0
0
0
0
0
0
0
0
108
373
645
878
1048
1147
1171
1118
988
790
540
268
11
0
0
0
0
0
0
0
0
0
0
0
106
363
627
849
1012
1107
1133
1082
958
770
532
268
13
0
0
0
0
0
0
0
0
0
0
0
105
355
607
824
983
1075
1097
1050
934
755
526
270
16
0
0
0
0
0
0
0
0
0
0
0
101
346
599
813
974
1068
1095
1048
932
754
526
270
18
0
0
0
0
0
0
0
0
0
0
0
112
347
579
766
964
485
644
630
634
492
399
221
31
0
0
0
0
0
0
0
0
0
0
0
61
243
390
431
501
633
662
748
648
527
358
172
5
0
0
0
0
0
0
0
0
0
0
0
112
382
641
859
1025
631
672
672
607
482
356
186
19
0
0
0
0
0
0
0
0
0
0
0
92
306
528
713
847
929
945
894
790
648
453
236
15
0
0
0
0
0
0
0
0
0
0
0
105
347
591
797
951
1037
1053
1007
895
722
505
262
16
0
0
0
0
0
0
0
0
0
0
0
88
298
504
670
815
870
880
837
725
568
383
182
5
0
0
0
0
0
0
0
0
0
0
0
20
73
129
160
194
215
232
237
188
139
105
58
7
0
0
0
0
0
0
0
0
0
0
0
88
297
511
699
837
924
961
925
833
686
481
251
20
0
0
0
0
0
0
0
0
0
0
0
92
313
543
740
883
975
1003
968
868
706
498
260
22
0
0
0
0
0
0
0
0
0
0
0
101
338
584
794
949
1040
1066
1021
909
739
520
271
21
0
0
0
0
0
0
0
0
0
0
0
101
346
601
820
979
1070
1092
1036
916
735
506
255
14
0
0
0
0
0
0
0
0
0
0
0
90
307
533
727
870
958
983
941
838
682
477
245
19
0
0
0
0
0
0
0
0
0
0
0
100
336
580
788
943
1032
1056
1011
900
729
511
265
19
0
0
0
0
0
0
0
0
0
0
0
37
134
224
298
341
369
391
345
321
265
173
86
5
0
0
0
0
0
0
0
0
0
0
0
21
71
125
171
207
227
231
221
197
162
113
59
5
0
0
0
0
0
0
0
0
0
0
0
108
367
639
875
1044
1146
1166
1112
983
790
542
273
15
0
0
0
0
0
0
0
0
0
0
0
102
348
606
823
986
1082
1102
1052
933
749
517
263
16
0
0
0
0
0
0
0
0
0
0
0
112
374
645
877
1046
1147
1171
1115
989
795
547
281
15
0
0
0
0
0
0
0
0
0
0
0
101
342
592
806
964
1056
1077
1026
908
733
509
262
17
0
0
0
0
0
0
0
0
0
0
0
106
359
622
848
1015
1115
1140
1095
976
795
559
295
25
0
0
0
0
0
0
0
0
0
0
0
45
151
264
327
433
536
521
541
504
368
224
108
5
0
0
0
0
0
0
0
0
0
0
0
113
390
680
931
1119
513
469
483
316
237
152
56
6
0
0
0
0
0
0
0
0
0
0
0
55
185
348
466
625
672
654
658
432
368
273
129
6
0
0
0
0
0
0
0
0
0
0
0
98
335
581
794
952
1050
1080
1038
930
762
542
292
28
0
0
0
0
0
0
0
0
0
0
0
40
137
272
334
397
428
408
444
390
302
219
123
6
0
0
0
0
0
0
0
0
0
0
0
67
209
368
499
528
675
699
637
520
367
292
181
6
0
0
0
0
0
0
0
0
0
0
0
85
305
499
559
676
800
691
363
298
324
236
109
6
0
0
0
0
0
0
0
0
0
0
0
46
203
411
541
745
834
660
350
325
260
317
311
47
0
0
0
0
0
0
0
0
0
0
0
77
274
488
662
792
879
906
874
761
626
442
232
19
0
0
0
0
0
0
0
0
0
0
0
33
66
132
123
84
228
317
487
484
410
374
220
37
0
0
0
0
0
0
0
0
0
0
0
8
48
202
303
481
450
533
511
347
315
158
103
6
0
0
0
0
0
0
0
0
0
0
0
53
202
367
494
571
590
638
639
546
416
266
135
6
0
0
0
0
0
0
0
0
0
0
0
88
326
583
807
975
1078
1106
1062
948
770
538
283
24
0
0
0
0
0
0
0
0
0
0
0
83
294
539
761
985
565
476
585
480
414
251
155
6
0
0
0
0
0
0
0
0
0
0
0
58
140
350
323
571
85
430
635
473
546
336
179
9
0
0
0
0
0
0
0
0
0
0
0
21
126
108
166
84
219
517
428
464
394
306
203
39
0
0
0
0
0
0
0
0
0
0
0
61
244
410
580
664
840
858
798
668
561
368
186
6
0
0
0
0
0
0
0
0
0
0
0
45
330
587
810
976
1077
1104
1055
942
763
537
286
25
0
0
0
0
0
0
0
0
0
0
0
7
67
270
322
345
546
441
300
376
609
424
316
81
0
0
0
0
0
0
0
0
0
0
0
44
340
612
847
1022
1127
1152
1106
985
793
550
285
20
0
0
0
0
0
0
0
0
0
0
0
8
61
110
154
183
203
210
202
178
144
102
56
6
0
0
0
0
0
0
0
0
0
0
0
39
321
578
798
985
613
631
699
660
569
377
202
22
0
0
0
0
0
0
0
0
0
0
0
25
168
307
498
568
597
613
583
539
483
300
128
7
0
0
0
0
0
0
0
0
0
0
0
12
81
126
159
172
177
218
215
210
178
127
63
6
0
0
0
0
0
0
0
0
0
0
0
17
161
277
354
430
447
403
364
263
228
158
106
6
0
0
0
0
0
0
0
0
0
0
0
14
149
322
373
393
353
569
508
640
584
437
306
90
0
0
0
0
0
0
0
0
0
0
0
7
95
266
344
531
569
274
628
473
417
347
196
48
0
0
0
0
0
0
0
0
0
0
0
31
251
440
619
762
838
855
854
785
635
461
254
30
0
0
0
0
0
0
0
0
0
0
0
24
232
427
584
693
833
868
813
734
615
460
243
27
0
0
0
0
0
0
0
0
0
0
0
26
359
418
525
583
618
666
565
518
287
51
145
7
0
0
0
0
0
0
0
0
0
0
0
16
167
494
434
612
318
297
195
596
569
222
27
24
0
0
0
0
0
0
0
0
0
0
0
24
113
301
499
875
810
566
577
391
399
131
112
19
0
0
0
0
0
0
0
0
0
0
0
42
338
592
824
1047
562
590
540
478
413
313
177
28
0
0
0
0
0
0
0
0
0
0
0
29
271
500
703
861
960
995
970
872
720
519
285
35
0
0
0
0
0
0
0
0
0
0
0
32
303
560
787
960
1065
1102
1067
961
787
560
303
32
0
0
0
0
0
0
0
0
0
0
0
23
178
346
467
557
595
643
612
492
384
296
141
6
0
0
0
0
0
0
0
0
0
0
0
32
307
571
803
981
1092
1130
1093
982
805
571
308
32
0
0
0
0
0
0
0
0
0
0
0
26
248
463
655
808
896
934
915
826
686
496
273
35
0
0
0
0
0
0
0
0
0
0
0
8
78
142
193
233
267
279
285
255
193
137
67
6
0
0
0
0
0
0
0
0
0
0
0
9
83
154
216
264
291
316
279
252
207
149
81
6
0
0
0
0
0
0
0
0
0
0
0
21
194
347
496
634
680
639
617
565
442
313
161
6
0
0
0
0
0
0
0
0
0
0
0
32
290
507
710
838
530
654
702
677
559
425
263
33
0
0
0
0
0
0
0
0
0
0
0
6
329
495
664
1096
747
520
120
437
117
174
211
46
0
0
0
0
0
0
0
0
0
0
0
24
248
472
665
815
904
933
907
830
682
499
279
34
0
0
0
0
0
0
0
0
0
0
0
16
188
374
530
700
771
759
676
545
630
409
246
20
0
0
0
0
0
0
0
0
0
0
0
9
101
193
266
317
354
358
330
282
239
167
88
6
0
0
0
0
0
0
0
0
0
0
0
16
172
317
457
566
599
584
550
487
404
269
140
6
0
0
0
0
0
0
0
0
0
0
0
10
199
382
619
661
727
754
816
717
634
419
220
26
0
0
0
0
0
0
0
0
0
0
0
13
201
420
353
588
819
417
487
859
595
475
268
47
0
0
0
0
0
0
0
0
0
0
0
8
87
173
256
317
349
339
359
306
243
159
86
6
0
0
0
0
0
0
0
0
0
0
0
5
106
61
170
126
442
649
764
821
606
410
282
75
0
0
0
0
0
0
0
0
0
0
0
8
91
185
281
272
299
449
482
428
540
411
297
73
0
0
0
0
0
0
0
0
0
0
0
19
232
437
629
766
840
882
857
796
647
477
240
21
0
0
0
0
0
0
0
0
0
0
0
18
288
561
834
1100
710
678
587
507
360
239
166
7
0
0
0
0
0
0
0
0
0
0
0
5
107
202
253
340
229
268
345
388
317
203
113
6
0
0
0
0
0
0
0
0
0
0
0
5
97
179
266
296
361
375
368
289
213
160
95
13
0
0
0
0
0
0
0
0
0
0
0
4
59
61
63
498
200
782
856
1072
657
130
268
14
0
0
0
0
0
0
0
0
0
0
0
15
182
351
487
612
681
680
656
595
486
338
150
5
0
0
0
0
0
0
0
0
0
0
0
20
232
445
597
731
829
892
735
561
495
358
174
5
0
0
0
0
0
0
0
0
0
0
0
4
36
78
115
139
158
155
144
127
97
66
41
4
0
0
0
0
0
0
0
0
0
0
0
5
162
316
424
618
782
674
549
531
330
351
302
63
0
0
0
0
0
0
0
0
0
0
0
22
294
618
813
1007
614
647
547
510
386
235
127
5
0
0
0
0
0
0
0
0
0
0
0
27
301
567
849
1047
485
739
761
556
350
43
22
4
0
0
0
0
0
0
0
0
0
0
0
5
78
142
212
278
320
347
329
336
249
154
74
4
0
0
0
0
0
0
0
0
0
0
0
5
52
95
149
160
182
194
177
207
192
130
65
8
0
0
0
0
0
0
0
0
0
0
0
4
109
212
320
449
498
468
477
434
416
283
120
8
0
0
0
0
0
0
0
0
0
0
0
4
68
136
203
246
281
288
287
244
205
142
75
6
0
0
0
0
0
0
0
0
0
0
0
20
285
557
797
976
1088
1125
1080
964
778
537
267
15
0
0
0
0
0
0
0
0
0
0
0
5
118
209
248
340
332
390
452
433
292
253
108
9
0
0
0
0
0
0
0
0
0
0
0
21
286
627
785
1045
578
649
551
415
336
221
120
4
0
0
0
0
0
0
0
0
0
0
0
16
232
436
613
760
851
881
841
710
589
421
206
11
0
0
0
0
0
0
0
0
0
0
0
21
295
567
861
1058
631
653
593
537
422
293
147
7
0
0
0
0
0
0
0
0
0
0
0
24
313
619
859
1013
489
528
456
397
339
292
151
13
0
0
0
0
0
0
0
0
0
0
0
21
294
599
829
1022
472
500
450
436
329
217
99
3
0
0
0
0
0
0
0
0
0
0
0
27
303
595
784
1047
1166
1204
1032
854
565
449
181
3
0
0
0
0
0
0
0
0
0
0
0
8
114
248
356
425
428
407
405
356
309
219
93
3
0
0
0
0
0
0
0
0
0
0
0
16
229
451
648
801
874
885
831
733
556
397
186
5
0
0
0
0
0
0
0
0
0
0
0
8
158
293
423
554
576
575
554
504
380
250
111
3
0
0
0
0
0
0
0
0
0
0
0
20
302
588
835
1022
1131
1158
1102
966
762
506
231
3
0
0
0
0
0
0
0
0
0
0
0
18
267
525
749
918
1017
1046
998
879
697
465
215
5
0
0
0
0
0
0
0
0
0
0
0
22
313
615
862
1052
518
502
502
419
344
253
102
4
0
0
0
0
0
0
0
0
0
0
0
19
294
577
822
1007
1116
1146
1095
968
766
512
234
6
0
0
0
0
0
0
0
0
0
0
0
18
250
488
690
848
940
959
918
820
657
444
209
8
0
0
0
0
0
0
0
0
0
0
0
21
314
611
858
1057
696
737
713
625
487
322
147
2
0
0
0
0
0
0
0
0
0
0
0
11
143
295
435
534
615
570
542
502
432
279
119
2
0
0
0
0
0
0
0
0
0
0
0
4
174
194
214
206
83
85
632
994
640
506
244
27
0
0
0
0
0
0
0
0
0
0
0
27
181
224
396
513
662
776
742
777
539
366
147
3
0
0
0
0
0
0
0
0
0
0
0
12
159
286
405
448
506
501
512
412
345
226
82
2
0
0
0
0
0
0
0
0
0
0
0
18
256
499
711
865
962
997
963
855
684
456
207
6
0
0
0
0
0
0
0
0
0
0
0
4
67
139
189
232
292
297
216
230
167
127
37
2
0
0
0
0
0
0
0
0
0
0
0
11
114
225
268
287
264
272
210
180
198
157
34
2
0
0
0
0
0
0
0
0
0
0
0
18
274
527
748
908
1004
1027
976
860
680
451
198
3
0
0
0
0
0
0
0
0
0
0
0
20
304
588
832
1013
1118
1142
1090
955
748
490
209
2
0
0
0
0
0
0
0
0
0
0
0
18
272
522
738
895
986
1009
961
846
671
444
194
3
0
0
0
0
0
0
0
0
0
0
0
13
181
347
507
643
699
706
700
594
443
292
121
1
0
0
0
0
0
0
0
0
0
0
0
9
136
257
370
461
529
500
470
425
336
219
95
1
0
0
0
0
0
0
0
0
0
0
0
12
184
353
489
586
679
647
631
571
425
279
107
1
0
0
0
0
0
0
0
0
0
0
0
15
236
447
596
739
832
835
809
689
535
342
141
1
0
0
0
0
0
0
0
0
0
0
0
20
300
579
820
1005
1116
1156
1117
1004
801
523
218
8
0
0
0
0
0
0
0
0
0
0
0
19
295
571
808
983
1082
1102
1047
910
708
454
182
1
0
0
0
0
0
0
0
0
0
0
0
19
311
623
897
1146
742
722
688
559
426
253
104
1
0
0
0
0
0
0
0
0
0
0
0
13
187
322
447
561
587
576
544
503
386
251
98
1
0
0
0
0
0
0
0
0
0
0
0
12
192
365
511
597
665
656
609
541
423
269
105
1
0
0
0
0
0
0
0
0
0
0
0
20
299
575
901
1106
642
661
657
538
410
257
100
1
0
0
0
0
0
0
0
0
0
0
0
13
205
394
552
666
729
731
689
594
466
305
117
1
0
0
0
0
0
0
0
0
0
0
0
10
204
421
598
737
831
820
732
608
516
295
126
2
0
0
0
0
0
0
0
0
0
0
0
17
257
490
692
837
916
939
896
777
604
388
151
1
0
0
0
0
0
0
0
0
0
0
0
18
271
520
731
886
974
998
950
824
637
404
154
1
0
0
0
0
0
0
0
0
0
0
0
16
258
500
706
856
941
960
909
788
609
382
141
0
0
0
0
0
0
0
0
0
0
0
0
18
288
556
784
952
1047
1066
1009
876
676
424
156
1
0
0
0
0
0
0
0
0
0
0
0
4
25
48
68
82
91
92
87
76
62
37
13
0
0
0
0
0
0
0
0
0
0
0
0
10
169
254
343
266
484
412
801
825
512
326
177
5
0
0
0
0
0
0
0
0
0
0
0
19
295
568
801
971
1067
1086
1025
888
683
425
152
0
0
0
0
0
0
0
0
0
0
0
0
6
129
252
213
238
361
306
411
619
593
408
168
2
0
0
0
0
0
0
0
0
0
0
0
5
148
321
473
522
558
600
559
490
382
236
86
0
0
0
0
0
0
0
0
0
0
0
0
14
238
435
627
753
815
764
663
615
507
273
97
0
0
0
0
0
0
0
0
0
0
0
0
9
207
409
515
601
522
654
729
629
522
391
139
1
0
0
0
0
0
0
0
0
0
0
0
19
298
572
804
973
1069
1084
1019
876
666
406
136
0
0
0
0
0
0
0
0
0
0
0
0
17
267
507
706
856
941
956
902
780
593
365
124
0
0
0
0
0
0
0
0
0
0
0
0
19
314
601
837
1025
703
688
657
577
437
279
94
0
0
0
0
0
0
0
0
0
0
0
0
21
323
620
873
987
517
558
513
456
343
200
63
0
0
0
0
0
0
0
0
0
0
0
0
14
289
573
900
1007
476
491
416
391
262
140
51
0
0
0
0
0
0
0
0
0
0
0
0
15
252
491
684
833
919
934
875
760
580
351
114
0
0
0
0
0
0
0
0
0
0
0
0
16
276
533
753
912
996
1007
941
805
605
359
110
0
0
0
0
0
0
0
0
0
0
0
0
9
204
384
519
682
762
798
798
677
522
316
110
0
0
0
0
0
0
0
0
0
0
0
0
14
236
441
626
769
846
857
815
690
523
318
98
0
0
0
0
0
0
0
0
0
0
0
0
15
267
515
724
875
955
968
909
778
582
346
104
0
0
0
0
0
0
0
0
0
0
0
0
15
270
528
745
901
987
996
931
796
597
351
102
0
0
0
0
0
0
0
0
0
0
0
0
16
286
556
783
945
1032
1039
967
821
609
352
43
0
0
0
0
0
0
0
0
0
0
0
0
14
253
495
701
853
936
951
888
757
570
335
46
0
0
0
0
0
0
0
0
0
0
0
0
21
316
603
840
1053
651
612
617
538
377
207
26
0
0
0
0
0
0
0
0
0
0
0
0
13
250
490
694
842
923
923
862
734
537
308
37
0
0
0
0
0
0
0
0
0
0
0
0
15
292
574
814
984
1076
1086
1009
856
634
363
42
0
0
0
0
0
0
0
0
0
0
0
0
6
105
279
276
370
375
444
327
339
104
28
13
0
0
0
0
0
0
0
0
0
0
0
0
9
186
353
488
678
696
729
622
617
414
212
8
0
0
0
0
0
0
0
0
0
0
0
0
13
258
509
717
872
954
963
899
765
570
329
40
0
0
0
0
0
0
0
0
0
0
0
0
4
70
83
67
185
503
464
311
368
405
214
59
0
0
0
0
0
0
0
0
0
0
0
0
12
221
368
475
616
675
707
723
560
453
261
32
0
0
0
0
0
0
0
0
0
0
0
0
13
265
523
742
900
987
996
927
785
580
331
36
0
0
0
0
0
0
0
0
0
0
0
0
11
244
488
696
842
925
937
877
742
548
314
36
0
0
0
0
0
0
0
0
0
0
0
0
7
111
224
286
387
431
451
404
330
220
108
7
0
0
0
0
0
0
0
0
0
0
0
0
16
156
594
624
834
563
503
470
214
274
217
20
0
0
0
0
0
0
0
0
0
0
0
0
27
304
611
856
1060
543
503
475
365
301
134
7
0
0
0
0
0
0
0
0
0
0
0
0
10
156
307
441
532
563
497
442
379
265
138
7
0
0
0
0
0
0
0
0
0
0
0
0
8
204
412
622
667
717
681
611
544
353
186
7
0
0
0
0
0
0
0
0
0
0
0
0
11
266
535
762
926
1016
1026
956
810
598
336
32
0
0
0
0
0
0
0
0
0
0
0
0
7
183
331
852
644
472
757
648
171
49
28
7
0
0
0
0
0
0
0
0
0
0
0
0
11
277
560
801
972
1064
1072
993
834
607
333
26
0
0
0
0
0
0
0
0
0
0
0
0
6
180
376
520
660
763
769
705
647
455
256
18
0
0
0
0
0
0
0
0
0
0
0
0
15
279
582
740
1020
474
510
577
574
441
175
20
0
0
0
0
0
0
0
0
0
0
0
0
8
238
492
708
862
946
953
883
742
540
296
24
0
0
0
0
0
0
0
0
0
0
0
0
8
244
505
725
888
975
987
917
773
566
315
28
0
0
0
0
0
0
0
0
0
0
0
0
7
220
455
654
803
880
893
835
709
525
295
28
0
0
0
0
0
0
0
0
0
0
0
0
8
245
511
738
902
993
1003
933
789
577
320
28
0
0
0
0
0
0
0
0
0
0
0
0
6
214
449
650
791
869
880
821
695
511
283
25
0
0
0
0
0
0
0
0
0
0
0
0
7
245
513
739
904
990
1002
930
782
567
311
23
0
0
0
0
0
0
0
0
0
0
0
0
7
238
499
721
883
974
983
916
775
569
318
28
0
0
0
0
0
0
0
0
0
0
0
0
5
181
364
440
493
528
738
712
581
473
249
34
0
0
0
0
0
0
0
0
0
0
0
0
2
126
280
370
477
541
538
505
395
318
187
22
0
0
0
0
0
0
0
0
0
0
0
0
6
233
498
726
891
983
997
929
784
572
315
25
0
0
0
0
0
0
0
0
0
0
0
0
5
200
435
639
789
873
888
833
709
522
291
28
0
0
0
0
0
0
0
0
0
0
0
0
5
231
438
767
957
432
462
515
482
380
179
24
0
0
0
0
0
0
0
0
0
0
0
0
3
164
375
539
671
745
791
733
643
480
258
25
0
0
0
0
0
0
0
0
0
0
0
0
2
80
207
253
241
269
148
275
139
175
111
12
0
0
0
0
0
0
0
0
0
0
0
0
4
204
459
680
841
930
938
874
738
538
293
23
0
0
0
0
0
0
0
0
0
0
0
0
4
206
462
683
848
936
950
887
750
549
302
26
0
0
0
0
0
0
0
0
0
0
0
0
4
202
448
660
815
903
918
858
726
533
296
25
0
0
0
0
0
0
0
0
0
0
0
0
4
179
374
534
671
725
682
635
559
402
218
13
0
0
0
0
0
0
0
0
0
0
0
0
3
187
413
606
752
836
855
807
686
505
284
26
0
0
0
0
0
0
0
0
0
0
0
0
1
30
181
279
250
242
242
243
264
268
162
10
0
0
0
0
0
0
0
0
0
0
0
0
2
100
210
324
385
461
438
377
304
219
110
6
0
0
0
0
0
0
0
0
0
0
0
0
3
202
466
695
864
958
971
908
768
561
308
25
0
0
0
0
0
0
0
0
0
0
0
0
2
142
311
439
551
653
742
647
555
412
220
32
0
0
0
0
0
0
0
0
0
0
0
0
2
172
468
696
916
957
1048
974
726
439
227
9
0
0
0
0
0
0
0
0
0
0
0
0
2
188
446
672
847
953
988
944
829
611
342
57
0
0
0
0
0
0
0
0
0
0
0
0
2
158
375
571
719
800
816
766
656
487
274
26
0
0
0
0
0
0
0
0
0
0
0
0
1
158
377
578
713
796
810
760
643
475
265
24
0
0
0
0
0
0
0
0
0
0
0
0
1
137
333
514
660
753
771
732
628
470
267
30
0
0
0
0
0
0
0
0
0
0
0
0
2
78
305
579
583
387
648
400
308
76
53
6
0
0
0
0
0
0
0
0
0
0
0
0
1
178
432
654
818
912
929
870
735
538
299
24
0
0
0
0
0
0
0
0
0
0
0
0
1
105
263
383
498
559
582
555
486
338
191
19
0
0
0
0
0
0
0
0
0
0
0
0
2
188
433
750
872
580
573
502
400
331
218
21
0
0
0
0
0
0
0
0
0
0
0
0
1
155
390
599
755
845
871
824
705
526
300
32
0
0
0
0
0
0
0
0
0
0
0
0
1
169
432
666
840
942
958
896
759
554
304
23
0
0
0
0
0
0
0
0
0
0
0
0
1
167
427
660
833
930
951
892
755
551
305
26
0
0
0
0
0
0
0
0
0
0
0
0
1
164
421
653
827
929
952
897
765
569
320
31
0
0
0
0
0
0
0
0
0
0
0
0
1
168
434
670
846
949
971
909
774
568
317
27
0
0
0
0
0
0
0
0
0
0
0
0
0
118
313
487
617
694
716
679
583
435
248
27
0
0
0
0
0
0
0
0
0
0
0
0
0
129
340
531
673
757
779
735
635
469
268
29
0
0
0
0
0
0
0
0
0
0
0
0
0
165
439
684
865
971
992
926
780
564
307
19
0
0
0
0
0
0
0
0
0
0
0
0
0
127
342
533
678
766
789
747
644
483
277
31
0
0
0
0
0
0
0
0
0
0
0
0
0
30
108
170
355
429
445
405
309
297
224
62
0
0
0
0
0
0
0
0
0
0
0
0
0
124
332
519
668
750
784
741
642
480
276
31
0
0
0
0
0
0
0
0
0
0
0
0
1
65
142
439
508
534
660
526
431
412
261
40
0
0
0
0
0
0
0
0
0
0
0
0
0
58
147
217
296
367
408
350
263
170
96
8
0
0
0
0
0
0
0
0
0
0
0
0
0
149
412
649
826
933
959
904
771
572
328
34
0
0
0
0
0
0
0
0
0
0
0
0
0
130
365
579
743
840
868
824
712
538
317
40
0
0
0
0
0
0
0
0
0
0
0
0
0
118
334
533
677
768
793
749
649
492
291
38
0
0
0
0
0
0
0
0
0
0
0
0
0
52
128
223
252
313
336
321
251
169
94
9
0
0
0
0
0
0
0
0
0
0
0
0
0
138
394
630
810
922
952
909
787
597
356
50
0
0
0
0
0
0
0
0
0
0
0
0
0
129
377
610
790
907
951
921
816
636
377
75
0
0
0
0
0
0
0
0
0
0
0
0
0
55
62
204
418
413
598
663
841
616
377
61
0
0
0
0
0
0
0
0
0
0
0
0
0
115
341
552
712
814
845
805
701
536
321
49
0
0
0
0
0
0
0
0
0
0
0
0
0
20
150
190
547
510
588
244
300
261
315
118
0
0
0
0
0
0