0
0
0
0
0
0
0
4
138
294
421
502
522
483
390
253
97
0
0
0
0
0
0
0
0
0
0
0
0
0
0
2
80
186
278
367
370
363
295
204
76
0
0
0
0
0
0
0
0
0
0
0
0
0
0
4
150
315
454
542
569
531
436
290
117
1
0
0
0
0
0
0
0
0
0
0
0
0
0
4
159
336
480
569
593
550
451
298
119
1
0
0
0
0
0
0
0
0
0
0
0
0
0
2
97
213
308
332
363
331
294
186
71
1
0
0
0
0
0
0
0
0
0
0
0
0
0
4
149
316
462
552
576
543
447
299
123
1
0
0
0
0
0
0
0
0
0
0
0
0
0
4
147
308
447
535
562
525
433
288
120
1
0
0
0
0
0
0
0
0
0
0
0
0
0
3
109
198
272
431
360
354
316
236
144
2
0
0
0
0
0
0
0
0
0
0
0
0
0
4
105
233
341
411
436
407
325
228
95
1
0
0
0
0
0
0
0
0
0
0
0
0
0
4
131
280
400
474
496
463
386
253
105
1
0
0
0
0
0
0
0
0
0
0
0
0
0
4
151
322
464
550
582
546
449
300
129
2
0
0
0
0
0
0
0
0
0
0
0
0
0
4
159
342
489
579
608
572
471
318
138
2
0
0
0
0
0
0
0
0
0
0
0
0
0
4
143
314
449
541
565
542
447
303
134
2
0
0
0
0
0
0
0
0
0
0
0
0
0
2
67
150
240
265
268
267
213
134
56
1
0
0
0
0
0
0
0
0
0
0
0
0
0
2
80
174
243
269
298
273
254
159
63
1
0
0
0
0
0
0
0
0
0
0
0
0
0
2
28
61
67
62
52
445
383
269
116
2
0
0
0
0
0
0
0
0
0
0
0
0
0
5
163
346
493
581
609
570
472
324
148
3
0
0
0
0
0
0
0
0
0
0
0
0
0
5
162
341
489
582
614
583
483
338
158
4
0
0
0
0
0
0
0
0
0
0
0
0
0
5
142
311
452
534
547
513
434
298
142
3
0
0
0
0
0
0
0
0
0
0
0
0
0
2
47
93
146
176
159
112
117
92
53
3
0
0
0
0
0
0
0
0
0
0
0
0
0
4
108
207
318
396
430
369
302
206
87
2
0
0
0
0
0
0
0
0
0
0
0
0
0
2
49
103
97
169
173
198
154
151
72
2
0
0
0
0
0
0
0
0
0
0
0
0
0
12
93
223
292
292
580
460
395
262
161
3
0
0
0
0
0
0
0
0
0
0
0
0
0
7
184
376
530
627
661
628
530
377
186
7
0
0
0
0
0
0
0
0
0
0
0
0
0
6
167
344
489
584
623
594
502
355
177
8
0
0
0
0
0
0
0
0
0
0
0
0
0
7
176
364
518
619
651
615
521
370
184
8
0
0
0
0
0
0
0
0
0
0
0
0
0
4
94
202
279
336
334
309
266
198
91
2
0
0
0
0
0
0
0
0
0
0
0
0
0
8
181
372
530
632
667
632
531
377
190
9
0
0
0
0
0
0
0
0
0
0
0
0
0
9
148
347
393
495
543
370
372
289
133
4
0
0
0
0
0
0
0
0
0
0
0
0
0
3
126
279
404
464
472
470
361
219
90
3
0
0
0
0
0
0
0
0
0
0
0
0
0
5
114
233
337
414
437
415
349
224
100
3
0
0
0
0
0
0
0
0
0
0
0
0
0
10
177
347
489
581
606
577
482
347
182
12
0
0
0
0
0
0
0
0
0
0
0
0
0
10
194
386
541
640
673
641
543
391
203
12
0
0
0
0
0
0
0
0
0
0
0
0
0
8
151
300
418
494
539
508
434
293
146
3
0
0
0
0
0
0
0
0
0
0
0
0
0
12
174
344
500
580
605
550
465
338
181
13
0
0
0
0
0
0
0
0
0
0
0
0
0
12
192
377
531
633
667
643
558
412
225
21
0
0
0
0
0
0
0
0
0
0
0
0
0
12
190
377
525
627
661
633
540
390
206
16
0
0
0
0
0
0
0
0
0
0
0
0
0
16
148
251
336
381
284
257
286
211
106
4
0
0
0
0
0
0
0
0
0
0
0
0
0
4
90
177
276
329
305
305
258
175
94
4
0
0
0
0
0
0
0
0
0
0
0
0
0
3
82
148
283
380
352
322
260
179
104
7
0
0
0
0
0
0
0
0
0
0
0
0
0
15
210
395
547
646
678
656
565
415
231
23
0
0
0
0
0
0
0
0
0
0
0
0
0
17
214
404
563
665
709
675
585
429
241
27
0
0
0
0
0
0
0
0
0
0
0
0
0
18
219
413
567
666
708
680
586
436
248
30
0
0
0
0
0
0
0
0
0
0
0
0
0
29
159
298
260
339
332
403
364
137
92
6
0
0
0
0
0
0
0
0
0
0
0
0
0
32
207
350
561
588
427
361
321
290
179
6
0
0
0
0
0
0
0
0
0
0
0
0
0
27
194
486
664
646
518
259
189
175
117
6
0
0
0
0
0
0
0
0
0
0
0
0
0
11
118
227
316
271
532
542
520
426
307
60
0
0
0
0
0
0
0
0
0
0
0
0
0
26
248
444
602
701
737
707
613
461
269
37
0
0
0
0
0
0
0
0
0
0
0
0
0
18
144
273
402
563
584
669
470
360
263
43
0
0
0
0
0
0
0
0
0
0
0
0
0
5
53
85
115
149
163
142
127
91
61
16
0
0
0
0
0
0
0
0
0
0
0
0
0
6
71
139
192
266
230
287
258
136
96
31
0
0
0
0
0
0
0
0
0
0
0
0
0
5
118
203
224
267
296
218
172
168
124
42
0
0
0
0
0
0
0
0
0
0
0
0
0
6
142
303
385
409
456
493
315
140
23
42
0
0
0
0
0
0
0
0
0
0
0
0
0
40
223
330
509
551
589
400
332
203
283
62
0
0
0
0
0
0
0
0
0
0
0
0
0
65
225
396
547
627
650
622
552
418
243
85
0
0
0
0
0
0
0
0
0
0
0
0
0
79
269
451
606
694
721
690
596
449
269
86
0
0
0
0
0
0
0
0
0
0
0
0
0
82
267
455
608
706
734
713
626
470
280
92
0
0
0
0
0
0
0
0
0
0
0
0
0
79
254
438
588
690
725
700
613
472
283
94
0
0
0
0
0
0
0
0
0
0
0
0
0
84
279
426
563
595
591
580
474
335
232
84
0
0
0
0
0
0
0
0
0
0
0
0
0
54
124
277
469
528
538
572
573
487
300
79
0
0
0
0
0
0
0
0
0
0
0
0
0
85
256
442
595
690
732
700
595
464
292
105
1
0
0
0
0
0
0
0
0
0
0
0
0
95
269
445
569
670
704
694
617
481
295
106
1
0
0
0
0
0
0
0
0
0
0
0
0
94
277
455
596
697
716
673
574
457
285
106
0
0
0
0
0
0
0
0
0
0
0
0
0
52
180
255
337
552
621
526
597
381
233
125
5
0
0
0
0
0
0
0
0
0
0
0
0
114
320
524
683
783
820
790
686
527
327
119
0
0
0
0
0
0
0
0
0
0
0
0
0
120
330
534
695
799
836
800
699
539
339
127
1
0
0
0
0
0
0
0
0
0
0
0
1
109
281
399
532
585
677
652
557
493
321
144
2
0
0
0
0
0
0
0
0
0
0
0
1
37
87
127
184
191
193
168
118
118
84
37
1
0
0
0
0
0
0
0
0
0
0
0
1
116
290
460
576
692
714
678
584
440
311
118
1
0
0
0
0
0
0
0
0
0
0
0
1
148
374
584
749
849
878
841
737
571
361
140
1
0
0
0
0
0
0
0
0
0
0
0
1
129
321
500
628
709
733
699
615
477
301
118
1
0
0
0
0
0
0
0
0
0
0
0
2
155
379
584
744
846
880
846
740
578
372
151
2
0
0
0
0
0
0
0
0
0
0
0
2
144
351
551
702
800
833
800
702
546
351
141
2
0
0
0
0
0
0
0
0
0
0
0
3
153
368
570
733
838
873
836
735
573
369
151
2
0
0
0
0
0
0
0
0
0
0
0
2
141
315
442
442
532
545
688
473
476
386
159
6
0
0
0
0
0
0
0
0
0
0
0
3
152
351
533
680
769
792
766
675
530
343
145
2
0
0
0
0
0
0
0
0
0
0
0
1
114
297
403
555
633
704
642
584
454
284
129
2
0
0
0
0
0
0
0
0
0
0
0
5
183
413
623
786
887
916
873
765
596
384
161
2
0
0
0
0
0
0
0
0
0
0
0
6
188
417
626
786
885
913
870
760
592
382
161
2
0
0
0
0
0
0
0
0
0
0
0
2
95
197
311
390
420
486
425
376
282
193
83
1
0
0
0
0
0
0
0
0
0
0
0
3
111
219
333
416
453
531
504
461
341
228
87
1
0
0
0
0
0
0
0
0
0
0
0
18
164
179
355
446
371
743
802
470
275
304
118
11
0
0
0
0
0
0
0
0
0
0
0
2
70
177
269
334
406
417
372
358
282
199
86
3
0
0
0
0
0
0
0
0
0
0
0
9
191
398
583
725
815
836
804
708
567
372
167
4
0
0
0
0
0
0
0
0
0
0
0
10
181
376
565
688
762
788
768
686
552
366
164
7
0
0
0
0
0
0
0
0
0
0
0
11
194
372
525
681
778
773
739
645
516
337
150
5
0
0
0
0
0
0
0
0
0
0
0
3
85
157
241
275
327
385
376
313
291
214
103
6
0
0
0
0
0
0
0
0
0
0
0
14
208
416
604
741
829
852
823
723
571
376
168
5
0
0
0
0
0
0
0
0
0
0
0
17
230
453
652
809
905
935
897
791
629
419
195
8
0
0
0
0
0
0
0
0
0
0
0
18
230
449
648
802
897
925
887
786
623
417
195
8
0
0
0
0
0
0
0
0
0
0
0
17
211
420
603
744
834
861
829
735
593
395
187
9
0
0
0
0
0
0
0
0
0
0
0
14
128
202
282
394
456
479
448
432
294
191
84
2
0
0
0
0
0
0
0
0
0
0
0
11
104
186
281
336
395
421
408
347
245
147
68
2
0
0
0
0
0
0
0
0
0
0
0
12
127
265
324
458
428
519
426
390
273
206
96
3
0
0
0
0
0
0
0
0
0
0
0
30
279
512
717
872
964
991
945
833
661
448
215
9
0
0
0
0
0
0
0
0
0
0
0
31
270
499
701
853
945
970
926
818
651
439
211
11
0
0
0
0
0
0
0
0
0
0
0
31
258
478
665
812
905
929
891
786
628
426
207
12
0
0
0
0
0
0
0
0
0
0
0
30
192
335
378
588
478
497
414
214
58
115
107
12
0
0
0
0
0
0
0
0
0
0
0
18
108
173
226
299
368
365
432
341
284
205
85
3
0
0
0
0
0
0
0
0
0
0
0
59
180
309
423
553
564
666
597
598
429
281
141
3
0
0
0
0
0
0
0
0
0
0
0
90
312
550
757
909
997
1016
965
845
668
449
217
9
0
0
0
0
0
0
0
0
0
0
0
87
292
509
701
849
934
959
918
817
652
450
228
16
0
0
0
0
0
0
0
0
0
0
0
94
308
532
730
876
962
985
937
829
663
455
228
15
0
0
0
0
0
0
0
0
0
0
0
92
298
518
714
858
943
959
910
802
642
436
216
13
0
0
0
0
0
0
0
0
0
0
0
99
311
535
728
873
957
977
924
814
649
441
220
14
0
0
0
0
0
0
0
0
0
0
0
91
284
487
668
802
885
910
875
776
620
425
217
17
0
0
0
0
0
0
0
0
0
0
0
88
267
455
611
740
812
813
790
710
587
417
215
21
0
0
0
0
0
0
0
0
0
0
0
98
291
495
671
802
879
913
880
784
631
441
228
22
0
0
0
0
0
0
0
0
0
0
0
84
246
417
567
673
747
766
737
652
519
354
180
15
0
0
0
0
0
0
0
0
0
0
0
107
301
508
682
808
882
885
834
731
576
396
198
14
0
0
0
0
0
0
0
0
0
0
1
129
363
614
774
930
613
626
566
492
350
256
122
9
0
0
0
0
0
0
0
0
0
0
1
103
287
485
658
789
863
864
829
734
596
417
218
22
0
0
0
0
0
0
0
0
0
0
1
109
295
491
649
779
862
887
861
762
608
414
217
23
0
0
0
0
0
0
0
0
0
0
1
140
371
601
708
908
521
490
527
560
465
295
147
8
0
0
0
0
0
0
0
0
0
0
1
116
308
501
668
787
841
865
835
750
593
413
221
24
0
0
0
0
0
0
0
0
0
0
1
116
304
495
650
779
852
865
864
758
602
420
223
23
0
0
0
0
0
0
0
0
0
0
1
98
261
434
569
654
720
703
641
550
471
320
168
15
0
0
0
0
0
0
0
0
0
0
2
134
347
568
757
900
983
1002
958
852
687
483
256
31
0
0
0
0
0
0
0
0
0
0
3
107
247
474
645
729
773
761
637
514
410
218
117
5
0
0
0
0
0
0
0
0
0
0
2
116
288
457
658
738
790
805
804
730
589
386
215
24
0
0
0
0
0
0
0
0
0
0
3
136
336
534
692
811
888
897
845
750
616
443
243
33
0
0
0
0
0
0
0
0
0
0
3
133
331
526
701
830
888
884
851
747
603
430
240
33
0
0
0
0
0
0
0
0
0
0
4
158
378
599
787
927
1006
1023
973
865
702
495
271
36
0
0
0
0
0
0
0
0
0
0
5
64
194
189
605
635
514
714
452
499
387
297
261
86
0
0
0
0
0
0
0
0
0
0
4
155
365
575
752
889
964
981
931
821
664
470
259
73
0
0
0
0
0
0
0
0
0
0
5
153
354
556
728
860
938
958
915
813
665
476
269
77
0
0
0
0
0
0
0
0
0
0
5
159
370
581
758
889
961
971
923
820
666
472
260
75
0
0
0
0
0
0
0
0
0
0
5
166
381
601
790
932
1006
1025
976
866
703
496
273
79
0
0
0
0
0
0
0
0
0
0
6
157
356
543
706
847
922
929
888
795
647
454
255
76
0
0
0
0
0
0
0
0
0
0
10
101
264
406
708
839
837
895
667
635
393
170
99
32
0
0
0
0
0
0
0
0
0
0
7
170
382
592
772
906
978
998
952
841
686
486
271
82
0
0
0
0
0
0
0
0
0
0
8
159
329
507
642
753
825
862
799
700
503
391
220
73
0
0
0
0
0
0
0
0
0
0
6
151
325
499
668
811
830
860
830
740
588
424
241
72
0
0
0
0
0
0
0
0
0
0
9
166
368
683
888
1039
517
466
398
365
187
125
103
33
0
0
0
0
0
0
0
0
0
0
8
167
368
562
734
858
931
944
901
804
646
453
254
79
0
0
0
0
0
0
0
0
0
0
9
169
376
540
647
779
890
812
771
670
542
387
178
57
0
0
0
0
0
0
0
0
0
0
2
117
274
581
702
760
817
767
805
516
461
285
214
68
0
0
0
0
0
0
0
0
0
0
8
159
351
545
683
835
879
869
850
748
608
442
246
77
0
0
0
0
0
0
0
0
0
0
10
180
381
578
744
865
938
953
912
813
666
483
280
94
0
0
0
0
0
0
0
0
0
0
11
191
399
604
777
907
980
996
953
851
699
507
297
101
0
0
0
0
0
0
0
0
0
0
12
183
385
579
739
865
943
963
920
821
670
486
283
97
0
0
0
0
0
0
0
0
0
0
11
182
384
576
747
865
945
959
917
823
671
487
283
97
0
0
0
0
0
0
0
0
0
0
12
179
378
578
749
879
957
985
940
846
695
505
299
106
1
0
0
0
0
0
0
0
0
0
3
17
46
126
214
385
649
882
904
739
506
430
354
126
6
0
0
0
0
0
0
0
0
0
5
19
107
235
295
153
595
624
908
633
129
225
29
10
0
0
0
0
0
0
0
0
0
0
10
137
290
423
521
608
620
623
596
532
428
298
170
68
1
0
0
0
0
0
0
0
0
0
16
217
442
660
846
981
1058
1073
1025
916
753
549
324
117
1
0
0
0
0
0
0
0
0
0
10
136
285
422
545
611
677
719
651
572
460
335
177
63
1
0
0
0
0
0
0
0
0
0
11
127
300
424
564
610
710
791
684
558
412
293
183
69
1
0
0
0
0
0
0
0
0
0
13
171
350
522
658
785
856
853
803
717
578
427
252
89
1
0
0
0
0
0
0
0
0
0
15
186
373
565
722
839
884
918
878
787
647
483
301
112
2
0
0
0
0
0
0
0
0
0
15
192
395
595
771
904
976
990
941
839
689
502
299
111
1
0
0
0
0
0
0
0
0
0
17
205
417
624
803
933
1008
1025
981
877
722
531
318
119
1
0
0
0
0
0
0
0
0
0
18
211
429
642
820
953
1032
1050
1003
895
736
540
324
123
1
0
0
0
0
0
0
0
0
0
16
193
394
585
743
857
938
949
913
825
692
510
310
122
2
0
0
0
0
0
0
0
0
0
17
202
408
611
784
912
984
1000
959
853
701
513
309
118
1
0
0
0
0
0
0
0
0
0
17
197
397
588
759
883
947
965
917
814
666
490
294
111
1
0
0
0
0
0
0
0
0
0
18
205
416
625
805
937
1016
1035
991
890
740
549
332
131
2
0
0
0
0
0
0
0
0
0
17
202
406
602
771
897
974
989
948
852
710
529
324
129
2
0
0
0
0
0
0
0
0
0
18
209
419
626
805
941
1024
1039
1002
902
747
555
341
137
3
0
0
0
0
0
0
0
0
0
18
204
410
613
788
912
993
1012
967
865
717
527
322
128
2
0
0
0
0
0
0
0
0
0
18
203
413
619
797
932
1008
1026
981
881
732
542
331
131
3
0
0
0
0
0
0
0
0
0
18
209
424
631
808
943
1018
1035
992
894
741
553
339
137
3
0
0
0
0
0
0
0
0
0
17
194
392
587
758
885
962
983
944
859
715
539
336
139
4
0
0
0
0
0
0
0
0
0
19
210
422
631
804
935
1014
1040
998
901
753
562
349
143
4
0
0
0
0
0
0
0
0
0
17
191
388
577
733
868
952
973
940
846
709
529
326
137
4
0
0
0
0
0
0
0
0
0
14
167
349
530
696
835
885
879
847
763
629
478
297
124
3
0
0
0
0
0
0
0
0
0
18
202
407
608
783
918
996
1016
981
887
743
557
349
145
4
0
0
0
0
0
0
0
0
0
18
204
412
619
798
927
1005
1017
969
867
718
531
319
127
2
0
0
0
0
0
0
0
0
0
17
195
400
602
779
911
987
1009
971
872
728
539
331
134
3
0
0
0
0
0
0
0
0
0
17
192
393
588
749
872
948
962
930
837
700
521
323
133
3
0
0
0
0
0
0
0
0
0
13
171
356
534
687
816
880
910
875
783
645
495
303
124
3
0
0
0
0
0
0
0
0
0
14
177
358
540
692
799
845
845
803
719
586
426
252
103
1
0
0
0
0
0
0
0
0
0
14
156
335
505
644
756
799
818
794
711
598
439
268
106
1
0
0
0
0
0
0
0
0
0
14
175
359
546
710
825
892
910
876
795
668
498
306
128
3
0
0
0
0
0
0
0
0
0
17
204
419
632
815
950
1031
1049
1004
901
751
558
344
141
3
0
0
0
0
0
0
0
0
0
16
203
417
626
809
945
1023
1043
1000
899
747
552
338
138
3
0
0
0
0
0
0
0
0
0
15
194
403
613
794
932
1012
1034
1003
903
751
560
351
147
5
0
0
0
0
0
0
0
0
0
15
189
386
584
756
883
961
986
948
853
715
531
329
137
4
0
0
0
0
0
0
0
0
0
9
122
263
391
499
611
691
711
691
628
508
356
221
82
1
0
0
0
0
0
0
0
0
0
12
166
364
530
667
784
849
871
821
754
631
480
302
132
5
0
0
0
0
0
0
0
0
0
14
182
379
573
743
876
941
967
933
833
688
509
316
131
3
0
0
0
0
0
0
0
0
0
13
178
374
569
748
888
964
995
958
862
720
541
342
144
5
0
0
0
0
0
0
0
0
0
12
174
376
579
750
887
967
995
957
860
720
538
335
140
5
0
0
0
0
0
0
0
0
0
12
183
388
593
769
899
980
1006
970
870
725
542
334
137
3
0
0
0
0
0
0
0
0
0
12
184
391
599
777
908
992
1025
979
886
733
547
339
142
4
0
0
0
0
0
0
0
0
0
12
187
390
589
764
887
966
990
951
858
719
536
332
137
3
0
0
0
0
0
0
0
0
0
12
194
409
621
806
943
1024
1045
1008
912
767
577
360
151
4
0
0
0
0
0
0
0
0
0
12
187
391
593
772
897
973
997
968
872
729
549
344
143
3
0
0
0
0
0
0
0
0
0
11
183
395
609
786
932
1011
1027
983
884
734
544
333
135
2
0
0
0
0
0
0
0
0
0
10
178
384
589
769
909
990
1011
974
874
726
537
332
136
3
0
0
0
0
0
0
0
0
0
10
176
384
589
769
907
996
1017
983
888
740
552
339
139
4
0
0
0
0
0
0
0
0
0
9
173
379
589
772
909
993
1016
969
877
727
540
331
134
3
0
0
0
0
0
0
0
0
0
9
170
376
581
761
896
982
1010
975
880
739
555
347
144
4
0
0
0
0
0
0
0
0
0
8
155
342
532
702
829
910
941
921
834
693
522
326
133
5
0
0
0
0
0
0
0
0
0
8
163
363
565
742
870
953
969
939
846
706
528
318
126
2
0
0
0
0
0
0
0
0
0
8
167
375
590
779
928
1010
1034
998
898
743
551
338
136
3
0
0
0
0
0
0
0
0
0
7
155
349
549
732
863
945
978
960
862
720
538
330
135
4
0
0
0
0
0
0
0
0
0
6
145
334
533
709
842
909
942
916
838
698
524
325
128
3
0
0
0
0
0
0
0
0
0
6
151
344
549
731
867
963
1000
962
869
718
531
321
125
3
0
0
0
0
0
0
0
0
0
6
159
367
576
765
909
997
1022
984
887
733
543
331
129
2
0
0
0
0
0
0
0
0
0
6
166
381
600
791
933
1021
1044
1003
900
743
544
325
123
1
0
0
0
0
0
0
0
0
0
6
162
372
584
768
908
994
1018
980
879
727
537
325
126
1
0
0
0
0
0
0
0
0
0
6
162
370
584
765
907
984
1007
966
864
713
522
315
120
1
0
0
0
0
0
0
0
0
0
5
140
328
525
700
843
934
968
933
852
706
528
331
131
3
0
0
0
0
0
0
0
0
0
5
151
353
560
749
888
981
1014
986
895
748
553
339
131
3
0
0
0
0
0
0
0
0
0
4
138
333
526
708
838
903
941
887
800
667
497
294
111
1
0
0
0
0
0
0
0
0
0
4
138
333
540
719
865
956
988
949
860
715
530
321
121
2
0
0
0
0
0
0
0
0
0
4
142
344
560
748
898
989
1020
989
897
745
546
325
120
2
0
0
0
0
0
0
0
0
0
4
140
343
557
744
887
979
1011
980
885
740
547
326
120
2
0
0
0
0
0
0
0
0
0
3
134
327
531
711
838
915
943
896
804
662
480
281
100
1
0
0
0
0
0
0
0
0
0
3
129
321
523
702
835
916
937
910
832
694
513
309
115
2
0
0
0
0
0
0
0
0
0
3
141
352
571
761
907
996
1024
988
890
739
543
321
116
1
0
0
0
0
0
0
0
0
0
3
130
328
531
717
855
943
965
922
824
672
488
283
98
0
0
0
0
0
0
0
0
0
0
2
114
287
465
623
745
818
836
807
725
602
435
252
88
0
0
0
0
0
0
0
0
0
0
2
120
309
514
691
826
903
928
890
799
664
485
284
98
1
0
0
0
0
0
0
0
0
0
2
131
336
552
739
882
967
994
957
862
708
513
298
102
0
0
0
0
0
0
0
0
0
0
1
111
292
455
557
706
783
858
808
774
607
444
273
95
1
0
0
0
0
0
0
0
0
0
2
116
309
515
702
817
907
931
902
809
670
480
276
92
0
0
0
0
0
0
0
0
0
0
2
106
277
454
644
789
877
894
871
747
627
467
272
91
0
0
0
0
0
0
0
0
0
0
1
113
300
504
687
797
866
881
848
741
604
433
239
73
0
0
0
0
0
0
0
0
0
0
1
120
319
530
717
863
952
982
952
854
701
507
290
94
0
0
0
0
0
0
0
0
0
0
1
117
315
526
713
853
939
962
926
831
682
489
276
87
0
0
0
0
0
0
0
0
0
0
1
108
298
506
692
832
916
938
909
812
670
484
272
85
0
0
0
0
0
0
0
0
0
0
1
116
321
536
726
878
963
988
947
845
693
498
277
84
0
0
0
0
0
0
0
0
0
0
1
105
298
504
685
831
911
932
891
795
657
472
262
80
0
0
0
0
0
0
0
0
0
0
1
103
295
497
685
823
902
917
881
793
643
459
262
78
0
0
0
0
0
0
0
0
0
0
1
108
308
519
703
839
927
953
915
816
662
472
265
77
0
0
0
0
0
0
0
0
0
0
1
109
309
521
708
848
936
956
907
803
649
458
250
70
0
0
0
0
0
0
0
0
0
0
1
112
322
544
739
885
972
996
958
854
695
493
269
37
0
0
0
0
0
0
0
0
0
0
0
107
312
532
725
873
963
986
952
846
688
487
266
37
0
0
0
0
0
0
0
0
0
0
0
102
299
509
691
835
916
932
896
797
647
457
247
31
0
0
0
0
0
0
0
0
0
0
0
102
304
534
743
878
962
1001
947
833
678
474
240
21
0
0
0
0
0
0
0
0
0
0
0
94
286
487
649
786
871
892
852
752
607
423
220
27
0
0
0
0
0
0
0
0
0
0
0
97
290
511
711
862
924
967
944
822
666
457
236
26
0
0
0
0
0
0
0
0
0
0
0
98
302
522
719
864
952
975
931
829
666
461
240
24
0
0
0
0
0
0
0
0
0
0
0
96
296
513
704
849
935
959
917
813
653
452
234
22
0
0
0
0
0
0
0
0
0
0
0
96
300
522
717
864
954
973
929
818
656
452
230
19
0
0
0
0
0
0
0
0
0
0
0
88
270
445
589
692
791
823
775
709
599
379
190
14
0
0
0
0
0
0
0
0
0
0
0
86
274
479
663
796
880
904
876
778
628
438
226
22
0
0
0
0
0
0
0
0
0
0
0
89
287
507
697
835
926
945
898
789
628
427
210
14
0
0
0
0
0
0
0
0
0
0
0
88
287
507
698
841
930
950
900
796
630
426
209
13
0
0
0
0
0
0
0
0
0
0
0
84
276
487
671
814
897
921
877
763
606
404
192
10
0
0
0
0
0
0
0
0
0
0
0
84
278
484
665
800
881
901
857
756
600
405
196
10
0
0
0
0
0
0
0
0
0
0
0
80
271
480
664
805
885
904
867
760
602
401
191
10
0
0
0
0
0
0
0
0
0
0
0
80
275
491
679
823
913
931
886
783
626
423
202
12
0
0
0
0
0
0
0
0
0
0
0
81
279
495
688
829
917
938
891
776
611
406
189
8
0
0
0
0
0
0
0
0
0
0
0
75
264
471
654
790
871
893
846
741
578
382
176
7
0
0
0
0
0
0
0
0
0
0
0
70
249
446
621
773
846
874
815
715
566
373
171
7
0
0
0
0
0
0
0
0
0
0
0
76
277
495
685
830
915
937
895
785
617
407
187
8
0
0
0
0
0
0
0
0
0
0
0
72
266
484
675
820
904
926
880
769
602
395
176
6
0
0
0
0
0
0
0
0
0
0
0
33
246
444
618
744
831
846
803
705
555
364
165
6
0
0
0
0
0
0
0
0
0
0
0
34
260
469
655
789
869
888
841
733
574
373
162
4
0
0
0
0
0
0
0
0
0
0
0
32
254
462
646
789
874
890
841
736
573
375
162
5
0
0
0
0
0
0
0
0
0
0
0
29
234
427
596
725
808
835
797
701
546
360
156
4
0
0
0
0
0
0
0
0
0
0
0
22
78
122
173
298
407
404
200
174
166
55
70
3
0
0
0
0
0
0
0
0
0
0
0
34
293
466
519
294
337
329
448
201
58
80
12
1
0
0
0
0
0
0
0
0
0
0
0
14
153
160
246
348
330
590
659
626
464
317
161
5
0
0
0
0
0
0
0
0
0
0
0
27
242
443
621
759
845
870
819
715
549
346
141
2
0
0
0
0
0
0
0
0
0
0
0
24
216
400
562
677
741
753
702
613
470
292
111
1
0
0
0
0
0
0
0
0
0
0
0
24
236
443
620
754
835
850
803
690
527
327
124
1
0
0
0
0
0
0
0
0
0
0
0
20
204
378
530
635
709
711
657
566
431
271
103
1
0
0
0
0
0
0
0
0
0
0
0
25
255
476
668
809
887
899
845
725
549
339
125
0
0
0
0
0
0
0
0
0
0
0
0
14
216
427
546
751
432
609
540
502
468
328
133
2
0
0
0
0
0
0
0
0
0
0
0
21
223
419
596
721
779
810
746
648
487
297
105
0
0
0
0
0
0
0
0
0
0
0
0
21
237
449
633
769
849
858
803
689
521
316
110
0
0
0
0
0
0
0
0
0
0
0
0
20
235
448
636
771
848
860
808
688
516
312
107
0
0
0
0
0
0
0
0
0
0
0
0
19
225
432
611
743
813
820
769
655
491
291
97
0
0
0
0
0
0
0
0
0
0
0
0
16
206
398
564
693
768
771
708
587
446
267
84
0
0
0
0
0
0
0
0
0
0
0
0
16
211
414
595
726
805
815
761
645
479
280
88
0
0
0
0
0
0
0
0
0
0
0
0
17
227
445
637
779
858
867
810
683
502
289
88
0
0
0
0
0
0
0
0
0
0
0
0
16
219
431
614
750
819
829
767
644
471
269
79
0
0
0
0
0
0
0
0
0
0
0
0
16
158
315
486
533
543
564
540
515
447
217
82
0
0
0
0
0
0
0
0
0
0
0
0
14
209
361
556
644
702
674
607
486
306
151
18
0
0
0
0
0
0
0
0
0
0
0
0
12
181
371
515
678
773
741
638
509
359
168
6
0
0
0
0
0
0
0
0
0
0
0
0
8
176
331
511
525
646
699
628
563
398
220
23
0
0
0
0
0
0
0
0
0
0
0
0
11
192
384
558
691
764
769
723
601
440
241
30
0
0
0
0
0
0
0
0
0
0
0
0
12
208
422
616
757
834
834
772
642
461
250
26
0
0
0
0
0
0
0
0
0
0
0
0
11
198
407
589
721
801
811
753
629
457
254
30
0
0
0
0
0
0
0
0
0
0
0
0
12
176
358
480
623
710
686
586
502
366
199
21
0
0
0
0
0
0
0
0
0
0
0
0
9
190
389
566
692
759
761
706
600
428
228
20
0
0
0
0
0
0
0
0
0
0
0
0
10
100
126
254
529
636
657
601
557
335
190
8
0
0
0
0
0
0
0
0
0
0
0
0
8
187
396
577
708
781
786
724
602
427
222
17
0
0
0
0
0
0
0
0
0
0
0
0
8
188
394
578
713
791
798
737
614
436
226
18
0
0
0
0
0
0
0
0
0
0
0
0
6
170
362
535
670
748
753
687
565
396
207
15
0
0
0
0
0
0
0
0
0
0
0
0
7
180
389
572
705
779
776
710
586
412
207
13
0
0
0
0
0
0
0
0
0
0
0
0
7
183
394
580
715
792
798
737
607
428
218
14
0
0
0
0
0
0
0
0
0
0
0
0
5
155
298
449
558
631
698
632
539
365
179
13
0
0
0
0
0
0
0
0
0
0
0
0
5
167
368
551
674
743
751
686
569
394
194
11
0
0
0
0
0
0
0
0
0
0
0
0
3
138
315
488
597
676
658
609
483
362
177
8
0
0
0
0
0
0
0
0
0
0
0
0
2
130
269
435
561
671
628
612
508
344
166
6
0
0
0
0
0
0
0
0
0
0
0
0
3
141
321
450
588
578
551
559
409
304
147
4
0
0
0
0
0
0
0
0
0
0
0
0
4
153
349
516
650
713
707
647
530
365
170
5
0
0
0
0
0
0
0
0
0
0
0
0
3
134
315
479
613
674
690
639
524
364
175
9
0
0
0
0
0
0
0
0
0
0
0
0
4
84
28
426
726
720
202
54
44
30
44
2
0
0
0
0
0
0
0
0
0
0
0
0
1
84
190
272
368
439
417
419
316
231
111
6
0
0
0
0
0
0
0
0
0
0
0
0
3
149
350
530
665
736
737
674
550
375
172
5
0
0
0
0
0
0
0
0
0
0
0
0
1
95
226
350
457
476
443
415
360
253
106
2
0
0
0
0
0
0
0
0
0
0
0
0
1
89
230
353
457
514
519
458
368
244
114
2
0
0
0
0
0
0
0
0
0
0
0
0
1
92
214
309
405
443
451
394
330
189
79
1
0
0
0
0
0
0
0
0
0
0
0
0
2
130
319
491
621
689
694
630
508
334
145
2
0
0
0
0
0
0
0
0
0
0
0
0
1
126
308
482
603
671
667
598
474
314
131
2
0
0
0
0
0
0
0
0
0
0
0
0
1
113
286
442
559
614
609
550
434
290
120
1
0
0
0
0
0
0
0
0
0
0
0
0
1
122
310
483
614
686
691
625
498
329
136
2
0
0
0
0
0
0
0
0
0
0
0
0
1
115
299
471
586
656
649
586
463
298
123
1
0
0
0
0
0
0
0
0
0
0
0
0
1
119
311
485
611
679
682
616
497
326
135
2
0
0
0
0
0
0
0
0
0
0
0
0
1
106
273
436
543
597
598
542
433
280
112
1
0
0
0
0
0
0
0
0
0
0
0
0
0
87
229
329
464
502
509
472
377
260
111
1
0
0
0
0
0
0
0
0
0
0
0
0
0
91
246
386
497
542
540
488
391
253
102
1
0
0
0
0
0
0
0
0
0
0
0
0
0
9
25
39
50
56
56
372
392
259
106
3
0
0
0
0
0
0
0
0
0
0
0
0
0
88
236
389
509
561
552
528
434
271
109
1
0
0
0
0
0
0
0
0
0
0
0
0
0
56
263
501
419
427
313
238
106
72
27
0
0
0
0
0
0
0
0
0
0
0
0
0
0
94
269
428
554
613
619
567
455
293
112
1
0
0
0
0
0
0
0
0
0
0
0
0
0
99
289
465
596
661
666
600
475
304
115
0
0
0
0
0
0
0
0
0
0
0
0
0
0
90
265
431
555
622
624
564
445
283
106
0
0
0
0
0
0
0
0
0
0
0
0
0
0
90
267
437
562
628
631
569
452
285
106
0
0
0
0
0
0
0
0
0
0
0
0
0
0
92
279
454
582
652
656
594
471
300
111
0
0
0
0
0
0
0
0
0
0
0
0
0
0
67
166
233
403
547
557
539
335
235
50
0
0
0
0
0
0
0
0
0
0
0
0
0
0
77
243
411
525
591
595
537
418
270
99
0
0
0
0
0
0
0
0
0
0
0
0
0
0
81
259
432
554
621
624
563
445
280
100
0
0
0
0
0
0
0
0
0
0
0
0
0
0
65
227
371
475
552
551
521
407
252
96
0
0
0
0
0
0
0
0
0
0
0
0
0
0
73
240
399
530
594
599
535
420
261
90
0
0
0
0
0
0
0
0
0
0
0
0
0
0
70
238
403
531
600
605
548
436
271
95
0
0
0
0
0
0
0
0
0
0
0
0
0
0
29
213
360
480
533
535
486
384
247
91
0
0
0
0
0
0
0
0
0
0
0
0
0
0
25
184
319
473
519
533
487
372
238
80
0
0
0
0
0
0
0
0
0
0
0
0
0
0
25
202
352
471
551
532
476
362
221
72
0
0
0
0
0
0
0
0
0
0
0
0
0
0
25
188
324
456
604
604
317
170
50
12
0
0
0
0
0
0
0
0
0
0
0
0
0
0
5
29
45
46
50
65
431
346
217
75
0
0
0
0
0
0
0
0
0
0
0
0
0
0
32
134
228
206
299
146
305
277
294
100
0
0
0
0
0
0
0
0
0
0
0
0
0
0
5
126
114
184
297
339
302
182
153
107
0
0
0
0
0
0
0
0
0
0
0
0
0
0
25
199
435
575
487
498
305
221
91
42
0
0
0
0
0
0
0
0
0
0
0
0
0
0
21
208
370
493
564
575
520
410
254
84
0
0
0
0
0
0
0
0
0
0
0
0
0
0
20
203
364
477
527
537
483
358
223
72
0
0
0
0
0
0
0
0
0
0
0
0
0
0
16
140
220
306
368
411
421
359
227
92
0
0
0
0
0
0
0
0
0
0
0
0
0
0
14
177
329
434
495
513
487
381
240
80
0
0
0
0
0
0
0
0
0
0
0
0
0
0
17
203
369
498
565
574
523
414
252
82
0
0
0
0
0
0
0
0
0
0
0
0
0
0
17
213
391
526
599
610
552
430
261
84
0
0
0
0
0
0
0
0
0
0
0
0
0
0
14
174
335
446
519
541
493
385
241
80
0
0
0
0
0
0
0
0
0
0
0
0
0
0
14
194
360
488
563
575
523
416
260
87
0
0
0
0
0
0
0
0
0
0
0
0
0
0
14
193
359
487
560
570
516
408
250
81
0
0
0
0
0
0
0
0
0
0
0
0
0
0
8
136
238
304
362
442
387
375
280
92
0
0
0
0
0
0
0
0
0
0
0
0
0
0
11
170
320
441
507
513
460
356
235
76
0
0
0
0
0
0
0
0
0
0
0
0
0
0
10
175
340
467
535
542
492
384
231
74
0
0
0
0
0
0
0
0
0
0
0
0
0
0
3
128
245
285
390
508
434
405
273
87
0
0
0
0
0
0
0
0
0
0
0
0
0
0
7
134
211
345
395
476
443
391
246
88
0
0
0
0
0
0
0
0
0
0
0
0
0
0
2
104
129
144
220
258
304
336
212
92
0
0
0
0
0
0
0
0
0
0
0
0
0
0
2
18
29
40
87
160
497
287
159
23
0
0
0
0
0
0
0
0
0
0
0
0
0
0
9
140
291
399
420
449
421
281
135
35
0
0
0
0
0
0
0
0
0
0
0
0
0
0
9
155
189
346
492
276
292
421
224
87
0
0
0
0
0
0
0
0
0
0
0
0
0
0
2
38
69
105
115
119
130
104
70
21
0
0
0
0
0
0
0
0
0
0
0
0
0
0
7
158
316
434
516
541
492
389
239
82
0
0
0
0
0
0
0
0
0
0
0
0
0
0
6
141
299
425
471
495
456
357
226
76
0
0
0
0
0
0
0
0
0
0
0
0
0
0
3
122
237
300
391
418
465
360
283
79
0
0
0
0
0
0
0
0
0
0
0
0
0
0
6
152
310
438
521
539
491
387
241
82
0
0
0
0
0
0
0
0
0
0
0
0
0
0
6
159
324
460
540
557
513
403
253
88
0
0
0
0
0
0
0
0
0
0
0
0
0
0
5
132
275
368
476
511
456
354
206
80
0
0
0
0
0
0
0
0
0
0
0
0
0
0
10
135
231
338
467
543
385
319
121
48
0
0
0
0
0
0
0
0
0
0
0
0
0
0
5
158
280
292
470
422
350
325
235
82
0
0
0
0
0
0
0
0
0
0
0
0
0
0
2
124
290
404
457
437
391
307
160
36
0
0
0
0
0
0
0
0
0
0
0
0
0
0
4
105
262
416
413
366
362
227
212
110
2
0
0
0
0
0
0
0
0
0
0
0
0
0
5
155
320
457
539
559
515
413
262
96
0
0
0
0
0
0
0
0
0
0
0
0
0
0
3
44
98
125
124
143
154
126
105
49
0
0
0
0
0
0
0
0
0
0
0
0
0
0
3
73
168
315
362
422
277
209
151
106
2
0
0
0
0
0
0
0
0
0
0
0
0
0
2
117
216
333
373
300
347
406
270
115
1
0
0
0
0
0
0
0
0
0
0
0
0
0
4
127
271
385
462
480
444
362
232
87
0
0
0
0
0
0
0