0
0
0
0
0
0
0
0
92
239
372
473
508
495
421
302
149
7
0
0
0
0
0
0
0
0
0
0
0
0
0
1
95
234
362
459
498
488
407
298
147
7
0
0
0
0
0
0
0
0
0
0
0
0
0
0
98
257
397
437
497
467
443
303
146
5
0
0
0
0
0
0
0
0
0
0
0
0
0
1
106
263
413
518
562
543
470
337
173
9
0
0
0
0
0
0
0
0
0
0
0
0
0
1
108
284
438
549
596
570
492
351
178
10
0
0
0
0
0
0
0
0
0
0
0
0
0
1
109
273
413
493
534
521
445
338
176
12
0
0
0
0
0
0
0
0
0
0
0
0
0
1
104
264
407
518
552
537
463
338
183
12
0
0
0
0
0
0
0
0
0
0
0
0
0
1
104
272
421
525
568
553
478
345
187
14
0
0
0
0
0
0
0
0
0
0
0
0
0
1
102
267
416
522
570
552
469
347
181
12
0
0
0
0
0
0
0
0
0
0
0
0
0
1
107
273
426
521
583
565
486
346
184
12
0
0
0
0
0
0
0
0
0
0
0
0
0
1
110
288
439
537
583
568
489
356
191
14
0
0
0
0
0
0
0
0
0
0
0
0
0
1
104
278
427
540
581
584
501
366
199
17
0
0
0
0
0
0
0
0
0
0
0
0
0
1
108
279
441
553
612
592
517
374
199
18
0
0
0
0
0
0
0
0
0
0
0
0
0
1
101
264
428
518
556
553
472
337
178
13
0
0
0
0
0
0
0
0
0
0
0
0
0
0
103
271
409
477
544
519
496
338
165
11
0
0
0
0
0
0
0
0
0
0
0
0
0
1
105
276
418
503
558
548
477
345
203
24
0
0
0
0
0
0
0
0
0
0
0
0
0
1
111
284
450
548
584
566
488
366
199
20
0
0
0
0
0
0
0
0
0
0
0
0
0
1
111
282
432
541
603
590
517
392
217
24
0
0
0
0
0
0
0
0
0
0
0
0
0
1
117
291
454
566
617
587
520
396
221
26
0
0
0
0
0
0
0
0
0
0
0
0
0
1
116
294
458
573
625
614
533
393
220
25
0
0
0
0
0
0
0
0
0
0
0
0
0
1
115
288
447
559
624
609
528
394
222
25
0
0
0
0
0
0
0
0
0
0
0
0
0
1
114
286
425
551
607
604
524
390
219
25
0
0
0
0
0
0
0
0
0
0
0
0
0
1
81
200
194
146
86
194
247
219
73
6
0
0
0
0
0
0
0
0
0
0
0
0
0
1
112
270
422
511
562
571
473
390
238
38
0
0
0
0
0
0
0
0
0
0
0
0
0
1
125
312
481
596
646
632
557
420
245
33
0
0
0
0
0
0
0
0
0
0
0
0
0
1
125
311
475
594
654
652
574
431
250
36
0
0
0
0
0
0
0
0
0
0
0
0
0
2
124
309
477
600
658
641
550
416
239
70
0
0
0
0
0
0
0
0
0
0
0
0
0
1
119
288
449
563
603
569
513
397
242
75
0
0
0
0
0
0
0
0
0
0
0
0
0
2
131
315
480
600
657
650
579
444
261
81
0
0
0
0
0
0
0
0
0
0
0
0
0
2
128
305
472
585
645
614
531
404
240
76
0
0
0
0
0
0
0
0
0
0
0
0
0
2
135
326
494
606
665
641
557
424
248
75
0
0
0
0
0
0
0
0
0
0
0
0
0
2
131
314
479
601
651
639
568
436
262
83
0
0
0
0
0
0
0
0
0
0
0
0
0
3
139
321
489
615
671
667
593
459
275
91
0
0
0
0
0
0
0
0
0
0
0
0
0
1
83
227
268
261
353
526
491
456
274
90
1
0
0
0
0
0
0
0
0
0
0
0
0
2
125
306
471
490
569
508
508
413
262
74
0
0
0
0
0
0
0
0
0
0
0
0
0
3
146
328
496
610
657
652
573
438
260
88
0
0
0
0
0
0
0
0
0
0
0
0
0
3
142
327
489
603
665
659
580
443
269
93
0
0
0
0
0
0
0
0
0
0
0
0
0
4
145
279
408
525
552
593
500
422
269
107
1
0
0
0
0
0
0
0
0
0
0
0
0
1
12
150
99
150
106
398
508
513
247
50
0
0
0
0
0
0
0
0
0
0
0
0
0
1
103
224
351
425
472
467
400
288
193
69
0
0
0
0
0
0
0
0
0
0
0
0
0
3
115
257
384
472
510
510
447
357
217
78
0
0
0
0
0
0
0
0
0
0
0
0
0
4
138
306
455
562
601
597
530
412
255
93
0
0
0
0
0
0
0
0
0
0
0
0
0
5
136
299
439
522
548
547
482
375
234
86
0
0
0
0
0
0
0
0
0
0
0
0
0
16
155
376
393
740
532
243
335
68
25
10
0
0
0
0
0
0
0
0
0
0
0
0
0
7
178
380
556
683
741
728
650
511
321
123
1
0
0
0
0
0
0
0
0
0
0
0
0
7
170
366
535
653
702
687
610
473
301
116
1
0
0
0
0
0
0
0
0
0
0
0
0
8
178
373
541
666
729
715
644
512
336
137
2
0
0
0
0
0
0
0
0
0
0
0
0
7
154
323
464
562
602
608
543
426
272
106
1
0
0
0
0
0
0
0
0
0
0
0
0
9
181
350
514
623
686
688
631
496
317
128
2
0
0
0
0
0
0
0
0
0
0
0
0
6
149
309
461
580
648
682
639
512
325
128
2
0
0
0
0
0
0
0
0
0
0
0
0
9
182
379
537
652
691
685
612
492
321
129
2
0
0
0
0
0
0
0
0
0
0
0
0
7
142
308
453
559
604
625
559
419
279
120
1
0
0
0
0
0
0
0
0
0
0
0
0
8
161
365
501
593
683
695
577
455
287
128
3
0
0
0
0
0
0
0
0
0
0
0
0
14
129
274
389
461
495
454
353
274
143
49
1
0
0
0
0
0
0
0
0
0
0
0
0
13
195
396
565
692
745
734
659
526
344
145
3
0
0
0
0
0
0
0
0
0
0
0
0
11
177
347
487
563
613
600
536
429
270
116
1
0
0
0
0
0
0
0
0
0
0
0
0
12
181
357
515
627
680
703
664
543
368
163
7
0
0
0
0
0
0
0
0
0
0
0
0
17
207
410
587
716
771
757
690
545
367
160
5
0
0
0
0
0
0
0
0
0
0
0
0
17
212
406
561
681
721
706
647
514
355
159
5
0
0
0
0
0
0
0
0
0
0
0
0
20
234
448
623
746
786
783
700
560
366
159
3
0
0
0
0
0
0
0
0
0
0
0
0
14
151
308
390
533
606
562
507
375
257
102
2
0
0
0
0
0
0
0
0
0
0
0
0
24
244
459
638
763
816
805
725
580
388
173
5
0
0
0
0
0
0
0
0
0
0
0
0
29
233
425
584
704
692
683
585
497
291
134
4
0
0
0
0
0
0
0
0
0
0
0
0
21
206
372
542
665
711
706
609
472
309
129
2
0
0
0
0
0
0
0
0
0
0
0
0
27
229
398
574
652
670
664
567
442
299
132
2
0
0
0
0
0
0
0
0
0
0
0
0
31
251
453
617
747
799
797
707
570
382
176
6
0
0
0
0
0
0
0
0
0
0
0
0
36
278
491
667
788
844
832
750
605
408
191
7
0
0
0
0
0
0
0
0
0
0
0
0
36
268
479
652
780
828
817
745
601
414
200
11
0
0
0
0
0
0
0
0
0
0
0
0
43
125
261
394
414
468
521
490
356
230
103
2
0
0
0
0
0
0
0
0
0
0
0
0
81
278
479
645
758
815
807
719
574
393
189
8
0
0
0
0
0
0
0
0
0
0
0
0
80
271
473
619
734
770
748
698
563
391
190
11
0
0
0
0
0
0
0
0
0
0
0
0
95
310
532
717
843
904
890
802
650
449
220
12
0
0
0
0
0
0
0
0
0
0
0
0
71
232
439
613
717
823
743
603
471
307
153
7
0
0
0
0
0
0
0
0
0
0
0
0
27
128
311
401
589
600
806
737
567
415
224
22
0
0
0
0
0
0
0
0
0
0
0
0
92
250
360
442
627
622
614
618
434
330
102
3
0
0
0
0
0
0
0
0
0
0
0
0
99
297
503
677
786
840
826
749
607
417
211
14
0
0
0
0
0
0
0
0
0
0
0
0
100
295
495
660
776
827
811
732
592
408
202
13
0
0
0
0
0
0
0
0
0
0
0
0
92
268
449
602
697
743
733
664
540
372
185
12
0
0
0
0
0
0
0
0
0
0
0
0
117
335
554
735
858
915
897
810
664
462
233
17
0
0
0
0
0
0
0
0
0
0
0
1
122
336
547
719
836
884
860
780
636
439
221
14
0
0
0
0
0
0
0
0
0
0
0
0
102
284
466
610
708
753
750
654
542
380
184
12
0
0
0
0
0
0
0
0
0
0
0
1
132
354
570
746
869
921
905
821
674
471
243
19
0
0
0
0
0
0
0
0
0
0
0
1
129
343
555
726
849
904
888
799
653
460
241
22
0
0
0
0
0
0
0
0
0
0
0
1
138
359
571
750
873
926
911
825
677
471
247
22
0
0
0
0
0
0
0
0
0
0
0
1
130
335
533
688
815
811
776
703
595
414
216
19
0
0
0
0
0
0
0
0
0
0
0
1
104
277
472
604
693
725
712
626
547
398
213
24
0
0
0
0
0
0
0
0
0
0
0
2
130
327
523
692
799
812
809
738
613
420
218
19
0
0
0
0
0
0
0
0
0
0
0
2
145
358
562
732
849
888
866
789
650
456
239
24
0
0
0
0
0
0
0
0
0
0
0
1
94
242
445
555
704
695
665
605
463
336
165
18
0
0
0
0
0
0
0
0
0
0
0
3
156
367
575
740
854
901
886
792
639
457
243
25
0
0
0
0
0
0
0
0
0
0
0
4
159
368
571
732
852
889
870
785
642
457
239
24
0
0
0
0
0
0
0
0
0
0
0
5
173
397
610
779
895
949
925
844
692
490
263
29
0
0
0
0
0
0
0
0
0
0
0
6
183
413
632
806
921
967
948
855
701
500
270
29
0
0
0
0
0
0
0
0
0
0
0
7
201
442
667
845
959
1003
980
885
724
511
274
27
0
0
0
0
0
0
0
0
0
0
0
7
198
437
659
836
951
994
965
869
709
500
268
26
0
0
0
0
0
0
0
0
0
0
0
13
205
453
574
734
753
706
551
481
333
228
91
5
0
0
0
0
0
0
0
0
0
0
0
7
166
368
553
707
812
846
833
747
614
442
253
37
0
0
0
0
0
0
0
0
0
0
0
8
172
381
575
718
839
870
827
765
608
431
226
24
0
0
0
0
0
0
0
0
0
0
0
9
175
365
557
713
828
874
821
728
593
435
233
22
0
0
0
0
0
0
0
0
0
0
0
11
205
433
647
819
932
981
962
874
721
518
287
41
0
0
0
0
0
0
0
0
0
0
0
4
157
302
506
679
785
805
748
592
522
438
236
36
0
0
0
0
0
0
0
0
0
0
0
13
208
425
631
782
891
929
907
823
673
483
264
33
0
0
0
0
0
0
0
0
0
0
0
14
212
428
621
773
881
920
897
814
663
474
263
74
0
0
0
0
0
0
0
0
0
0
0
15
221
448
659
828
941
985
964
872
716
512
287
82
0
0
0
0
0
0
0
0
0
0
0
17
221
445
652
816
923
967
950
852
709
510
287
83
0
0
0
0
0
0
0
0
0
0
0
16
210
419
622
771
857
891
859
765
622
440
243
69
0
0
0
0
0
0
0
0
0
0
0
19
229
451
661
821
927
970
951
862
713
514
289
85
0
0
0
0
0
0
0
0
0
0
0
22
212
380
545
690
738
816
834
733
545
419
227
70
0
0
0
0
0
0
0
0
0
0
0
21
228
449
657
822
921
949
911
821
676
490
275
83
0
0
0
0
0
0
0
0
0
0
0
22
222
426
622
779
872
905
882
809
658
476
268
81
0
0
0
0
0
0
0
0
0
0
0
28
259
498
697
894
599
628
540
482
375
364
179
62
0
0
0
0
0
0
0
0
0
0
0
28
254
512
694
799
281
419
427
464
406
257
158
53
0
0
0
0
0
0
0
0
0
0
0
24
217
414
588
744
826
860
857
813
678
480
271
91
0
0
0
0
0
0
0
0
0
0
0
27
236
456
636
785
885
888
878
774
637
461
263
83
0
0
0
0
0
0
0
0
0
0
0
30
208
393
545
714
828
865
840
769
626
416
244
74
0
0
0
0
0
0
0
0
0
0
0
20
178
359
523
639
806
832
774
755
653
500
279
105
1
0
0
0
0
0
0
0
0
0
0
67
243
445
638
800
892
938
915
845
697
506
300
101
0
0
0
0
0
0
0
0
0
0
0
66
241
446
631
778
873
908
884
800
660
478
274
90
0
0
0
0
0
0
0
0
0
0
0
69
245
452
640
790
885
922
897
812
671
485
278
92
0
0
0
0
0
0
0
0
0
0
0
68
238
437
621
764
849
876
856
781
650
475
272
91
0
0
0
0
0
0
0
0
0
0
0
72
247
446
626
767
857
893
868
784
648
473
275
94
0
0
0
0
0
0
0
0
0
0
0
82
276
496
693
850
946
991
959
869
722
528
308
106
1
0
0
0
0
0
0
0
0
0
0
86
283
507
709
867
976
1020
993
899
748
550
327
115
1
0
0
0
0
0
0
0
0
0
0
88
286
504
705
858
954
988
961
866
723
528
310
110
0
0
0
0
0
0
0
0
0
0
0
89
286
503
701
861
963
1006
974
877
732
539
324
116
1
0
0
0
0
0
0
0
0
0
0
90
287
502
698
850
951
986
961
872
725
534
317
113
1
0
0
0
0
0
0
0
0
0
0
41
126
253
520
610
733
779
828
809
601
482
288
100
1
0
0
0
0
0
0
0
0
0
0
88
276
485
672
811
906
939
924
827
694
516
306
112
1
0
0
0
0
0
0
0
0
0
0
99
298
524
723
866
978
1016
989
896
759
554
324
117
1
0
0
0
0
0
0
0
0
0
0
94
285
499
690
841
941
979
962
868
723
536
327
123
2
0
0
0
0
0
0
0
0
0
0
97
286
497
687
832
934
965
940
838
700
516
309
115
1
0
0
0
0
0
0
0
0
0
0
86
251
431
598
715
805
834
829
764
648
486
300
118
2
0
0
0
0
0
0
0
0
0
0
66
181
328
420
515
598
619
603
529
422
315
178
72
1
0
0
0
0
0
0
0
0
0
1
11
149
156
352
420
311
733
372
357
184
227
135
21
1
0
0
0
0
0
0
0
0
0
1
103
295
506
693
843
934
967
945
850
717
533
322
122
2
0
0
0
0
0
0
0
0
0
0
85
260
442
584
720
817
863
854
786
685
495
295
119
2
0
0
0
0
0
0
0
0
0
1
102
289
494
673
810
899
939
923
841
698
514
313
122
2
0
0
0
0
0
0
0
0
0
1
91
257
439
624
776
864
915
884
824
709
526
321
132
4
0
0
0
0
0
0
0
0
0
1
111
303
511
693
834
915
947
923
838
699
516
316
123
1
0
0
0
0
0
0
0
0
0
1
115
311
517
699
844
942
988
967
875
732
550
341
139
3
0
0
0
0
0
0
0
0
0
1
104
276
455
619
790
828
860
829
736
609
439
264
105
1
0
0
0
0
0
0
0
0
0
2
130
352
591
805
954
421
413
360
341
294
195
109
51
1
0
0
0
0
0
0
0
0
0
1
119
320
534
731
874
971
1004
971
883
740
550
339
138
3
0
0
0
0
0
0
0
0
0
1
118
313
518
709
860
946
978
958
875
744
565
353
148
4
0
0
0
0
0
0
0
0
0
1
106
282
440
580
732
800
865
865
760
642
501
337
135
5
0
0
0
0
0
0
0
0
0
2
126
323
529
713
854
950
983
956
870
732
554
351
148
4
0
0
0
0
0
0
0
0
0
2
123
320
526
709
855
956
980
955
876
732
554
353
150
4
0
0
0
0
0
0
0
0
0
2
118
309
514
697
842
944
984
967
886
747
564
359
153
6
0
0
0
0
0
0
0
0
0
2
117
309
513
695
842
933
961
942
859
727
546
343
146
5
0
0
0
0
0
0
0
0
0
2
121
316
526
711
859
953
997
966
882
734
553
348
149
5
0
0
0
0
0
0
0
0
0
2
111
290
486
665
811
895
921
910
846
711
546
351
152
7
0
0
0
0
0
0
0
0
0
2
96
267
467
605
727
822
825
798
725
640
508
312
128
2
0
0
0
0
0
0
0
0
0
2
123
316
520
694
830
926
958
928
842
702
530
329
141
4
0
0
0
0
0
0
0
0
0
2
125
321
528
720
871
970
1008
987
909
769
586
373
166
8
0
0
0
0
0
0
0
0
0
2
123
315
517
695
840
929
978
959
880
747
572
367
164
8
0
0
0
0
0
0
0
0
0
2
113
291
485
664
804
894
921
915
836
706
536
336
147
5
0
0
0
0
0
0
0
0
0
2
114
302
501
682
826
920
960
941
872
731
558
361
162
8
0
0
0
0
0
0
0
0
0
2
122
307
504
687
830
912
956
940
842
721
553
354
156
8
0
0
0
0
0
0
0
0
0
2
126
315
515
700
836
937
968
945
869
742
567
369
167
9
0
0
0
0
0
0
0
0
0
2
122
308
512
691
829
920
941
925
849
718
544
348
153
6
0
0
0
0
0
0
0
0
0
3
123
312
511
699
840
913
942
918
835
710
537
347
155
7
0
0
0
0
0
0
0
0
0
2
120
306
501
675
810
888
941
915
828
695
533
337
148
5
0
0
0
0
0
0
0
0
0
2
115
293
489
665
803
889
930
896
818
690
527
338
157
8
0
0
0
0
0
0
0
0
0
2
123
314
517
704
846
940
975
950
876
747
567
364
166
8
0
0
0
0
0
0
0
0
0
2
123
307
504
678
815
908
954
921
831
712
546
351
161
8
0
0
0
0
0
0
0
0
0
3
128
323
531
720
863
960
993
966
886
748
571
368
167
8
0
0
0
0
0
0
0
0
0
2
111
286
475
643
787
882
925
908
836
711
551
349
160
9
0
0
0
0
0
0
0
0
0
2
117
306
514
693
827
914
940
917
844
716
544
349
156
7
0
0
0
0
0
0
0
0
0
2
114
296
486
669
800
901
927
909
825
704
536
343
153
8
0
0
0
0
0
0
0
0
0
2
108
280
467
650
786
877
912
912
839
713
557
357
165
11
0
0
0
0
0
0
0
0
0
2
117
300
496
680
824
919
958
954
875
748
585
376
176
13
0
0
0
0
0
0
0
0
0
2
115
296
494
672
813
916
947
925
855
727
551
359
168
11
0
0
0
0
0
0
0
0
0
2
115
292
487
669
803
891
937
910
836
708
542
340
153
8
0
0
0
0
0
0
0
0
0
2
106
280
466
646
776
874
931
911
835
718
562
362
173
11
0
0
0
0
0
0
0
0
0
1
72
137
292
363
483
542
452
438
309
211
72
89
14
2
0
0
0
0
0
0
0
0
0
2
117
309
517
705
849
937
975
935
858
731
559
354
162
8
0
0
0
0
0
0
0
0
0
1
104
274
465
648
797
883
921
914
835
715
549
351
157
9
0
0
0
0
0
0
0
0
0
2
107
285
485
652
797
896
925
911
827
711
545
350
158
9
0
0
0
0
0
0
0
0
0
2
105
271
452
613
749
843
893
903
834
708
555
360
170
13
0
0
0
0
0
0
0
0
0
1
99
265
463
611
755
859
904
886
801
700
522
341
158
10
0
0
0
0
0
0
0
0
0
2
110
281
473
634
762
859
915
888
823
720
546
350
167
11
0
0
0
0
0
0
0
0
0
1
100
269
466
634
782
902
953
945
853
725
555
359
167
11
0
0
0
0
0
0
0
0
0
1
103
279
460
622
770
833
887
877
831
703
556
361
168
10
0
0
0
0
0
0
0
0
0
1
106
288
490
679
827
926
969
950
879
748
573
368
170
10
0
0
0
0
0
0
0
0
0
1
105
289
495
683
832
927
973
951
871
740
566
365
167
10
0
0
0
0
0
0
0
0
0
1
101
289
489
663
810
903
937
915
825
690
522
342
155
7
0
0
0
0
0
0
0
0
0
1
114
312
524
716
865
961
1009
990
914
777
600
395
185
12
0
0
0
0
0
0
0
0
0
1
112
304
510
693
839
939
984
973
893
761
584
379
178
10
0
0
0
0
0
0
0
0
0
1
104
289
490
676
828
923
968
965
893
761
593
392
186
14
0
0
0
0
0
0
0
0
0
1
95
256
452
639
767
867
889
911
844
719
564
366
169
13
0
0
0
0
0
0
0
0
0
1
92
260
456
632
766
858
924
903
814
692
541
355
163
10
0
0
0
0
0
0
0
0
0
1
102
287
491
682
833
932
974
960
889
758
588
382
179
12
0
0
0
0
0
0
0
0
0
1
97
282
488
677
817
921
953
923
832
701
526
340
153
6
0
0
0
0
0
0
0
0
0
1
101
290
501
696
847
954
996
983
900
766
587
378
173
9
0
0
0
0
0
0
0
0
0
1
82
246
426
634
602
665
815
808
672
644
438
295
163
15
0
0
0
0
0
0
0
0
0
0
94
276
480
670
821
926
966
949
870
739
560
363
164
8
0
0
0
0
0
0
0
0
0
0
73
224
381
524
631
722
761
728
664
578
440
295
139
8
0
0
0
0
0
0
0
0
0
0
89
268
466
649
804
908
946
947
878
750
578
372
171
11
0
0
0
0
0
0
0
0
0
0
90
264
462
654
805
906
937
924
849
720
552
346
157
8
0
0
0
0
0
0
0
0
0
0
86
260
461
649
796
901
944
919
851
726
560
363
164
10
0
0
0
0
0
0
0
0
0
0
83
259
456
644
782
880
898
900
811
691
511
333
137
4
0
0
0
0
0
0
0
0
0
0
85
264
454
667
831
964
1010
971
869
727
564
375
169
8
0
0
0
0
0
0
0
0
0
0
83
255
451
632
781
879
922
907
834
714
548
353
160
8
0
0
0
0
0
0
0
0
0
0
80
239
434
636
733
823
884
873
786
640
498
328
149
8
0
0
0
0
0
0
0
0
0
0
85
268
479
673
834
929
973
961
889
756
578
366
163
7
0
0
0
0
0
0
0
0
0
0
82
261
459
651
797
903
950
917
835
712
543
345
150
5
0
0
0
0
0
0
0
0
0
0
73
226
417
613
748
880
907
888
785
677
506
313
137
5
0
0
0
0
0
0
0
0
0
0
70
228
406
586
747
853
911
908
819
712
541
344
151
8
0
0
0
0
0
0
0
0
0
0
75
245
456
647
807
912
959
938
847
722
551
352
149
6
0
0
0
0
0
0
0
0
0
0
76
255
460
647
802
902
940
917
835
709
540
341
142
4
0
0
0
0
0
0
0
0
0
0
68
232
423
598
722
827
870
849
836
696
513
322
137
3
0
0
0
0
0
0
0
0
0
0
64
218
393
568
680
779
812
814
787
683
516
320
135
5
0
0
0
0
0
0
0
0
0
0
74
254
458
654
809
915
955
935
856
724
534
326
135
2
0
0
0
0
0
0
0
0
0
0
41
162
344
568
653
744
719
813
791
696
515
304
131
3
0
0
0
0
0
0
0
0
0
0
65
215
428
586
742
786
851
834
707
611
514
303
113
4
0
0
0
0
0
0
0
0
0
0
58
266
366
418
386
290
702
678
656
673
490
380
157
4
0
0
0
0
0
0
0
0
0
0
67
242
451
645
796
901
949
932
852
710
536
333
136
3
0
0
0
0
0
0
0
0
0
0
63
234
430
613
774
855
890
888
794
664
502
300
124
3
0
0
0
0
0
0
0
0
0
0
62
236
448
649
797
900
942
910
844
715
532
327
132
3
0
0
0
0
0
0
0
0
0
0
30
229
424
613
764
878
927
906
825
696
506
312
123
2
0
0
0
0
0
0
0
0
0
0
30
216
406
597
752
852
899
899
834
690
519
321
124
3
0
0
0
0
0
0
0
0
0
0
27
219
414
589
734
836
871
847
767
635
473
283
108
1
0
0
0
0
0
0
0
0
0
0
23
199
377
553
687
778
799
785
729
591
432
261
97
1
0
0
0
0
0
0
0
0
0
0
24
204
393
563
706
801
821
812
741
618
457
271
100
1
0
0
0
0
0
0
0
0
0
0
23
195
371
513
652
712
768
766
705
582
412
242
91
1
0
0
0
0
0
0
0
0
0
0
24
207
394
591
751
859
867
846
795
686
504
305
112
1
0
0
0
0
0
0
0
0
0
0
22
210
413
587
740
824
872
839
768
632
481
285
102
1
0
0
0
0
0
0
0
0
0
0
23
224
435
634
798
909
952
934
847
707
518
311
112
1
0
0
0
0
0
0
0
0
0
0
22
215
417
615
782
891
935
905
814
681
499
299
107
1
0
0
0
0
0
0
0
0
0
0
21
210
405
588
734
826
860
838
762
637
464
275
96
0
0
0
0
0
0
0
0
0
0
0
21
217
425
619
777
877
919
896
811
676
496
290
99
0
0
0
0
0
0
0
0
0
0
0
22
222
430
629
790
895
929
911
827
685
508
292
100
0
0
0
0
0
0
0
0
0
0
0
21
223
439
645
800
910
946
913
831
691
505
291
98
0
0
0
0
0
0
0
0
0
0
0
18
207
414
601
768
874
904
896
807
668
483
278
93
0
0
0
0
0
0
0
0
0
0
0
21
206
385
564
691
785
831
833
736
599
383
237
76
0
0
0
0
0
0
0
0
0
0
0
18
216
437
632
793
900
935
900
798
647
459
252
75
0
0
0
0
0
0
0
0
0
0
0
18
204
417
615
768
870
918
911
819
675
481
277
89
0
0
0
0
0
0
0
0
0
0
0
17
213
428
629
794
898
940
921
838
685
494
279
86
0
0
0
0
0
0
0
0
0
0
0
16
209
420
621
779
891
945
917
837
686
497
280
84
0
0
0
0
0
0
0
0
0
0
0
16
208
424
624
781
893
932
908
824
677
485
268
78
0
0
0
0
0
0
0
0
0
0
0
14
177
374
569
713
810
854
821
739
614
442
237
70
0
0
0
0
0
0
0
0
0
0
0
14
194
392
586
732
839
888
867
788
673
485
271
77
0
0
0
0
0
0
0
0
0
0
0
14
204
417
624
782
876
908
884
794
652
459
243
29
0
0
0
0
0
0
0
0
0
0
0
13
181
340
511
635
723
740
719
659
487
293
145
6
0
0
0
0
0
0
0
0
0
0
0
10
180
389
573
714
813
827
814
748
606
423
224
27
0
0
0
0
0
0
0
0
0
0
0
6
108
218
329
436
477
511
458
419
324
176
101
5
0
0
0
0
0
0
0
0
0
0
0
10
172
368
485
645
678
791
750
681
581
384
206
22
0
0
0
0
0
0
0
0
0
0
0
10
178
367
542
692
804
851
841
764
639
444
237
26
0
0
0
0
0
0
0
0
0
0
0
9
177
379
586
702
824
795
758
656
552
363
195
16
0
0
0
0
0
0
0
0
0
0
0
9
159
305
504
703
768
827
730
676
588
384
225
29
0
0
0
0
0
0
0
0
0
0
0
9
173
373
552
701
813
846
833
737
591
425
228
22
0
0
0
0
0
0
0
0
0
0
0
10
191
409
615
779
887
930
900
802
650
450
230
19
0
0
0
0
0
0
0
0
0
0
0
8
180
367
572
716
774
826
801
730
560
392
188
11
0
0
0
0
0
0
0
0
0
0
0
8
173
379
571
721
797
824
793
678
561
392
191
11
0
0
0
0
0
0
0
0
0
0
0
7
176
381
549
727
794
807
781
701
566
395
204
16
0
0
0
0
0
0
0
0
0
0
0
7
164
347
528
690
773
843
820
741
596
403
197
14
0
0
0
0
0
0
0
0
0
0
0
7
169
370
554
703
800
848
828
742
613
423
209
15
0
0
0
0
0
0
0
0
0
0
0
8
187
406
610
771
874
912
881
781
621
415
201
10
0
0
0
0
0
0
0
0
0
0
0
7
184
406
613
782
887
923
890
793
633
428
206
12
0
0
0
0
0
0
0
0
0
0
0
6
167
371
559
711
809
830
800
716
565
375
176
7
0
0
0
0
0
0
0
0
0
0
0
7
157
341
520
662
731
755
720
675
509
356
157
7
0
0
0
0
0
0
0
0
0
0
0
6
135
313
508
612
705
724
761
625
549
371
162
6
0
0
0
0
0
0
0
0
0
0
0
6
181
402
608
767
864
900
865
763
601
397
180
5
0
0
0
0
0
0
0
0
0
0
0
6
174
391
593
754
848
878
846
746
585
384
171
5
0
0
0
0
0
0
0
0
0
0
0
2
123
281
415
511
656
668
651
622
448
240
105
2
0
0
0
0
0
0
0
0
0
0
0
3
147
299
479
592
670
722
657
609
467
321
121
2
0
0
0
0
0
0
0
0
0
0
0
4
158
361
551
703
800
843
821
725
573
382
168
6
0
0
0
0
0
0
0
0
0
0
0
4
150
348
535
684
789
829
805
718
568
371
162
5
0
0
0
0
0
0
0
0
0
0
0
4
159
367
558
711
808
834
803
701
547
348
145
2
0
0
0
0
0
0
0
0
0
0
0
3
134
320
512
647
752
783
759
666
529
345
145
3
0
0
0
0
0
0
0
0
0
0
0
3
152
361
555
708
803
844
800
693
532
336
132
2
0
0
0
0
0
0
0
0
0
0
0
3
142
340
530
670
759
788
751
655
502
313
120
1
0
0
0
0
0
0
0
0
0
0
0
3
99
190
337
577
551
718
633
519
522
340
138
4
0
0
0
0
0
0
0
0
0
0
0
3
139
337
522
669
752
776
740
639
488
303
115
1
0
0
0
0
0
0
0
0
0
0
0
2
134
315
491
619
721
766
748
669
507
311
123
1
0
0
0
0
0
0
0
0
0
0
0
2
141
343
538
683
775
803
758
657
503
305
111
0
0
0
0
0
0
0
0
0
0
0
0
2
140
346
543
692
788
811
773
662
503
303
109
0
0
0
0
0
0
0
0
0
0
0
0
2
124
313
494
639
726
746
713
612
464
279
98
0
0
0
0
0
0
0
0
0
0
0
0
2
136
339
529
680
771
800
757
655
495
299
104
0
0
0
0
0
0
0
0
0
0
0
0
2
143
354
553
709
804
830
790
683
520
316
110
0
0
0
0
0
0
0
0
0
0
0
0
1
119
305
458
605
665
686
666
592
439
254
92
0
0
0
0
0
0
0
0
0
0
0
0
1
102
284
444
580
707
713
610
477
375
280
92
0
0
0
0
0
0
0
0
0
0
0
0
1
130
333
529
677
770
803
763
657
493
292
96
0
0
0
0
0
0
0
0
0
0
0
0
1
120
312
494
641
736
749
716
618
476
276
90
0
0
0
0
0
0
0
0
0
0
0
0
1
110
286
478
610
694
715
686
578
431
245
78
0
0
0
0
0
0
0
0
0
0
0
0
1
112
297
469
608
697
738
696
580
439
245
72
0
0
0
0
0
0
0
0
0
0
0
0
1
109
295
483
628
730
758
717
603
449
256
76
0
0
0
0
0
0
0
0
0
0
0
0
1
115
304
486
612
702
717
659
563
405
239
69
0
0
0
0
0
0
0
0
0
0
0
0
2
82
172
211
271
377
444
512
681
501
283
72
0
0
0
0
0
0
0
0
0
0
0
0
1
108
295
489
638
726
746
700
593
437
247
34
0
0
0
0
0
0
0
0
0
0
0
0
1
105
292
472
625
717
733
685
580
418
234
28
0
0
0
0
0
0
0
0
0
0
0
0
0
83
235
388
501
578
595
561
462
347
193
23
0
0
0
0
0
0
0
0
0
0
0
0
0
93
259
434
582
648
669
664
571
403
225
32
0
0
0
0
0
0
0
0
0
0
0
0
0
99
286
478
635
723
741
692
594
429
237
28
0
0
0
0
0
0
0
0
0
0
0
0
0
97
280
468
621
699
727
683
577
421
230
26
0
0
0
0
0
0
0
0
0
0
0
0
1
82
205
360
516
475
552
539
553
365
188
20
0
0
0
0
0
0
0
0
0
0
0
0
0
93
259
430
599
599
595
457
348
267
135
4
0
0
0
0
0
0
0
0
0
0
0
0
0
60
161
335
479
518
601
604
449
395
190
20
0
0
0
0
0
0
0
0
0
0
0
0
0
81
234
368
554
604
590
495
468
308
158
4
0
0
0
0
0
0
0
0
0
0
0
0
0
92
284
477
628
720
740
685
572
412
215
16
0
0
0
0
0
0
0
0
0
0
0
0
0
72
222
376
506
602
647
614
505
378
198
21
0
0
0
0
0
0
0
0
0
0
0
0
0
59
96
87
284
188
68
361
561
443
230
46
0
0
0
0
0
0
0
0
0
0
0
0
0
43
144
246
312
365
379
339
273
199
95
3
0
0
0
0
0
0
0
0
0
0
0
0
0
53
216
498
495
426
452
399
348
179
117
6
0
0
0
0
0
0
0
0
0
0
0
0
0
71
238
409
544
644
672
618
523
380
195
15
0
0
0
0
0
0
0
0
0
0
0
0
0
67
228
403
535
613
655
635
526
382
195
14
0
0
0
0
0
0
0
0
0
0
0
0
0
73
254
444
588
675
692
651
551
393
198
13
0
0
0
0
0
0
0
0
0
0
0
0
0
61
228
384
481
568
588
568
467
318
152
6
0
0
0
0
0
0
0
0
0
0
0
0
0
20
203
368
514
601
620
531
398
295
189
6
0
0
0
0
0
0
0
0
0
0
0
0
0
33
243
428
575
672
693
651
546
381
187
10
0
0
0
0
0
0
0
0
0
0
0
0
0
30
242
431
577
666
693
645
532
369
178
8
0
0
0
0
0
0
0
0
0
0
0
0
0
27
228
410
555
650
678
636
527
366
180
10
0
0
0
0
0
0
0
0
0
0
0
0
0
26
218
403
547
633
654
611
513
359
173
9
0
0
0
0
0
0
0
0
0
0
0
0
0
26
223
398
541
637
654
611
512
356
169
7
0
0
0
0
0
0
0
0
0
0
0
0
0
23
178
323
435
506
539
504
420
283
99
2
0
0
0
0
0
0
0
0
0
0
0
0
0
21
206
377
514
603
603
544
434
295
135
2
0
0
0
0
0
0
0
0
0
0
0
0
0
22
220
400
544
639
665
618
507
356
172
7
0
0
0
0
0
0
0
0
0
0
0
0
0
21
209
383
518
608
634
592
487
341
166
8
0
0
0
0
0
0
0
0
0
0
0
0
0
20
216
401
551
642
667
626
519
360
172
7
0
0
0
0
0
0
0
0
0
0
0
0
0
4
117
225
360
450
493
421
340
254
116
12
0
0
0
0
0
0
0
0
0
0
0
0
0
14
186
342
469
571
611
535
425
270
121
2
0
0
0
0
0
0
0
0
0
0
0
0
0
16
193
373
515
607
625
572
466
309
141
3
0
0
0
0
0
0
0
0
0
0
0
0
0
15
203
385
520
607
627
586
486
330
148
4
0
0
0
0
0
0
0
0
0
0
0
0
0
7
102
274
334
409
402
474
441
347
158
11
0
0
0
0
0
0
0
0
0
0
0
0
0
6
127
246
324
377
412
393
322
225
92
1
0
0
0
0
0
0
0
0
0
0
0
0
0
11
153
276
424
473
547
539
419
298
152
8
0
0
0
0
0
0
0
0
0
0
0
0
0
12
181
353
494
595
613
573
466
314
144
4
0
0
0
0
0
0
0
0
0
0
0
0
0
8
167
316
436
505
558
530
441
318
140
3
0
0
0
0
0
0
0
0
0
0
0
0
0
11
194
381
532
625
658
615
514
352
164
5
0
0
0
0
0
0
0
0
0
0
0
0
0
13
174
312
376
441
499
431
367
330
160
10
0
0
0
0
0
0
0
0
0
0
0
0
0
9
148
296
433
499
498
511
399
234
116
1
0
0
0
0
0
0
0
0
0
0
0
0
0
9
162
318
464
556
534
455
381
288
137
3
0
0
0
0
0
0
0
0
0
0
0
0
0
4
123
261
362
424
435
457
341
230
100
1
0
0
0
0
0
0
0
0
0
0
0
0
0
8
156
312
448
541
538
511
438
305
139
5
0
0
0
0
0
0
0
0
0
0
0
0
0
7
156
322
462
538
562
529
431
290
127
2
0
0
0
0
0
0
0
0
0
0
0
0
0
6
165
343
494
584
613
570
473
323
143
3
0
0
0
0
0
0
0
0
0
0
0
0
0
6
157
332
477
575
612
576
479
333
152
5
0
0
0
0
0
0
0
0
0
0
0
0
0
5
144
315
450
550
567
551
461
308
131
2
0
0
0
0
0
0
0
0
0
0
0
0
0
4
127
286
402
484
519
471
396
256
110
1
0
0
0
0
0
0
0
0
0
0
0
0
0
4
138
295
435
520
527
502
402
262
115
1
0
0
0
0
0
0
0
0
0
0
0
0
0
4
152
323
464
556
588
555
460
315
142
3
0
0
0
0
0
0
0
0
0
0
0
0
0
3
125
286
441
544
547
521
415
278
112
1
0
0
0
0
0
0
0
0
0
0
0
0
0
3
127
278
406
495
518
488
391
262
115
1
0
0
0
0
0
0
0
0
0
0
0
0
0
3
127
282
416
542
564
550
433
298
138
4
0
0
0
0
0
0
0
0
0
0
0
0
0
3
123
281
449
515
526
506
417
296
144
5
0
0
0
0
0
0
0
0
0
0
0
0
0
3
112
270
419
502
532
520
430
302
138
5
0
0
0
0
0
0
0
0
0
0
0
0
0
3
133
305
452
546
578
557
467
318
145
4
0
0
0
0
0
0
0
0
0
0
0
0
0
2
109
259
382
431
436
401
341
220
105
1
0
0
0
0
0
0
0
0
0
0
0
0
0
1
68
161
240
331
361
330
240
170
67
1
0
0
0
0
0
0
0
0
0
0
0
0
0
1
66
144
209
270
286
285
265
164
72
2
0
0
0
0
0
0
0
0
0
0
0
0
0
2
132
310
456
556
596
561
477
329
153
5
0
0
0
0
0
0
0
0
0
0
0
0
0
2
117
286
426
509
547
520
441
299
137
4
0
0
0
0
0
0
0
0
0
0
0
0
0
2
130
311
467
564
597
563
463
316
145
3
0
0
0
0
0
0
0
0
0
0
0
0
0
2
119
289
438
526
571
544
460
314
144
4
0
0
0
0
0
0
0
0
0
0
0
0
0
2
111
254
349
428
472
419
286
190
95
2
0
0
0
0
0
0
0
0
0
0
0
0
0
1
114
267
426
515
570
539
445
302
151
7
0
0
0
0
0
0
0
0
0
0
0
0
0
1
121
285
434
531
571
547
459
321
152
4
0
0
0
0
0
0
0
0
0
0
0
0
0
1
100
247
396
526
557
515
394
274
128
4
0
0
0
0
0
0
0
0
0
0
0
0
0
1
100
240
357
462
509
517
444
313
160
8
0
0
0
0
0
0
0
0
0
0
0
0
0
1
119
287
442
544
584
551
457
317
151
5
0
0
0
0
0
0
0
0
0
0
0
0
0
1
108
274
430
525
575
559
458
318
150
6
0
0
0
0
0
0
0
0
0
0
0
0
0
1
108
262
397
443
476
491
419
312
147
8
0
0
0
0
0
0
0
0
0
0
0
0
0
1
107
274
416
523
560
535
438
314
146
4
0
0
0
0
0
0
0
0
0
0
0
0
0
2
96
238
321
416
474
450
452
361
143
4
0
0
0
0
0
0
0
0
0
0
0
0
0
1
108
258
374
457
541
499
371
286
152
9
0
0
0
0
0
0