0
0
0
0
0
0
0
2
119
264
388
476
497
460
373
243
97
1
0
0
0
0
0
0
0
0
0
0
0
0
0
2
113
249
354
422
444
413
337
227
94
1
0
0
0
0
0
0
0
0
0
0
0
0
0
2
132
297
435
530
555
524
430
289
120
1
0
0
0
0
0
0
0
0
0
0
0
0
0
3
129
287
420
489
530
485
402
272
113
2
0
0
0
0
0
0
0
0
0
0
0
0
0
2
95
206
293
379
396
384
304
199
88
1
0
0
0
0
0
0
0
0
0
0
0
0
0
3
112
249
383
441
494
501
389
278
120
2
0
0
0
0
0
0
0
0
0
0
0
0
0
1
83
194
286
307
341
313
287
185
76
1
0
0
0
0
0
0
0
0
0
0
0
0
0
2
155
311
390
333
352
362
295
301
146
6
0
0
0
0
0
0
0
0
0
0
0
0
0
2
114
241
349
470
455
438
375
267
142
3
0
0
0
0
0
0
0
0
0
0
0
0
0
3
94
234
360
448
487
456
354
268
116
1
0
0
0
0
0
0
0
0
0
0
0
0
0
2
109
255
406
463
478
470
380
246
105
1
0
0
0
0
0
0
0
0
0
0
0
0
0
2
116
270
389
444
490
454
412
263
107
1
0
0
0
0
0
0
0
0
0
0
0
0
0
3
136
308
461
558
592
559
473
327
150
5
0
0
0
0
0
0
0
0
0
0
0
0
0
1
69
165
243
288
302
288
223
146
80
2
0
0
0
0
0
0
0
0
0
0
0
0
0
4
130
300
264
164
50
205
284
245
55
2
0
0
0
0
0
0
0
0
0
0
0
0
0
3
116
285
431
509
509
476
409
280
138
3
0
0
0
0
0
0
0
0
0
0
0
0
0
3
127
251
400
509
561
472
386
263
108
2
0
0
0
0
0
0
0
0
0
0
0
0
0
3
116
266
391
448
474
441
352
244
115
2
0
0
0
0
0
0
0
0
0
0
0
0
0
3
117
259
335
447
469
475
390
313
153
2
0
0
0
0
0
0
0
0
0
0
0
0
0
4
129
290
423
505
567
531
448
313
156
6
0
0
0
0
0
0
0
0
0
0
0
0
0
3
110
255
361
440
434
401
346
259
116
2
0
0
0
0
0
0
0
0
0
0
0
0
0
4
150
330
485
587
625
593
496
349
174
8
0
0
0
0
0
0
0
0
0
0
0
0
0
4
157
332
482
582
616
587
497
356
181
8
0
0
0
0
0
0
0
0
0
0
0
0
0
4
154
331
481
575
609
591
504
364
186
9
0
0
0
0
0
0
0
0
0
0
0
0
0
5
133
315
396
493
538
422
396
299
145
6
0
0
0
0
0
0
0
0
0
0
0
0
0
4
146
322
468
569
605
571
477
354
183
11
0
0
0
0
0
0
0
0
0
0
0
0
0
4
136
311
462
542
547
538
456
338
178
11
0
0
0
0
0
0
0
0
0
0
0
0
0
5
146
318
454
550
583
560
489
357
187
16
0
0
0
0
0
0
0
0
0
0
0
0
0
5
150
329
480
585
617
583
492
353
185
14
0
0
0
0
0
0
0
0
0
0
0
0
0
6
167
352
509
611
652
627
531
380
200
15
0
0
0
0
0
0
0
0
0
0
0
0
0
6
135
296
559
601
335
101
45
32
17
4
0
0
0
0
0
0
0
0
0
0
0
0
0
2
134
312
461
532
542
549
420
251
104
5
0
0
0
0
0
0
0
0
0
0
0
0
0
5
125
263
385
474
506
484
412
277
134
4
0
0
0
0
0
0
0
0
0
0
0
0
0
8
168
347
501
604
638
612
517
376
204
19
0
0
0
0
0
0
0
0
0
0
0
0
0
8
168
348
508
605
633
604
520
364
200
17
0
0
0
0
0
0
0
0
0
0
0
0
0
8
170
350
506
618
655
637
548
410
228
27
0
0
0
0
0
0
0
0
0
0
0
0
0
9
184
377
539
650
693
663
573
425
237
26
0
0
0
0
0
0
0
0
0
0
0
0
0
8
165
345
505
588
604
556
490
367
194
21
0
0
0
0
0
0
0
0
0
0
0
0
0
3
100
206
331
400
370
374
319
216
119
5
0
0
0
0
0
0
0
0
0
0
0
0
0
11
182
353
499
605
643
616
537
383
223
27
0
0
0
0
0
0
0
0
0
0
0
0
0
3
115
213
443
614
562
514
414
283
170
15
0
0
0
0
0
0
0
0
0
0
0
0
0
12
197
385
544
649
686
670
582
432
247
32
0
0
0
0
0
0
0
0
0
0
0
0
0
12
175
334
491
589
671
618
567
403
244
39
0
0
0
0
0
0
0
0
0
0
0
0
0
29
198
385
366
475
475
558
504
218
144
14
0
0
0
0
0
0
0
0
0
0
0
0
0
15
200
379
527
629
671
651
563
427
252
74
0
0
0
0
0
0
0
0
0
0
0
0
0
17
223
422
585
694
733
706
614
461
269
80
0
0
0
0
0
0
0
0
0
0
0
0
0
18
216
404
559
663
707
690
608
464
278
87
0
0
0
0
0
0
0
0
0
0
0
0
0
20
175
263
384
458
513
515
451
415
304
100
0
0
0
0
0
0
0
0
0
0
0
0
0
8
45
124
245
502
512
747
394
314
295
91
0
0
0
0
0
0
0
0
0
0
0
0
0
9
102
163
71
233
371
217
246
296
207
47
0
0
0
0
0
0
0
0
0
0
0
0
0
19
193
344
480
528
560
598
521
449
273
83
0
0
0
0
0
0
0
0
0
0
0
0
0
5
21
66
296
305
555
481
695
528
316
104
1
0
0
0
0
0
0
0
0
0
0
0
0
7
58
117
155
170
163
151
148
107
64
24
0
0
0
0
0
0
0
0
0
0
0
0
0
5
68
201
235
332
470
596
467
342
200
105
1
0
0
0
0
0
0
0
0
0
0
0
0
5
19
109
196
243
302
284
295
281
196
77
1
0
0
0
0
0
0
0
0
0
0
0
0
20
231
362
313
200
464
605
549
439
326
119
1
0
0
0
0
0
0
0
0
0
0
0
0
26
183
369
544
567
601
580
587
377
183
84
0
0
0
0
0
0
0
0
0
0
0
0
0
66
238
421
570
668
704
681
594
453
276
98
0
0
0
0
0
0
0
0
0
0
0
0
0
59
205
372
506
587
621
592
523
403
248
88
0
0
0
0
0
0
0
0
0
0
0
0
0
78
266
464
625
729
771
739
646
495
304
111
0
0
0
0
0
0
0
0
0
0
0
0
0
76
254
441
597
694
723
695
605
461
285
105
0
0
0
0
0
0
0
0
0
0
0
0
0
72
235
406
535
623
651
624
554
428
270
101
1
0
0
0
0
0
0
0
0
0
0
0
0
68
213
362
474
551
576
581
499
392
242
91
1
0
0
0
0
0
0
0
0
0
0
0
0
83
257
431
556
687
744
689
596
459
284
111
1
0
0
0
0
0
0
0
0
0
0
0
0
85
258
443
588
672
735
730
632
490
290
114
1
0
0
0
0
0
0
0
0
0
0
0
0
98
291
483
643
746
776
747
647
498
313
122
1
0
0
0
0
0
0
0
0
0
0
0
0
113
324
532
701
809
851
823
725
569
366
149
2
0
0
0
0
0
0
0
0
0
0
0
0
114
322
525
687
792
834
802
701
550
351
142
2
0
0
0
0
0
0
0
0
0
0
0
0
108
300
488
638
735
764
732
642
503
317
126
1
0
0
0
0
0
0
0
0
0
0
0
1
117
318
514
661
756
784
753
665
518
333
135
1
0
0
0
0
0
0
0
0
0
0
0
1
122
324
519
675
779
821
791
699
545
352
145
2
0
0
0
0
0
0
0
0
0
0
0
1
136
355
567
735
841
882
849
747
588
383
161
3
0
0
0
0
0
0
0
0
0
0
0
1
118
311
497
631
730
768
747
651
525
348
149
4
0
0
0
0
0
0
0
0
0
0
0
1
129
333
534
694
794
836
812
710
557
357
152
3
0
0
0
0
0
0
0
0
0
0
0
2
128
322
501
645
747
777
748
665
524
342
150
4
0
0
0
0
0
0
0
0
0
0
0
2
133
335
527
687
789
818
792
701
551
361
158
4
0
0
0
0
0
0
0
0
0
0
0
1
59
142
246
331
380
395
386
332
231
154
62
2
0
0
0
0
0
0
0
0
0
0
0
2
68
155
253
340
388
435
420
346
276
190
84
2
0
0
0
0
0
0
0
0
0
0
0
3
119
284
436
564
655
687
666
575
436
283
120
2
0
0
0
0
0
0
0
0
0
0
0
4
149
349
538
676
760
800
783
699
555
359
160
5
0
0
0
0
0
0
0
0
0
0
0
4
164
373
566
713
807
836
808
713
557
362
160
4
0
0
0
0
0
0
0
0
0
0
0
5
164
370
563
716
803
825
794
692
558
366
166
5
0
0
0
0
0
0
0
0
0
0
0
6
172
385
588
743
847
881
858
762
605
408
189
8
0
0
0
0
0
0
0
0
0
0
0
8
168
385
531
609
707
724
783
653
483
325
146
8
0
0
0
0
0
0
0
0
0
0
0
6
169
365
555
690
784
812
768
671
515
327
140
2
0
0
0
0
0
0
0
0
0
0
0
2
131
280
409
543
536
627
596
638
569
428
209
22
0
0
0
0
0
0
0
0
0
0
0
6
95
205
321
403
455
455
415
371
275
197
75
2
0
0
0
0
0
0
0
0
0
0
0
8
164
357
543
694
814
740
720
674
523
328
162
8
0
0
0
0
0
0
0
0
0
0
0
5
93
181
254
330
370
416
419
357
274
208
90
2
0
0
0
0
0
0
0
0
0
0
0
32
236
483
692
847
818
237
77
68
54
36
17
3
0
0
0
0
0
0
0
0
0
0
0
12
193
390
570
679
772
791
760
659
534
361
186
12
0
0
0
0
0
0
0
0
0
0
0
19
196
361
629
745
563
660
522
467
436
385
146
15
0
0
0
0
0
0
0
0
0
0
0
21
94
161
223
617
1031
888
547
68
54
37
18
3
0
0
0
0
0
0
0
0
0
0
0
10
162
294
417
496
616
627
498
417
331
208
107
3
0
0
0
0
0
0
0
0
0
0
0
9
83
164
265
284
273
327
355
308
229
151
68
3
0
0
0
0
0
0
0
0
0
0
0
23
201
356
490
460
686
697
668
665
467
373
152
17
0
0
0
0
0
0
0
0
0
0
0
20
209
399
590
728
812
862
813
716
565
381
188
13
0
0
0
0
0
0
0
0
0
0
0
22
218
414
593
731
838
865
837
764
603
418
216
19
0
0
0
0
0
0
0
0
0
0
0
28
251
467
660
808
904
930
892
794
638
437
221
16
0
0
0
0
0
0
0
0
0
0
0
14
49
52
86
394
553
626
697
854
727
499
250
48
0
0
0
0
0
0
0
0
0
0
0
36
300
534
716
947
581
463
503
464
323
147
65
4
0
0
0
0
0
0
0
0
0
0
0
33
244
441
623
768
864
886
860
761
622
429
221
21
0
0
0
0
0
0
0
0
0
0
0
64
239
430
602
727
811
821
810
721
599
418
218
20
0
0
0
0
0
0
0
0
0
0
0
65
231
409
586
711
807
843
813
731
604
421
212
24
0
0
0
0
0
0
0
0
0
0
0
90
302
561
773
807
502
554
535
411
249
173
20
4
0
0
0
0
0
0
0
0
0
0
0
82
277
495
693
845
936
954
908
804
643
438
225
19
0
0
0
0
0
0
0
0
0
0
0
88
291
516
710
858
941
965
922
818
659
457
235
21
0
0
0
0
0
0
0
0
0
0
0
51
157
319
530
600
708
878
788
654
590
429
197
17
0
0
0
0
0
0
0
0
0
0
0
19
53
87
143
145
193
211
236
199
183
124
63
6
0
0
0
0
0
0
0
0
0
0
0
68
197
384
581
718
798
786
807
688
530
366
187
14
0
0
0
0
0
0
0
0
0
0
0
98
299
518
718
865
950
973
928
820
657
452
233
22
0
0
0
0
0
0
0
0
0
0
0
89
254
448
640
804
827
816
723
590
540
373
205
19
0
0
0
0
0
0
0
0
0
0
0
102
299
521
711
860
945
966
921
818
664
468
252
32
0
0
0
0
0
0
0
0
0
0
0
100
291
501
678
816
901
932
898
806
657
459
246
32
0
0
0
0
0
0
0
0
0
0
1
111
317
532
716
862
947
969
919
820
666
465
249
28
0
0
0
0
0
0
0
0
0
0
0
77
215
372
518
617
713
712
687
618
482
329
183
23
0
0
0
0
0
0
0
0
0
0
1
102
278
484
648
799
860
875
842
729
575
405
212
23
0
0
0
0
0
0
0
0
0
0
1
85
236
409
506
605
704
723
668
619
479
340
194
27
0
0
0
0
0
0
0
0
0
0
1
114
312
521
706
846
933
952
911
807
652
454
246
67
0
0
0
0
0
0
0
0
0
0
1
125
330
549
739
879
960
984
930
820
664
466
253
69
0
0
0
0
0
0
0
0
0
0
2
122
320
530
720
853
931
945
906
806
645
452
246
68
0
0
0
0
0
0
0
0
0
0
2
102
268
501
662
728
821
750
763
650
505
320
148
33
0
0
0
0
0
0
0
0
0
0
1
120
328
555
780
928
571
512
504
502
390
324
172
51
0
0
0
0
0
0
0
0
0
0
1
144
373
631
803
903
318
262
402
354
299
246
135
51
0
0
0
0
0
0
0
0
0
0
2
126
317
517
690
813
889
912
871
772
616
439
244
72
0
0
0
0
0
0
0
0
0
0
3
135
333
536
716
845
921
945
899
799
652
462
260
80
0
0
0
0
0
0
0
0
0
0
4
138
344
440
562
628
526
704
759
657
558
454
244
91
1
0
0
0
0
0
0
0
0
0
2
96
244
403
500
612
802
868
837
796
609
429
260
87
0
0
0
0
0
0
0
0
0
0
1
59
154
267
312
386
431
440
399
358
294
192
111
33
0
0
0
0
0
0
0
0
0
0
4
142
344
548
734
871
949
968
929
831
682
487
275
89
0
0
0
0
0
0
0
0
0
0
4
152
373
478
704
951
473
346
427
288
338
325
197
81
2
0
0
0
0
0
0
0
0
0
4
142
336
534
706
835
912
931
891
794
649
466
266
87
0
0
0
0
0
0
0
0
0
0
5
110
256
428
649
761
774
771
743
644
533
387
183
41
0
0
0
0
0
0
0
0
0
0
5
137
319
503
666
788
865
881
844
756
616
443
254
84
0
0
0
0
0
0
0
0
0
0
6
151
348
558
742
882
963
986
944
840
692
501
287
98
0
0
0
0
0
0
0
0
0
0
5
142
328
513
691
812
894
925
889
804
663
473
266
89
0
0
0
0
0
0
0
0
0
0
6
147
338
538
703
817
891
909
865
770
625
455
267
88
0
0
0
0
0
0
0
0
0
0
6
156
346
533
699
814
901
880
853
752
639
464
270
89
0
0
0
0
0
0
0
0
0
0
7
160
354
559
727
849
933
950
910
817
668
482
280
99
1
0
0
0
0
0
0
0
0
0
7
163
358
551
725
853
932
948
908
813
670
483
283
100
0
0
0
0
0
0
0
0
0
0
6
144
319
505
658
778
857
868
838
738
609
438
244
88
0
0
0
0
0
0
0
0
0
0
7
139
295
478
657
796
872
890
833
758
625
469
273
98
1
0
0
0
0
0
0
0
0
0
2
13
28
240
62
477
356
249
756
723
602
485
137
8
0
0
0
0
0
0
0
0
0
0
12
199
430
625
871
961
438
472
438
410
291
204
120
32
1
0
0
0
0
0
0
0
0
0
14
90
77
363
404
254
170
483
414
431
620
384
45
9
1
0
0
0
0
0
0
0
0
0
2
104
275
435
522
654
789
644
688
655
700
446
315
139
4
0
0
0
0
0
0
0
0
0
10
177
379
583
756
890
966
979
941
842
700
514
307
114
1
0
0
0
0
0
0
0
0
0
10
169
366
563
739
865
944
960
931
842
699
512
307
116
2
0
0
0
0
0
0
0
0
0
10
172
372
570
748
875
950
970
930
829
686
506
303
117
2
0
0
0
0
0
0
0
0
0
10
155
338
517
673
801
914
931
894
785
651
470
272
102
1
0
0
0
0
0
0
0
0
0
11
155
321
498
650
777
857
906
856
755
640
495
295
115
3
0
0
0
0
0
0
0
0
0
10
169
366
565
734
862
921
937
900
802
660
480
285
108
1
0
0
0
0
0
0
0
0
0
10
163
351
550
725
843
905
903
879
786
647
467
272
104
1
0
0
0
0
0
0
0
0
0
11
158
331
510
645
754
822
838
795
699
570
436
263
94
1
0
0
0
0
0
0
0
0
0
15
190
411
602
815
1005
558
520
451
399
350
271
182
98
5
0
0
0
0
0
0
0
0
0
12
175
377
578
751
889
969
988
947
848
701
516
313
124
2
0
0
0
0
0
0
0
0
0
11
167
351
553
727
840
902
919
866
785
647
466
282
110
1
0
0
0
0
0
0
0
0
0
12
174
371
571
737
873
951
972
933
844
708
521
319
128
3
0
0
0
0
0
0
0
0
0
12
174
371
572
739
863
927
942
901
809
673
497
300
120
2
0
0
0
0
0
0
0
0
0
12
173
369
565
734
864
944
961
924
839
699
516
317
130
3
0
0
0
0
0
0
0
0
0
12
180
375
573
749
881
953
963
914
823
680
507
306
123
2
0
0
0
0
0
0
0
0
0
12
162
336
506
681
788
868
897
889
792
656
496
312
124
4
0
0
0
0
0
0
0
0
0
7
130
295
490
696
749
866
855
758
681
565
448
304
137
7
0
0
0
0
0
0
0
0
0
13
181
385
587
767
902
978
994
953
852
707
522
324
133
3
0
0
0
0
0
0
0
0
0
12
176
371
570
736
863
931
948
916
826
688
509
316
131
4
0
0
0
0
0
0
0
0
0
13
166
348
545
694
809
874
904
860
803
670
509
312
134
4
0
0
0
0
0
0
0
0
0
12
170
364
561
733
864
940
972
932
852
711
532
337
145
6
0
0
0
0
0
0
0
0
0
12
174
363
555
727
871
945
970
940
851
711
532
334
143
6
0
0
0
0
0
0
0
0
0
11
161
340
541
720
852
936
956
927
835
688
523
322
135
5
0
0
0
0
0
0
0
0
0
11
162
351
551
716
836
917
941
906
826
692
521
323
138
6
0
0
0
0
0
0
0
0
0
12
172
370
577
753
885
969
992
958
864
722
534
328
138
4
0
0
0
0
0
0
0
0
0
11
152
334
522
681
814
898
910
898
803
669
482
298
129
4
0
0
0
0
0
0
0
0
0
12
145
270
411
576
638
777
793
823
753
657
515
333
129
9
0
0
0
0
0
0
0
0
0
11
156
338
534
697
834
914
931
890
825
682
502
303
132
5
0
0
0
0
0
0
0
0
0
11
171
370
569
746
881
962
986
945
838
692
516
316
131
3
0
0
0
0
0
0
0
0
0
10
163
354
546
719
856
943
961
940
846
694
517
327
140
6
0
0
0
0
0
0
0
0
0
11
160
340
529
672
798
884
900
882
788
655
475
276
112
1
0
0
0
0
0
0
0
0
0
9
156
344
533
699
828
910
942
918
833
692
523
325
141
5
0
0
0
0
0
0
0
0
0
9
161
349
541
712
838
906
923
906
822
692
517
325
139
5
0
0
0
0
0
0
0
0
0
9
151
342
536
705
825
883
923
915
819
673
505
311
130
5
0
0
0
0
0
0
0
0
0
9
151
332
521
682
805
911
922
878
793
689
521
326
144
7
0
0
0
0
0
0
0
0
0
9
159
353
552
730
871
951
972
943
845
701
520
318
131
3
0
0
0
0
0
0
0
0
0
8
159
353
557
736
869
951
975
942
852
705
521
321
134
4
0
0
0
0
0
0
0
0
0
8
151
337
533
707
845
940
970
946
868
723
541
337
144
6
0
0
0
0
0
0
0
0
0
8
151
334
531
707
847
936
966
943
857
724
548
343
146
8
0
0
0
0
0
0
0
0
0
8
153
345
541
717
860
950
978
943
850
713
533
332
141
5
0
0
0
0
0
0
0
0
0
8
162
362
569
754
895
984
1014
980
885
743
555
347
148
5
0
0
0
0
0
0
0
0
0
8
163
365
573
754
895
984
1015
984
892
750
565
355
153
6
0
0
0
0
0
0
0
0
0
8
165
371
581
765
901
989
1022
986
893
747
561
351
149
4
0
0
0
0
0
0
0
0
0
7
151
341
542
718
855
935
965
934
849
711
535
332
142
5
0
0
0
0
0
0
0
0
0
6
145
339
538
717
858
946
976
947
867
730
547
345
147
7
0
0
0
0
0
0
0
0
0
6
148
341
547
721
862
949
969
931
837
699
521
319
132
3
0
0
0
0
0
0
0
0
0
6
139
328
531
706
849
934
957
927
843
712
530
328
137
5
0
0
0
0
0
0
0
0
0
6
145
335
537
716
858
944
970
943
857
720
539
336
142
5
0
0
0
0
0
0
0
0
0
5
138
323
516
694
834
922
941
910
829
687
505
312
130
4
0
0
0
0
0
0
0
0
0
5
137
321
514
691
840
911
941
896
811
676
509
310
128
4
0
0
0
0
0
0
0
0
0
5
134
319
520
701
840
925
951
927
837
694
512
312
130
4
0
0
0
0
0
0
0
0
0
4
131
317
511
681
811
896
925
912
827
687
507
309
127
3
0
0
0
0
0
0
0
0
0
4
134
326
522
698
838
935
956
922
839
697
507
309
124
2
0
0
0
0
0
0
0
0
0
4
131
315
524
707
831
905
928
893
801
659
480
280
109
1
0
0
0
0
0
0
0
0
0
4
130
319
527
708
845
931
946
908
809
673
492
302
121
2
0
0
0
0
0
0
0
0
0
4
128
314
513
696
830
917
944
913
825
680
503
307
122
2
0
0
0
0
0
0
0
0
0
3
134
330
536
719
860
938
971
937
849
708
526
322
128
2
0
0
0
0
0
0
0
0
0
3
133
327
532
717
859
947
975
948
856
707
518
316
125
2
0
0
0
0
0
0
0
0
0
3
128
320
524
710
853
942
970
943
857
718
534
327
131
4
0
0
0
0
0
0
0
0
0
3
125
315
517
700
843
938
968
936
850
711
524
323
128
3
0
0
0
0
0
0
0
0
0
2
116
296
489
668
800
894
925
900
824
678
498
293
114
2
0
0
0
0
0
0
0
0
0
2
119
306
518
693
831
920
940
896
809
671
494
298
116
2
0
0
0
0
0
0
0
0
0
2
113
297
492
669
813
917
938
909
825
680
505
302
119
3
0
0
0
0
0
0
0
0
0
2
111
292
493
673
810
912
944
921
833
692
510
310
119
3
0
0
0
0
0
0
0
0
0
2
113
297
496
670
815
907
945
916
834
696
507
302
116
2
0
0
0
0
0
0
0
0
0
2
115
303
507
697
848
936
968
934
844
699
510
309
117
2
0
0
0
0
0
0
0
0
0
2
115
309
520
710
856
944
975
936
850
711
519
311
117
1
0
0
0
0
0
0
0
0
0
1
105
284
477
654
789
873
899
866
776
638
462
270
98
1
0
0
0
0
0
0
0
0
0
1
110
295
497
682
822
908
922
878
791
649
473
279
100
1
0
0
0
0
0
0
0
0
0
1
113
307
520
707
854
943
968
932
836
690
503
294
105
1
0
0
0
0
0
0
0
0
0
1
101
285
481
669
818
917
953
928
833
697
518
304
109
2
0
0
0
0
0
0
0
0
0
1
98
272
459
627
761
837
862
832
745
611
440
255
89
0
0
0
0
0
0
0
0
0
0
1
91
255
434
595
717
799
821
792
706
579
414
239
81
0
0
0
0
0
0
0
0
0
0
1
104
287
492
668
813
896
924
908
828
664
474
266
90
0
0
0
0
0
0
0
0
0
0
1
92
266
457
632
764
844
869
835
749
613
441
253
85
0
0
0
0
0
0
0
0
0
0
1
100
289
499
688
829
922
950
923
823
670
482
277
92
0
0
0
0
0
0
0
0
0
0
0
87
252
435
597
724
799
823
797
716
585
416
237
77
0
0
0
0
0
0
0
0
0
0
0
91
262
458
630
789
894
964
931
836
684
489
277
90
1
0
0
0
0
0
0
0
0
0
0
93
273
480
666
819
906
946
905
812
671
482
273
88
0
0
0
0
0
0
0
0
0
0
0
94
284
485
677
824
920
950
922
823
672
481
266
83
0
0
0
0
0
0
0
0
0
0
0
92
281
491
677
816
916
947
909
815
671
482
272
85
0
0
0
0
0
0
0
0
0
0
0
92
284
483
663
800
890
900
863
771
617
429
229
67
0
0
0
0
0
0
0
0
0
0
0
86
267
473
659
807
904
932
899
808
660
473
263
80
0
0
0
0
0
0
0
0
0
0
0
92
287
502
696
843
937
970
937
841
687
490
272
80
0
0
0
0
0
0
0
0
0
0
0
88
277
490
680
825
923
951
924
832
678
484
265
76
0
0
0
0
0
0
0
0
0
0
0
82
254
448
647
769
851
863
821
749
625
431
238
66
0
0
0
0
0
0
0
0
0
0
0
74
209
413
577
756
844
845
764
679
568
382
207
67
0
0
0
0
0
0
0
0
0
0
0
76
230
412
598
713
760
849
775
609
530
365
206
35
0
0
0
0
0
0
0
0
0
0
0
80
262
469
657
810
908
931
895
804
648
453
243
33
0
0
0
0
0
0
0
0
0
0
0
75
246
446
615
764
860
890
836
759
624
428
229
29
0
0
0
0
0
0
0
0
0
0
0
75
256
460
643
783
886
899
862
764
608
430
225
25
0
0
0
0
0
0
0
0
0
0
0
73
242
440
628
773
860
898
868
772
622
435
226
26
0
0
0
0
0
0
0
0
0
0
0
72
245
441
610
749
841
877
831
750
585
399
194
17
0
0
0
0
0
0
0
0
0
0
0
73
252
454
640
788
882
907
880
791
634
438
230
24
0
0
0
0
0
0
0
0
0
0
0
66
241
437
625
755
859
892
848
733
574
384
196
16
0
0
0
0
0
0
0
0
0
0
0
68
251
468
641
781
865
899
877
786
631
437
220
21
0
0
0
0
0
0
0
0
0
0
0
69
255
469
664
819
912
941
892
793
631
431
214
17
0
0
0
0
0
0
0
0
0
0
0
71
260
476
668
820
916
942
899
793
629
428
214
16
0
0
0
0
0
0
0
0
0
0
0
32
246
454
635
786
868
894
860
752
601
401
195
13
0
0
0
0
0
0
0
0
0
0
0
31
246
456
652
799
875
903
852
738
582
388
184
10
0
0
0
0
0
0
0
0
0
0
0
26
218
408
585
724
809
841
810
712
566
376
172
7
0
0
0
0
0
0
0
0
0
0
0
29
239
449
643
789
878
916
873
771
602
401
190
12
0
0
0
0
0
0
0
0
0
0
0
27
223
412
587
737
805
822
798
723
581
379
181
11
0
0
0
0
0
0
0
0
0
0
0
5
20
172
71
194
520
623
617
841
645
353
92
12
0
0
0
0
0
0
0
0
0
0
0
16
124
252
399
477
486
511
489
456
338
223
102
2
0
0
0
0
0
0
0
0
0
0
0
20
170
326
430
544
598
615
554
458
353
236
110
2
0
0
0
0
0
0
0
0
0
0
0
23
220
427
600
749
843
837
787
674
526
350
154
5
0
0
0
0
0
0
0
0
0
0
0
33
233
449
556
647
709
783
604
430
388
295
109
2
0
0
0
0
0
0
0
0
0
0
0
24
239
452
642
783
865
888
842
737
573
374
164
4
0
0
0
0
0
0
0
0
0
0
0
20
204
389
561
696
763
765
703
627
497
313
129
1
0
0
0
0
0
0
0
0
0
0
0
18
196
384
545
694
771
790
744
655
520
345
154
7
0
0
0
0
0
0
0
0
0
0
0
21
224
434
613
751
829
846
809
697
541
347
146
3
0
0
0
0
0
0
0
0
0
0
0
21
207
395
579
705
770
807
727
589
440
280
118
1
0
0
0
0
0
0
0
0
0
0
0
16
192
355
495
615
690
738
744
605
507
313
132
3
0
0
0
0
0
0
0
0
0
0
0
17
198
398
559
692
776
794
761
661
494
331
136
2
0
0
0
0
0
0
0
0
0
0
0
17
205
403
590
723
810
825
798
697
543
342
139
3
0
0
0
0
0
0
0
0
0
0
0
17
218
424
606
736
810
836
793
674
508
316
120
1
0
0
0
0
0
0
0
0
0
0
0
17
219
431
620
761
844
863
814
704
536
335
128
1
0
0
0
0
0
0
0
0
0
0
0
15
204
404
579
712
788
806
760
652
495
302
111
1
0
0
0
0
0
0
0
0
0
0
0
16
220
438
635
784
869
886
837
725
552
343
127
1
0
0
0
0
0
0
0
0
0
0
0
14
205
411
593
734
811
832
772
669
510
310
113
1
0
0
0
0
0
0
0
0
0
0
0
13
198
400
581
709
788
810
764
651
496
295
104
0
0
0
0
0
0
0
0
0
0
0
0
23
227
454
517
684
768
743
497
459
288
155
50
0
0
0
0
0
0
0
0
0
0
0
0
11
181
381
558
686
777
796
747
630
474
291
102
1
0
0
0
0
0
0
0
0
0
0
0
3
65
209
385
599
196
271
266
321
529
294
102
1
0
0
0
0
0
0
0
0
0
0
0
15
171
324
514
548
614
558
576
601
428
270
91
0
0
0
0
0
0
0
0
0
0
0
0
10
180
368
546
665
743
745
725
616
454
260
83
0
0
0
0
0
0
0
0
0
0
0
0
4
90
207
303
455
473
501
482
484
411
265
94
0
0
0
0
0
0
0
0
0
0
0
0
7
47
61
141
330
392
395
435
447
400
216
91
0
0
0
0
0
0
0
0
0
0
0
0
7
167
411
569
688
575
432
527
483
249
140
31
0
0
0
0
0
0
0
0
0
0
0
0
7
162
349
519
645
744
768
729
604
441
249
35
0
0
0
0
0
0
0
0
0
0
0
0
2
132
266
403
540
626
665
666
558
426
262
50
0
0
0
0
0
0
0
0
0
0
0
0
4
146
326
485
604
714
684
662
513
396
219
31
0
0
0
0
0
0
0
0
0
0
0
0
7
175
374
556
697
774
789
730
621
460
259
34
0
0
0
0
0
0
0
0
0
0
0
0
6
169
365
550
679
749
760
705
594
435
235
24
0
0
0
0
0
0
0
0
0
0
0
0
6
172
379
560
694
766
772
723
606
440
240
26
0
0
0
0
0
0
0
0
0
0
0
0
6
174
383
576
714
792
799
744
615
439
229
20
0
0
0
0
0
0
0
0
0
0
0
0
4
119
305
446
565
552
627
495
397
271
150
4
0
0
0
0
0
0
0
0
0
0
0
0
9
155
322
485
595
711
564
446
415
257
134
4
0
0
0
0
0
0
0
0
0
0
0
0
3
137
291
469
581
642
683
585
522
350
189
12
0
0
0
0
0
0
0
0
0
0
0
0
4
159
364
546
686
761
758
703
578
405
208
13
0
0
0
0
0
0
0
0
0
0
0
0
4
152
354
536
679
759
771
720
610
433
224
20
0
0
0
0
0
0
0
0
0
0
0
0
3
136
333
508
616
701
678
622
514
370
192
13
0
0
0
0
0
0
0
0
0
0
0
0
2
73
180
283
320
324
321
313
243
190
78
3
0
0
0
0
0
0
0
0
0
0
0
0
6
154
326
507
582
596
458
471
412
253
99
15
0
0
0
0
0
0
0
0
0
0
0
0
3
130
310
481
621
679
680
631
525
377
187
13
0
0
0
0
0
0
0
0
0
0
0
0
3
109
257
358
418
537
530
488
374
258
124
3
0
0
0
0
0
0
0
0
0
0
0
0
2
137
332
513
655
732
741
683
564
387
186
9
0
0
0
0
0
0
0
0
0
0
0
0
2
123
301
474
599
680
682
634
510
354
177
10
0
0
0
0
0
0
0
0
0
0
0
0
2
131
325
504
639
715
725
669
552
376
178
8
0
0
0
0
0
0
0
0
0
0
0
0
1
124
305
477
607
674
687
629
518
363
172
8
0
0
0
0
0
0
0
0
0
0
0
0
2
110
253
373
456
494
518
528
419
279
120
2
0
0
0
0
0
0
0
0
0
0
0
0
1
116
295
469
591
660
669
623
501
342
156
5
0
0
0
0
0
0
0
0
0
0
0
0
1
123
318
497
629
708
717
652
534
359
164
5
0
0
0
0
0
0
0
0
0
0
0
0
0
101
277
434
592
647
657
590
447
298
131
3
0
0
0
0
0
0
0
0
0
0
0
0
0
76
204
336
415
469
487
448
375
241
117
4
0
0
0
0
0
0
0
0
0
0
0
0
1
94
265
402
535
607
606
537
431
278
111
1
0
0
0
0
0
0
0
0
0
0
0
0
1
105
272
410
539
572
570
549
463
290
125
3
0
0
0
0
0
0
0
0
0
0
0
0
0
94
259
415
533
602
591
540
435
280
115
1
0
0
0
0
0
0
0
0
0
0
0
0
0
77
211
354
457
514
520
479
397
264
104
1
0
0
0
0
0
0
0
0
0
0
0
0
2
116
207
440
671
379
333
322
164
122
12
1
0
0
0
0
0
0
0
0
0
0
0
0
0
88
260
390
494
536
557
531
422
277
115
2
0
0
0
0
0
0
0
0
0
0
0
0
0
94
254
417
536
581
593
543
421
275
117
2
0
0
0
0
0
0
0
0
0
0
0
0
0
92
270
437
564
639
656
601
481
318
136
2
0
0
0
0
0
0
0
0
0
0
0
0
0
91
272
449
584
659
671
613
490
322
133
2
0
0
0
0
0
0
0
0
0
0
0
0
0
73
233
405
535
588
571
519
427
277
118
2
0
0
0
0
0
0
0
0
0
0
0
0
0
67
211
342
451
503
505
454
369
238
92
1
0
0
0
0
0
0
0
0
0
0
0
0
0
7
61
58
154
263
315
323
321
185
89
4
0
0
0
0
0
0
0
0
0
0
0
0
0
69
229
374
496
580
563
419
314
173
67
1
0
0
0
0
0
0
0
0
0
0
0
0
0
66
211
367
468
542
551
501
401
244
94
1
0
0
0
0
0
0
0
0
0
0
0
0
0
74
243
413
536
603
613
556
450
291
113
1
0
0
0
0
0
0
0
0
0
0
0
0
0
57
197
319
411
483
477
430
354
226
88
0
0
0
0
0
0
0
0
0
0
0
0
0
0
54
184
292
396
449
452
420
341
216
82
0
0
0
0
0
0
0
0
0
0
0
0
0
0
33
230
396
513
581
589
537
428
272
103
0
0
0
0
0
0
0
0
0
0
0
0
0
0
30
198
333
415
477
512
506
417
253
78
1
0
0
0
0
0
0
0
0
0
0
0
0
0
27
210
368
484
554
563
508
404
252
94
0
0
0
0
0
0
0
0
0
0
0
0
0
0
28
224
396
527
603
613
562
444
284
106
0
0
0
0
0
0
0
0
0
0
0
0
0
0
23
209
380
514
578
589
529
416
268
99
0
0
0
0
0
0
0
0
0
0
0
0
0
0
24
139
222
350
482
526
520
371
196
75
0
0
0
0
0
0
0
0
0
0
0
0
0
0
22
203
368
496
580
582
528
415
255
93
0
0
0
0
0
0
0
0
0
0
0
0
0
0
20
192
346
466
536
545
494
390
245
89
0
0
0
0
0
0
0
0
0
0
0
0
0
0
21
207
369
497
571
584
538
427
272
101
0
0
0
0
0
0
0
0
0
0
0
0
0
0
29
213
362
458
524
477
394
308
182
83
1
0
0
0
0
0
0
0
0
0
0
0
0
0
13
144
237
445
465
513
396
311
245
94
0
0
0
0
0
0
0
0
0
0
0
0
0
0
17
190
343
478
551
560
500
395
252
88
0
0
0
0
0
0
0
0
0
0
0
0
0
0
16
190
349
454
540
534
444
363
238
91
0
0
0
0
0
0
0
0
0
0
0
0
0
0
14
180
326
423
482
526
505
410
265
95
1
0
0
0
0
0
0
0
0
0
0
0
0
0
8
67
149
191
337
337
324
206
178
98
1
0
0
0
0
0
0
0
0
0
0
0
0
0
14
160
267
393
477
538
481
398
238
83
0
0
0
0
0
0
0
0
0
0
0
0
0
0
13
176
353
456
495
494
441
352
212
75
0
0
0
0
0
0
0
0
0
0
0
0
0
0
12
179
329
448
502
529
480
393
249
88
0
0
0
0
0
0
0
0
0
0
0
0
0
0
8
161
282
384
475
477
452
370
192
75
0
0
0
0
0
0
0
0
0
0
0
0
0
0
8
157
325
440
517
533
493
387
250
91
0
0
0
0
0
0
0
0
0
0
0
0
0
0
9
171
334
458
536
556
510
403
259
94
0
0
0
0
0
0
0
0
0
0
0
0
0
0
9
174
338
469
553
568
520
414
260
93
0
0
0
0
0
0
0
0
0
0
0
0
0
0
10
160
310
414
492
519
481
379
226
87
0
0
0
0
0
0
0
0
0
0
0
0
0
0
3
124
211
338
443
481
461
381
253
100
1
0
0
0
0
0
0
0
0
0
0
0
0
0
2
87
247
362
353
404
368
295
288
102
1
0
0
0
0
0
0
0
0
0
0
0
0
0
6
139
290
428
482
491
458
342
198
66
0
0
0
0
0
0
0
0
0
0
0
0
0
0
7
155
318
453
534
560
519
415
263
94
0
0
0
0
0
0
0
0
0
0
0
0
0
0
2
79
153
238
334
407
311
293
217
101
1
0
0
0
0
0
0
0
0
0
0
0
0
0
17
132
162
142
483
339
75
136
79
7
0
0
0
0
0
0
0
0
0
0
0
0
0
0
2
12
107
411
571
321
88
31
20
7
0
0
0
0
0
0
0
0
0
0
0
0
0
0
4
124
290
362
433
503
471
339
220
75
0
0
0
0
0
0
0
0
0
0
0
0
0
0
9
105
234
251
460
320
477
124
21
18
0
0
0
0
0
0
0
0
0
0
0
0
0
0
7
102
139
402
519
394
234
33
21
8
0
0
0
0
0
0
0
0
0
0
0
0
0
0
4
133
282
405
481
501
462
373
236
86
0
0
0
0
0
0
0
0
0
0
0
0
0
0
5
148
314
450
536
554
512
410
260
98
0
0
0
0
0
0
0
0
0
0
0
0
0
0
4
132
291
424
505
522
489
398
256
96
1
0
0
0
0
0
0
0
0
0
0
0
0
0
4
136
289
413
491
522
480
385
247
91
0
0
0
0
0
0
0
0
0
0
0
0
0
0
3
131
290
418
500
513
488
401
268
105
1
0
0
0
0
0
0
0
0
0
0
0
0
0
4
137
294
432
514
530
494
398
255
95
0
0
0
0
0
0
0
0
0
0
0
0
0
0
3
115
258
370
438
458
435
349
224
85
0
0
0
0
0
0
0
0
0
0
0
0
0
0
3
127
283
415
488
511
466
370
245
92
0
0
0
0
0
0
0
0
0
0
0
0
0
0
3
105
231
346
406
438
410
323
203
78
0
0
0
0
0
0
0
0
0
0
0
0
0
0
1
68
180
271
302
335
337
251
161
58
0
0
0
0
0
0
0
0
0
0
0
0
0
0
1
84
202
272
316
358
337
269
185
74
1
0
0
0
0
0
0
0
0
0
0
0
0
0
3
134
304
447
541
568
534
434
283
113
1
0
0
0
0
0
0
0
0
0
0
0
0
0
4
119
259
393
454
500
451
384
246
93
1
0
0
0
0
0
0