0
0
0
0
0
0
0
1
113
263
392
496
516
502
420
298
134
3
0
0
0
0
0
0
0
0
0
0
0
0
0
1
112
235
347
438
467
459
368
272
122
2
0
0
0
0
0
0
0
0
0
0
0
0
0
1
107
249
365
383
431
396
377
249
111
1
0
0
0
0
0
0
0
0
0
0
0
0
0
2
129
280
417
509
543
515
440
308
147
4
0
0
0
0
0
0
0
0
0
0
0
0
0
2
146
332
487
589
626
593
499
348
164
4
0
0
0
0
0
0
0
0
0
0
0
0
0
2
135
299
432
506
538
515
433
316
153
5
0
0
0
0
0
0
0
0
0
0
0
0
0
2
121
265
385
493
500
482
414
299
159
6
0
0
0
0
0
0
0
0
0
0
0
0
0
2
112
265
397
487
525
499
408
304
146
4
0
0
0
0
0
0
0
0
0
0
0
0
0
1
113
264
432
483
496
500
408
269
125
2
0
0
0
0
0
0
0
0
0
0
0
0
0
1
122
285
405
454
510
475
451
293
127
2
0
0
0
0
0
0
0
0
0
0
0
0
0
2
142
321
476
577
615
587
504
361
180
8
0
0
0
0
0
0
0
0
0
0
0
0
0
2
141
321
469
565
604
579
492
350
177
8
0
0
0
0
0
0
0
0
0
0
0
0
0
2
149
337
495
597
637
609
518
369
184
7
0
0
0
0
0
0
0
0
0
0
0
0
0
2
133
292
435
525
560
506
448
337
171
10
0
0
0
0
0
0
0
0
0
0
0
0
0
1
103
238
347
416
441
425
350
247
139
6
0
0
0
0
0
0
0
0
0
0
0
0
0
3
140
316
406
440
429
464
435
332
150
7
0
0
0
0
0
0
0
0
0
0
0
0
0
3
135
298
441
528
567
555
462
350
188
13
0
0
0
0
0
0
0
0
0
0
0
0
0
3
134
308
456
547
573
548
474
343
183
10
0
0
0
0
0
0
0
0
0
0
0
0
0
3
140
317
462
562
607
599
515
372
196
13
0
0
0
0
0
0
0
0
0
0
0
0
0
3
156
348
510
619
663
636
541
395
208
13
0
0
0
0
0
0
0
0
0
0
0
0
0
3
154
343
504
611
653
627
541
397
214
16
0
0
0
0
0
0
0
0
0
0
0
0
0
4
142
305
436
531
571
559
496
372
202
18
0
0
0
0
0
0
0
0
0
0
0
0
0
1
28
56
82
95
102
86
70
54
32
4
0
0
0
0
0
0
0
0
0
0
0
0
0
5
158
427
620
504
515
388
130
73
21
4
0
0
0
0
0
0
0
0
0
0
0
0
0
4
165
357
516
624
668
647
560
418
232
20
0
0
0
0
0
0
0
0
0
0
0
0
0
4
167
363
527
636
685
662
573
426
237
21
0
0
0
0
0
0
0
0
0
0
0
0
0
4
173
377
548
663
710
687
594
440
243
22
0
0
0
0
0
0
0
0
0
0
0
0
0
4
141
308
449
548
606
591
514
378
213
23
0
0
0
0
0
0
0
0
0
0
0
0
0
5
171
370
537
652
697
672
585
437
245
26
0
0
0
0
0
0
0
0
0
0
0
0
0
5
169
361
518
622
675
653
565
423
239
24
0
0
0
0
0
0
0
0
0
0
0
0
0
6
180
384
555
668
717
693
598
447
252
26
0
0
0
0
0
0
0
0
0
0
0
0
0
7
141
353
384
496
558
348
383
322
165
13
0
0
0
0
0
0
0
0
0
0
0
0
0
4
136
316
470
533
508
524
456
369
222
26
0
0
0
0
0
0
0
0
0
0
0
0
0
6
183
384
553
668
718
695
602
451
259
32
0
0
0
0
0
0
0
0
0
0
0
0
0
4
129
318
468
594
586
504
401
297
180
35
0
0
0
0
0
0
0
0
0
0
0
0
0
7
180
367
523
626
672
655
567
426
251
35
0
0
0
0
0
0
0
0
0
0
0
0
0
7
168
347
523
613
607
553
459
357
202
24
0
0
0
0
0
0
0
0
0
0
0
0
0
2
145
333
491
564
577
593
459
283
128
45
0
0
0
0
0
0
0
0
0
0
0
0
0
2
55
98
109
112
138
164
166
128
71
24
0
0
0
0
0
0
0
0
0
0
0
0
0
10
199
396
563
672
723
705
619
471
282
88
0
0
0
0
0
0
0
0
0
0
0
0
0
11
210
420
594
710
760
737
644
489
292
91
0
0
0
0
0
0
0
0
0
0
0
0
0
9
176
339
469
587
642
606
519
393
238
68
0
0
0
0
0
0
0
0
0
0
0
0
0
12
209
410
577
694
745
727
643
495
304
101
0
0
0
0
0
0
0
0
0
0
0
0
0
11
193
378
527
626
674
657
581
445
267
86
0
0
0
0
0
0
0
0
0
0
0
0
0
11
176
337
498
549
612
592
533
451
276
91
0
0
0
0
0
0
0
0
0
0
0
0
0
14
211
399
540
642
679
655
568
440
271
92
0
0
0
0
0
0
0
0
0
0
0
0
0
16
225
425
589
701
748
727
643
502
313
112
0
0
0
0
0
0
0
0
0
0
0
0
0
15
207
386
539
636
668
657
590
467
294
105
0
0
0
0
0
0
0
0
0
0
0
0
0
10
191
340
474
553
638
649
597
448
266
89
0
0
0
0
0
0
0
0
0
0
0
0
0
18
216
400
549
651
693
676
598
467
296
109
0
0
0
0
0
0
0
0
0
0
0
0
0
16
194
357
485
558
619
576
554
409
250
93
0
0
0
0
0
0
0
0
0
0
0
0
0
43
113
79
116
614
283
490
375
355
111
36
0
0
0
0
0
0
0
0
0
0
0
0
0
16
177
319
427
524
561
543
480
380
245
90
0
0
0
0
0
0
0
0
0
0
0
0
0
24
241
442
605
719
756
727
642
502
314
120
1
0
0
0
0
0
0
0
0
0
0
0
0
24
234
420
582
679
713
698
611
475
302
116
1
0
0
0
0
0
0
0
0
0
0
0
0
6
24
144
77
69
82
284
510
632
373
158
1
0
0
0
0
0
0
0
0
0
0
0
0
6
140
57
389
613
453
455
217
244
48
26
1
0
0
0
0
0
0
0
0
0
0
0
0
21
190
332
448
503
541
541
483
388
234
89
1
0
0
0
0
0
0
0
0
0
0
0
0
33
226
397
507
591
621
622
530
427
281
120
1
0
0
0
0
0
0
0
0
0
0
0
0
36
273
478
648
759
809
785
693
545
350
140
1
0
0
0
0
0
0
0
0
0
0
0
0
23
80
409
737
790
918
518
226
85
29
12
1
0
0
0
0
0
0
0
0
0
0
0
0
88
304
524
701
818
868
844
750
592
386
160
2
0
0
0
0
0
0
0
0
0
0
0
0
89
299
510
685
799
849
822
731
577
376
156
2
0
0
0
0
0
0
0
0
0
0
0
0
91
296
502
668
778
824
801
711
560
363
151
2
0
0
0
0
0
0
0
0
0
0
0
0
91
293
501
664
775
826
804
719
573
381
165
4
0
0
0
0
0
0
0
0
0
0
0
0
75
272
406
478
550
614
603
610
418
341
156
1
0
0
0
0
0
0
0
0
0
0
0
0
110
336
555
730
846
893
867
767
607
400
173
2
0
0
0
0
0
0
0
0
0
0
0
0
116
344
561
737
849
892
865
765
604
397
171
2
0
0
0
0
0
0
0
0
0
0
0
0
106
309
506
665
769
806
790
710
564
379
172
5
0
0
0
0
0
0
0
0
0
0
0
0
83
237
353
493
573
580
537
474
365
236
104
2
0
0
0
0
0
0
0
0
0
0
0
0
98
288
464
593
661
683
693
609
488
338
149
5
0
0
0
0
0
0
0
0
0
0
0
0
123
337
538
697
804
848
820
732
585
394
179
4
0
0
0
0
0
0
0
0
0
0
0
1
121
324
523
673
774
816
806
720
575
387
175
6
0
0
0
0
0
0
0
0
0
0
0
1
128
342
550
715
826
873
845
754
604
407
186
6
0
0
0
0
0
0
0
0
0
0
0
1
98
263
416
539
618
653
638
577
456
309
149
6
0
0
0
0
0
0
0
0
0
0
0
1
127
320
510
665
764
801
777
695
563
373
177
7
0
0
0
0
0
0
0
0
0
0
0
1
125
322
516
662
744
771
760
671
541
373
179
6
0
0
0
0
0
0
0
0
0
0
0
2
154
385
601
773
883
926
897
803
641
433
204
7
0
0
0
0
0
0
0
0
0
0
0
2
146
355
552
712
822
860
835
745
598
405
194
8
0
0
0
0
0
0
0
0
0
0
0
2
155
372
575
738
844
888
863
767
619
423
204
9
0
0
0
0
0
0
0
0
0
0
0
3
166
393
610
780
888
930
903
804
645
441
212
9
0
0
0
0
0
0
0
0
0
0
0
4
182
420
641
815
924
965
932
833
670
456
220
9
0
0
0
0
0
0
0
0
0
0
0
3
160
372
573
732
838
875
852
767
620
429
209
12
0
0
0
0
0
0
0
0
0
0
0
4
203
459
715
835
540
533
550
494
426
253
97
8
0
0
0
0
0
0
0
0
0
0
0
5
195
451
685
848
468
546
512
419
319
216
102
3
0
0
0
0
0
0
0
0
0
0
0
2
118
230
382
454
567
625
616
540
416
251
130
9
0
0
0
0
0
0
0
0
0
0
0
2
123
257
362
328
534
722
710
584
506
411
215
16
0
0
0
0
0
0
0
0
0
0
0
4
78
109
271
403
437
420
428
425
260
111
18
4
0
0
0
0
0
0
0
0
0
0
0
8
187
400
591
746
844
879
845
754
602
413
205
11
0
0
0
0
0
0
0
0
0
0
0
8
198
412
611
766
862
902
870
778
629
434
219
13
0
0
0
0
0
0
0
0
0
0
0
10
217
451
662
826
928
960
923
822
662
455
228
12
0
0
0
0
0
0
0
0
0
0
0
8
179
375
550
695
788
822
802
722
574
400
210
14
0
0
0
0
0
0
0
0
0
0
0
15
244
497
733
923
542
546
503
427
342
239
127
9
0
0
0
0
0
0
0
0
0
0
0
20
277
500
722
923
522
537
485
465
365
259
112
4
0
0
0
0
0
0
0
0
0
0
0
13
210
406
591
725
808
829
804
724
591
413
211
18
0
0
0
0
0
0
0
0
0
0
0
16
221
437
631
781
877
913
880
785
636
444
228
17
0
0
0
0
0
0
0
0
0
0
0
19
254
497
714
881
985
1014
978
871
697
479
242
14
0
0
0
0
0
0
0
0
0
0
0
17
214
411
595
740
836
868
843
759
622
433
224
19
0
0
0
0
0
0
0
0
0
0
0
22
260
494
706
867
966
997
958
855
692
483
252
19
0
0
0
0
0
0
0
0
0
0
0
29
226
460
576
707
688
655
656
531
382
333
189
9
0
0
0
0
0
0
0
0
0
0
0
21
200
356
528
683
757
778
771
717
602
425
210
22
0
0
0
0
0
0
0
0
0
0
0
21
273
521
715
876
587
627
574
576
433
304
190
40
0
0
0
0
0
0
0
0
0
0
0
28
256
469
664
810
899
930
902
804
655
464
246
24
0
0
0
0
0
0
0
0
0
0
0
29
260
481
679
831
928
962
924
828
673
476
255
26
0
0
0
0
0
0
0
0
0
0
0
38
308
576
809
944
575
620
537
471
404
285
127
5
0
0
0
0
0
0
0
0
0
0
0
48
262
331
498
740
847
633
648
348
356
184
139
37
0
0
0
0
0
0
0
0
0
0
0
37
284
512
709
861
951
974
938
841
686
484
258
26
0
0
0
0
0
0
0
0
0
0
0
82
299
537
746
906
1006
1039
1002
895
730
519
282
32
0
0
0
0
0
0
0
0
0
0
0
78
278
496
694
841
935
966
931
834
681
485
262
31
0
0
0
0
0
0
0
0
0
0
0
89
307
544
752
913
1009
1038
997
891
723
513
277
30
0
0
0
0
0
0
0
0
0
0
0
81
277
493
686
835
927
959
933
841
695
496
273
39
0
0
0
0
0
0
0
0
0
0
0
85
283
497
689
834
932
960
927
831
681
484
266
35
0
0
0
0
0
0
0
0
0
0
0
86
281
487
664
805
888
920
890
799
664
474
259
33
0
0
0
0
0
0
0
0
0
0
0
90
288
502
688
828
918
949
920
817
669
480
268
36
0
0
0
0
0
0
0
0
0
0
0
102
316
543
744
892
981
1008
972
867
711
508
283
79
0
0
0
0
0
0
0
0
0
0
0
46
302
112
121
73
554
414
495
820
723
358
318
49
0
0
0
0
0
0
0
0
0
0
0
30
281
410
467
412
269
405
581
377
298
323
267
92
0
0
0
0
0
0
0
0
0
0
1
84
241
421
477
636
677
946
744
690
350
280
174
57
0
0
0
0
0
0
0
0
0
0
0
90
263
450
627
765
858
879
840
768
646
463
267
82
0
0
0
0
0
0
0
0
0
0
0
105
307
515
694
834
919
941
907
817
664
474
268
80
0
0
0
0
0
0
0
0
0
0
0
108
311
523
708
856
950
980
943
838
691
499
282
86
0
0
0
0
0
0
0
0
0
0
1
111
315
528
716
861
946
972
939
850
697
505
289
89
0
0
0
0
0
0
0
0
0
0
1
118
324
540
723
857
937
961
929
842
694
499
285
88
0
0
0
0
0
0
0
0
0
0
1
112
288
456
651
770
827
853
754
715
604
440
247
80
0
0
0
0
0
0
0
0
0
0
1
49
140
239
309
450
520
563
557
677
551
431
326
93
1
0
0
0
0
0
0
0
0
0
1
133
355
580
775
924
1012
1037
998
894
736
533
307
98
0
0
0
0
0
0
0
0
0
0
1
139
367
602
805
957
1050
1077
1032
924
756
543
308
97
0
0
0
0
0
0
0
0
0
0
2
134
353
580
779
930
1022
1049
1010
907
747
541
312
102
0
0
0
0
0
0
0
0
0
0
1
126
327
541
725
862
937
957
921
836
693
506
296
100
0
0
0
0
0
0
0
0
0
0
1
92
264
440
613
720
800
811
802
760
644
502
267
92
0
0
0
0
0
0
0
0
0
0
2
116
296
484
646
763
840
863
829
740
611
444
260
87
0
0
0
0
0
0
0
0
0
0
2
127
316
510
676
803
880
903
871
783
649
472
277
95
0
0
0
0
0
0
0
0
0
0
3
149
413
384
488
260
132
301
609
426
453
588
302
88
2
0
0
0
0
0
0
0
0
0
2
116
285
462
618
735
806
824
799
717
592
434
256
89
0
0
0
0
0
0
0
0
0
0
3
144
356
576
765
906
993
1017
978
879
724
528
310
108
0
0
0
0
0
0
0
0
0
0
3
138
342
554
732
866
942
959
933
839
695
505
299
107
1
0
0
0
0
0
0
0
0
0
3
141
346
550
725
853
933
962
935
854
707
521
310
111
1
0
0
0
0
0
0
0
0
0
3
141
340
544
723
863
952
975
943
863
719
529
321
119
1
0
0
0
0
0
0
0
0
0
3
106
237
369
484
589
625
677
637
605
482
352
214
74
1
0
0
0
0
0
0
0
0
0
4
161
377
590
772
909
992
1014
973
876
727
538
327
121
1
0
0
0
0
0
0
0
0
0
4
156
367
581
767
911
990
1015
986
892
742
553
334
127
1
0
0
0
0
0
0
0
0
0
5
164
387
612
806
953
1042
1070
1031
930
772
570
343
129
1
0
0
0
0
0
0
0
0
0
5
160
371
586
770
907
988
1014
967
866
720
531
321
120
1
0
0
0
0
0
0
0
0
0
2
86
186
293
375
459
469
497
473
447
414
324
198
75
1
0
0
0
0
0
0
0
0
0
5
163
375
584
760
896
978
1003
964
869
723
538
324
123
1
0
0
0
0
0
0
0
0
0
5
171
385
596
781
916
998
1023
981
887
740
549
336
131
1
0
0
0
0
0
0
0
0
0
5
139
273
434
604
777
808
833
761
757
661
511
313
121
2
0
0
0
0
0
0
0
0
0
5
147
332
523
673
802
876
876
851
796
653
474
298
119
2
0
0
0
0
0
0
0
0
0
6
65
127
290
247
263
380
232
437
631
480
437
337
158
5
0
0
0
0
0
0
0
0
0
6
158
358
567
749
884
968
998
962
875
738
553
343
138
3
0
0
0
0
0
0
0
0
0
6
169
383
597
785
926
1013
1043
1008
913
762
572
355
145
3
0
0
0
0
0
0
0
0
0
5
133
306
470
622
737
795
823
779
702
581
432
263
105
1
0
0
0
0
0
0
0
0
0
6
164
376
589
774
919
1003
1031
1002
913
768
579
364
151
4
0
0
0
0
0
0
0
0
0
7
172
385
601
786
927
1013
1035
999
906
755
563
348
140
2
0
0
0
0
0
0
0
0
0
6
164
364
565
741
873
953
972
940
854
709
531
329
134
2
0
0
0
0
0
0
0
0
0
7
159
358
559
737
870
962
994
963
883
746
562
356
150
5
0
0
0
0
0
0
0
0
0
7
167
378
590
776
917
1003
1027
993
904
753
564
351
145
3
0
0
0
0
0
0
0
0
0
7
160
361
560
737
868
952
976
941
857
718
537
334
138
3
0
0
0
0
0
0
0
0
0
7
172
380
589
769
898
983
1007
972
880
736
551
345
143
3
0
0
0
0
0
0
0
0
0
7
174
387
599
785
924
1012
1031
995
897
752
561
349
144
2
0
0
0
0
0
0
0
0
0
6
134
306
468
629
740
801
893
821
732
617
490
320
138
4
0
0
0
0
0
0
0
0
0
7
167
378
591
778
919
1003
1029
996
903
756
568
358
152
4
0
0
0
0
0
0
0
0
0
7
163
364
569
746
884
970
994
959
876
736
557
354
154
5
0
0
0
0
0
0
0
0
0
7
166
371
577
756
894
979
1009
981
892
751
573
366
160
6
0
0
0
0
0
0
0
0
0
7
168
375
581
762
899
984
1011
984
899
758
577
368
161
6
0
0
0
0
0
0
0
0
0
7
162
364
566
741
878
959
988
958
872
738
561
356
155
5
0
0
0
0
0
0
0
0
0
7
162
367
569
748
881
960
985
957
875
739
559
353
152
5
0
0
0
0
0
0
0
0
0
7
161
361
563
739
874
963
997
978
891
757
578
374
167
8
0
0
0
0
0
0
0
0
0
6
154
346
542
716
853
936
965
934
851
717
543
343
148
5
0
0
0
0
0
0
0
0
0
7
165
374
587
774
917
1002
1027
991
899
756
566
356
153
5
0
0
0
0
0
0
0
0
0
4
138
315
470
649
753
827
849
831
784
671
514
332
157
9
0
0
0
0
0
0
0
0
0
6
161
369
579
766
908
1001
1031
1002
915
768
581
370
161
6
0
0
0
0
0
0
0
0
0
6
145
322
503
617
770
848
901
866
775
666
478
300
130
3
0
0
0
0
0
0
0
0
0
6
140
310
480
642
770
866
882
835
788
651
489
316
136
5
0
0
0
0
0
0
0
0
0
6
150
343
542
714
851
939
965
935
850
712
536
339
147
4
0
0
0
0
0
0
0
0
0
6
168
386
606
796
940
1030
1058
1025
930
777
584
369
159
4
0
0
0
0
0
0
0
0
0
5
138
311
482
624
733
825
854
854
803
687
534
341
153
8
0
0
0
0
0
0
0
0
0
5
154
357
568
751
891
984
1015
991
904
764
580
375
167
8
0
0
0
0
0
0
0
0
0
6
154
352
555
731
862
944
969
943
863
730
556
353
154
6
0
0
0
0
0
0
0
0
0
5
154
359
568
752
894
974
1006
973
882
740
558
354
153
5
0
0
0
0
0
0
0
0
0
5
137
319
507
688
827
910
939
926
840
713
543
350
157
8
0
0
0
0
0
0
0
0
0
5
140
333
531
711
851
940
975
955
881
746
571
369
167
9
0
0
0
0
0
0
0
0
0
5
148
344
546
727
865
951
987
955
877
735
555
351
154
6
0
0
0
0
0
0
0
0
0
5
146
346
553
740
878
968
996
967
881
739
556
353
152
5
0
0
0
0
0
0
0
0
0
4
138
330
527
710
845
924
963
938
846
707
536
338
147
5
0
0
0
0
0
0
0
0
0
4
148
353
564
752
896
988
1022
990
899
760
578
365
159
6
0
0
0
0
0
0
0
0
0
4
150
358
567
753
900
989
1022
996
909
773
593
383
172
8
0
0
0
0
0
0
0
0
0
4
154
364
579
766
910
999
1032
1004
913
771
586
377
166
5
0
0
0
0
0
0
0
0
0
4
142
339
527
702
829
924
954
926
835
704
541
350
153
6
0
0
0
0
0
0
0
0
0
3
141
344
553
737
880
965
991
958
873
733
552
349
148
3
0
0
0
0
0
0
0
0
0
3
145
354
569
761
906
1000
1031
996
911
767
579
366
158
5
0
0
0
0
0
0
0
0
0
3
141
347
563
753
902
996
1029
999
909
766
582
372
163
6
0
0
0
0
0
0
0
0
0
3
136
338
551
738
884
980
1018
997
908
772
583
371
162
7
0
0
0
0
0
0
0
0
0
3
134
332
537
724
867
962
994
974
889
758
575
364
161
6
0
0
0
0
0
0
0
0
0
3
132
332
541
732
885
977
1015
983
900
764
576
368
160
6
0
0
0
0
0
0
0
0
0
2
131
332
545
739
886
985
1018
991
913
778
587
372
161
6
0
0
0
0
0
0
0
0
0
2
134
344
565
763
913
1008
1042
1012
922
771
582
363
151
4
0
0
0
0
0
0
0
0
0
2
131
335
555
746
895
988
1021
994
905
761
570
355
149
4
0
0
0
0
0
0
0
0
0
2
125
322
531
714
863
959
986
972
881
739
559
353
151
5
0
0
0
0
0
0
0
0
0
2
115
302
501
677
821
924
956
949
870
739
560
351
150
6
0
0
0
0
0
0
0
0
0
2
125
330
549
745
897
991
1023
987
904
756
569
354
147
4
0
0
0
0
0
0
0
0
0
2
121
317
523
709
849
938
977
958
874
737
557
350
148
4
0
0
0
0
0
0
0
0
0
1
122
321
528
710
853
941
976
950
864
728
549
343
143
3
0
0
0
0
0
0
0
0
0
1
122
326
539
730
875
968
1001
977
891
752
567
358
150
4
0
0
0
0
0
0
0
0
0
1
118
317
530
715
862
958
989
963
876
741
554
348
144
3
0
0
0
0
0
0
0
0
0
1
121
327
549
745
895
986
1022
991
900
752
560
346
138
2
0
0
0
0
0
0
0
0
0
1
109
302
513
693
833
926
959
927
841
703
525
325
131
2
0
0
0
0
0
0
0
0
0
1
110
309
520
711
865
960
999
967
884
740
554
343
139
3
0
0
0
0
0
0
0
0
0
1
113
317
538
732
886
984
1019
996
905
758
567
348
139
3
0
0
0
0
0
0
0
0
0
1
111
315
537
736
891
991
1031
1007
921
776
585
365
145
4
0
0
0
0
0
0
0
0
0
1
110
313
534
732
885
984
1019
994
904
759
565
347
137
2
0
0
0
0
0
0
0
0
0
1
111
317
540
737
894
995
1028
1003
914
771
576
355
140
2
0
0
0
0
0
0
0
0
0
1
111
321
546
747
905
1006
1044
1018
926
777
579
353
138
2
0
0
0
0
0
0
0
0
0
0
99
287
490
698
849
946
987
937
821
694
506
306
109
1
0
0
0
0
0
0
0
0
0
0
103
304
523
718
870
972
1002
978
897
751
561
344
133
2
0
0
0
0
0
0
0
0
0
0
103
305
526
723
877
971
1006
978
885
740
550
331
125
1
0
0
0
0
0
0
0
0
0
0
102
308
532
730
886
982
1019
986
894
744
551
332
123
1
0
0
0
0
0
0
0
0
0
0
94
287
494
674
823
909
943
911
824
683
509
307
115
1
0
0
0
0
0
0
0
0
0
0
95
295
515
710
863
962
996
967
875
724
533
316
112
1
0
0
0
0
0
0
0
0
0
0
99
307
534
723
884
980
1018
1015
919
779
575
345
127
2
0
0
0
0
0
0
0
0
0
0
94
296
520
721
879
976
1014
983
891
743
548
325
115
1
0
0
0
0
0
0
0
0
0
0
93
295
519
719
875
977
1012
978
882
735
545
323
114
1
0
0
0
0
0
0
0
0
0
0
84
272
476
661
813
909
943
915
830
693
505
296
103
0
0
0
0
0
0
0
0
0
0
0
88
290
512
715
873
979
1013
987
897
744
543
318
109
0
0
0
0
0
0
0
0
0
0
0
79
257
445
628
764
876
915
884
794
651
492
286
97
0
0
0
0
0
0
0
0
0
0
0
80
267
474
669
822
920
951
923
830
688
503
296
99
0
0
0
0
0
0
0
0
0
0
0
78
261
466
648
780
873
913
888
813
674
491
281
92
0
0
0
0
0
0
0
0
0
0
0
87
293
523
730
887
986
1019
985
887
724
520
294
91
0
0
0
0
0
0
0
0
0
0
0
85
289
516
721
879
978
1011
976
880
725
526
300
94
0
0
0
0
0
0
0
0
0
0
0
86
294
525
730
888
985
1017
987
888
728
527
300
93
0
0
0
0
0
0
0
0
0
0
0
83
293
527
738
900
997
1027
985
885
722
515
288
85
0
0
0
0
0
0
0
0
0
0
0
71
248
452
633
778
872
903
854
766
614
450
255
77
0
0
0
0
0
0
0
0
0
0
0
65
230
429
592
727
773
824
843
710
569
394
217
52
0
0
0
0
0
0
0
0
0
0
0
73
272
499
702
861
961
998
969
875
719
513
286
83
0
0
0
0
0
0
0
0
0
0
0
61
230
419
591
704
816
829
810
710
597
443
235
63
0
0
0
0
0
0
0
0
0
0
0
29
224
383
573
701
780
799
803
773
617
453
249
70
0
0
0
0
0
0
0
0
0
0
0
34
265
489
692
846
942
970
936
838
685
488
267
34
0
0
0
0
0
0
0
0
0
0
0
32
254
468
658
809
900
929
898
807
656
465
254
31
0
0
0
0
0
0
0
0
0
0
0
32
262
487
686
841
938
964
929
834
679
478
256
28
0
0
0
0
0
0
0
0
0
0
0
27
222
424
584
720
825
880
840
737
588
430
228
29
0
0
0
0
0
0
0
0
0
0
0
28
242
449
635
788
889
909
882
788
640
453
241
27
0
0
0
0
0
0
0
0
0
0
0
28
253
466
656
802
902
934
899
803
654
456
237
23
0
0
0
0
0
0
0
0
0
0
0
25
224
416
595
735
806
829
814
749
585
428
218
22
0
0
0
0
0
0
0
0
0
0
0
24
223
402
577
711
814
830
795
709
591
426
224
24
0
0
0
0
0
0
0
0
0
0
0
25
242
457
645
791
885
919
893
792
645
449
231
20
0
0
0
0
0
0
0
0
0
0
0
22
220
422
606
749
841
872
847
746
611
427
218
19
0
0
0
0
0
0
0
0
0
0
0
22
221
421
594
748
840
868
844
748
603
418
208
15
0
0
0
0
0
0
0
0
0
0
0
7
124
227
376
426
640
676
741
628
589
429
248
35
0
0
0
0
0
0
0
0
0
0
0
22
233
445
636
779
876
899
871
773
621
431
217
15
0
0
0
0
0
0
0
0
0
0
0
23
258
491
701
857
950
977
934
819
650
440
212
10
0
0
0
0
0
0
0
0
0
0
0
16
173
333
456
569
637
630
584
530
402
215
111
3
0
0
0
0
0
0
0
0
0
0
0
28
266
457
657
907
557
457
543
514
452
320
158
7
0
0
0
0
0
0
0
0
0
0
0
18
242
519
726
913
611
621
597
403
345
281
105
3
0
0
0
0
0
0
0
0
0
0
0
17
211
412
590
728
806
788
770
672
538
363
171
7
0
0
0
0
0
0
0
0
0
0
0
8
96
196
293
344
428
425
354
305
234
155
67
2
0
0
0
0
0
0
0
0
0
0
0
15
207
404
586
741
815
840
782
693
547
372
176
8
0
0
0
0
0
0
0
0
0
0
0
13
186
347
519
674
732
780
761
639
476
308
137
2
0
0
0
0
0
0
0
0
0
0
0
13
157
325
493
504
509
688
633
665
607
455
214
18
0
0
0
0
0
0
0
0
0
0
0
15
222
440
634
784
874
902
858
758
598
393
177
5
0
0
0
0
0
0
0
0
0
0
0
15
219
436
627
775
865
894
855
754
599
395
177
5
0
0
0
0
0
0
0
0
0
0
0
14
213
426
618
766
856
882
839
735
577
376
164
4
0
0
0
0
0
0
0
0
0
0
0
14
224
445
644
796
889
914
876
771
608
400
173
4
0
0
0
0
0
0
0
0
0
0
0
14
233
463
667
819
909
933
884
771
600
387
162
2
0
0
0
0
0
0
0
0
0
0
0
13
224
450
650
802
891
916
873
761
591
380
156
2
0
0
0
0
0
0
0
0
0
0
0
13
226
457
664
817
909
930
883
770
598
381
155
2
0
0
0
0
0
0
0
0
0
0
0
12
220
443
640
786
873
892
844
733
566
356
141
1
0
0
0
0
0
0
0
0
0
0
0
8
148
298
409
518
569
623
546
434
334
224
88
1
0
0
0
0
0
0
0
0
0
0
0
10
210
430
628
776
863
883
838
727
561
351
135
1
0
0
0
0
0
0
0
0
0
0
0
11
218
446
651
804
896
919
869
750
578
362
138
1
0
0
0
0
0
0
0
0
0
0
0
9
188
395
585
728
816
836
792
690
532
333
122
1
0
0
0
0
0
0
0
0
0
0
0
9
195
410
604
749
835
857
807
696
532
329
120
1
0
0
0
0
0
0
0
0
0
0
0
8
185
389
575
714
795
813
770
665
506
310
110
0
0
0
0
0
0
0
0
0
0
0
0
7
188
400
589
731
819
832
791
689
528
325
115
0
0
0
0
0
0
0
0
0
0
0
0
24
81
202
260
475
619
410
386
457
284
94
89
0
0
0
0
0
0
0
0
0
0
0
0
7
155
319
452
519
583
602
498
618
443
291
87
0
0
0
0
0
0
0
0
0
0
0
0
7
186
398
592
740
822
842
792
678
513
308
101
0
0
0
0
0
0
0
0
0
0
0
0
6
181
391
580
722
803
826
777
664
499
297
94
0
0
0
0
0
0
0
0
0
0
0
0
4
152
342
522
640
736
721
670
536
411
246
71
0
0
0
0
0
0
0
0
0
0
0
0
11
97
406
691
732
459
202
67
217
241
94
64
0
0
0
0
0
0
0
0
0
0
0
0
2
88
226
340
421
322
392
319
298
171
27
26
0
0
0
0
0
0
0
0
0
0
0
0
4
166
363
543
684
760
769
717
604
448
262
75
0
0
0
0
0
0
0
0
0
0
0
0
4
160
358
525
668
738
755
715
600
449
254
34
0
0
0
0
0
0
0
0
0
0
0
0
4
181
405
606
756
843
859
803
681
502
284
35
0
0
0
0
0
0
0
0
0
0
0
0
5
167
348
528
629
689
638
609
500
404
241
32
0
0
0
0
0
0
0
0
0
0
0
0
3
149
345
527
664
758
772
720
610
447
251
32
0
0
0
0
0
0
0
0
0
0
0
0
3
168
388
587
735
818
832
773
650
472
262
26
0
0
0
0
0
0
0
0
0
0
0
0
3
167
387
588
737
824
838
783
665
484
267
28
0
0
0
0
0
0
0
0
0
0
0
0
3
137
327
500
626
701
717
667
561
421
237
27
0
0
0
0
0
0
0
0
0
0
0
0
2
112
279
432
500
583
594
521
422
285
161
5
0
0
0
0
0
0
0
0
0
0
0
0
1
88
204
342
424
485
479
459
391
287
159
18
0
0
0
0
0
0
0
0
0
0
0
0
2
149
361
555
701
784
800
746
626
451
241
21
0
0
0
0
0
0
0
0
0
0
0
0
1
125
296
473
589
648
644
634
551
403
214
17
0
0
0
0
0
0
0
0
0
0
0
0
2
133
331
515
652
733
748
693
575
411
215
17
0
0
0
0
0
0
0
0
0
0
0
0
2
139
346
532
674
755
771
714
595
424
220
15
0
0
0
0
0
0
0
0
0
0
0
0
1
142
356
550
696
777
791
733
609
433
223
14
0
0
0
0
0
0
0
0
0
0
0
0
1
117
305
478
602
678
670
630
523
372
186
11
0
0
0
0
0
0
0
0
0
0
0
0
1
113
294
453
576
660
693
638
544
394
196
13
0
0
0
0
0
0
0
0
0
0
0
0
1
132
342
533
676
756
769
707
586
416
208
10
0
0
0
0
0
0
0
0
0
0
0
0
1
130
341
532
675
757
770
711
589
414
207
10
0
0
0
0
0
0
0
0
0
0
0
0
0
84
231
365
473
525
540
501
409
289
141
7
0
0
0
0
0
0
0
0
0
0
0
0
0
113
300
482
610
676
687
634
529
371
180
8
0
0
0
0
0
0
0
0
0
0
0
0
1
102
281
439
575
633
642
579
481
339
164
8
0
0
0
0
0
0
0
0
0
0
0
0
0
101
265
427
552
604
637
582
512
353
175
11
0
0
0
0
0
0
0
0
0
0
0
0
0
107
297
481
614
690
706
652
533
376
179
7
0
0
0
0
0
0
0
0
0
0
0
0
0
100
280
458
592
662
675
622
511
356
167
6
0
0
0
0
0
0
0
0
0
0
0
0
0
96
264
437
577
635
648
589
483
324
150
3
0
0
0
0
0
0
0
0
0
0
0
0
0
95
273
444
571
651
669
622
512
352
168
6
0
0
0
0
0
0
0
0
0
0
0
0
0
102
300
488
628
710
720
662
541
371
172
4
0
0
0
0
0
0
0
0
0
0
0
0
0
46
140
217
308
362
344
288
220
144
51
2
0
0
0
0
0
0
0
0
0
0
0
0
0
44
25
100
309
409
350
531
304
291
84
16
0
0
0
0
0
0
0
0
0
0
0
0
0
66
202
339
433
482
479
448
395
257
110
1
0
0
0
0
0
0
0
0
0
0
0
0
0
92
287
477
624
708
722
666
545
368
166
4
0
0
0
0
0
0
0
0
0
0
0
0
0
87
276
462
600
677
691
636
520
353
158
3
0
0
0
0
0
0
0
0
0
0
0
0
0
81
262
433
560
635
649
605
496
337
151
3
0
0
0
0
0
0
0
0
0
0
0
0
0
74
250
416
546
617
631
590
488
330
144
3
0
0
0
0
0
0
0
0
0
0
0
0
0
80
271
454
593
673
688
633
515
348
152
2
0
0
0
0
0
0
0
0
0
0
0
0
0
36
223
388
526
605
615
542
426
293
130
2
0
0
0
0
0
0
0
0
0
0
0
0
0
7
48
40
112
495
414
493
426
325
177
10
0
0
0
0
0
0
0
0
0
0
0
0
0
35
257
440
581
662
678
628
513
349
153
3
0
0
0
0
0
0
0
0
0
0
0
0
0
33
257
438
575
653
664
612
500
335
145
2
0
0
0
0
0
0
0
0
0
0
0
0
0
21
118
185
323
380
451
618
545
389
167
4
0
0
0
0
0
0
0
0
0
0
0
0
0
29
240
418
550
619
632
575
465
308
128
1
0
0
0
0
0
0
0
0
0
0
0
0
0
22
183
313
418
488
518
479
349
239
100
1
0
0
0
0
0
0
0
0
0
0
0
0
0
17
132
228
326
351
377
349
275
172
73
1
0
0
0
0
0
0
0
0
0
0
0
0
0
18
139
236
324
357
364
337
273
178
74
1
0
0
0
0
0
0
0
0
0
0
0
0
0
22
222
399
527
605
617
565
456
298
121
1
0
0
0
0
0
0
0
0
0
0
0
0
0
21
225
399
534
614
625
573
465
307
126
1
0
0
0
0
0
0
0
0
0
0
0
0
0
21
221
397
532
610
628
583
474
317
132
1
0
0
0
0
0
0
0
0
0
0
0
0
0
19
214
386
515
587
603
563
460
306
129
1
0
0
0
0
0
0
0
0
0
0
0
0
0
19
227
410
549
632
650
603
495
332
139
1
0
0
0
0
0
0
0
0
0
0
0
0
0
16
203
375
504
580
591
547
443
294
125
1
0
0
0
0
0
0
0
0
0
0
0
0
0
13
185
344
474
538
547
502
426
290
121
1
0
0
0
0
0
0
0
0
0
0
0
0
0
16
213
397
539
623
642
594
482
319
129
1
0
0
0
0
0
0
0
0
0
0
0
0
0
15
212
397
540
624
644
597
483
320
130
1
0
0
0
0
0
0
0
0
0
0
0
0
0
13
188
349
468
547
568
526
428
289
116
1
0
0
0
0
0
0
0
0
0
0
0
0
0
10
160
305
425
480
479
449
376
253
100
1
0
0
0
0
0
0
0
0
0
0
0
0
0
19
131
229
428
351
262
121
330
184
147
6
0
0
0
0
0
0
0
0
0
0
0
0
0
11
196
383
530
620
644
595
484
321
131
1
0
0
0
0
0
0
0
0
0
0
0
0
0
9
164
317
435
507
521
480
389
255
104
1
0
0
0
0
0
0
0
0
0
0
0
0
0
8
170
317
436
510
541
512
420
274
109
1
0
0
0
0
0
0
0
0
0
0
0
0
0
7
131
255
352
394
407
362
311
195
76
1
0
0
0
0
0
0
0
0
0
0
0
0
0
8
163
313
429
512
529
500
407
259
112
1
0
0
0
0
0
0
0
0
0
0
0
0
0
18
125
228
297
338
361
307
252
126
12
1
0
0
0
0
0
0
0
0
0
0
0
0
0
6
137
282
392
478
492
452
384
247
100
1
0
0
0
0
0
0
0
0
0
0
0
0
0
5
153
306
432
498
520
484
387
251
103
1
0
0
0
0
0
0
0
0
0
0
0
0
0
6
154
315
444
526
561
513
412
259
104
1
0
0
0
0
0
0
0
0
0
0
0
0
0
6
161
330
470
551
578
532
436
295
122
1
0
0
0
0
0
0
0
0
0
0
0
0
0
4
129
248
346
419
448
468
437
264
106
1
0
0
0
0
0
0
0
0
0
0
0
0
0
2
14
28
42
50
50
395
328
219
87
1
0
0
0
0
0
0
0
0
0
0
0
0
0
4
121
249
351
407
419
376
312
198
82
1
0
0
0
0
0
0
0
0
0
0
0
0
0
5
167
349
496
589
617
576
471
314
130
1
0
0
0
0
0
0
0
0
0
0
0
0
0
4
150
319
459
541
568
527
431
286
121
1
0
0
0
0
0
0
0
0
0
0
0
0
0
4
156
332
475
560
590
548
449
300
125
1
0
0
0
0
0
0
0
0
0
0
0
0
0
4
159
339
485
578
606
565
465
312
132
2
0
0
0
0
0
0
0
0
0
0
0
0
0
4
155
333
477
566
594
554
452
303
128
1
0
0
0
0
0
0
0
0
0
0
0
0
0
4
154
329
472
562
592
559
462
309
132
2
0
0
0
0
0
0
0
0
0
0
0
0
0
4
155
332
477
570
598
562
466
316
137
2
0
0
0
0
0
0
0
0
0
0
0
0
0
4
135
293
415
513
518
503
422
284
120
2
0
0
0
0
0
0
0
0
0
0
0
0
0
3
145
318
464
556
582
542
449
301
129
1
0
0
0
0
0
0
0
0
0
0
0
0
0
3
152
334
486
582
613
578
479
326
143
2
0
0
0
0
0
0
0
0
0
0
0
0
0
3
153
335
484
578
608
572
473
323
142
2
0
0
0
0
0
0
0
0
0
0
0
0
0
2
121
273
398
463
484
452
375
252
109
1
0
0
0
0
0
0
0
0
0
0
0
0
0
3
142
321
474
575
605
574
477
329
148
3
0
0
0
0
0
0
0
0
0
0
0
0
0
2
111
245
398
468
521
505
437
294
131
3
0
0
0
0
0
0
0
0
0
0
0
0
0
1
100
205
268
204
224
132
174
109
34
1
0
0
0
0
0
0