0
0
0
0
0
0
0
2
131
312
472
588
632
608
521
378
199
14
0
0
0
0
0
0
0
0
0
0
0
0
0
2
135
323
485
596
643
622
536
394
212
16
0
0
0
0
0
0
0
0
0
0
0
0
0
1
137
330
498
617
665
648
559
413
223
18
0
0
0
0
0
0
0
0
0
0
0
0
0
1
129
305
463
572
612
589
528
397
216
19
0
0
0
0
0
0
0
0
0
0
0
0
0
1
104
266
406
421
493
460
465
320
161
9
0
0
0
0
0
0
0
0
0
0
0
0
0
1
126
294
432
503
545
537
464
370
208
22
0
0
0
0
0
0
0
0
0
0
0
0
0
1
119
283
428
544
577
564
494
371
216
21
0
0
0
0
0
0
0
0
0
0
0
0
0
2
124
305
468
577
632
616
539
402
222
24
0
0
0
0
0
0
0
0
0
0
0
0
0
1
124
306
464
574
622
608
532
396
228
25
0
0
0
0
0
0
0
0
0
0
0
0
0
2
112
279
430
537
588
573
489
377
211
20
0
0
0
0
0
0
0
0
0
0
0
0
0
2
138
337
512
633
687
669
585
433
241
25
0
0
0
0
0
0
0
0
0
0
0
0
0
1
129
314
480
590
650
635
554
410
233
25
0
0
0
0
0
0
0
0
0
0
0
0
0
1
130
322
482
587
638
625
546
409
235
27
0
0
0
0
0
0
0
0
0
0
0
0
0
1
118
302
452
569
611
622
541
408
239
31
0
0
0
0
0
0
0
0
0
0
0
0
0
2
134
324
495
613
673
658
580
437
253
33
0
0
0
0
0
0
0
0
0
0
0
0
0
1
131
317
486
597
647
638
558
420
243
31
0
0
0
0
0
0
0
0
0
0
0
0
0
2
134
326
493
622
681
674
592
445
257
36
0
0
0
0
0
0
0
0
0
0
0
0
0
2
131
319
482
591
649
635
567
426
246
34
0
0
0
0
0
0
0
0
0
0
0
0
0
2
135
326
500
621
677
663
592
454
268
42
0
0
0
0
0
0
0
0
0
0
0
0
0
1
110
275
434
540
580
582
500
354
207
66
0
0
0
0
0
0
0
0
0
0
0
0
0
2
136
328
499
619
681
668
587
448
264
80
0
0
0
0
0
0
0
0
0
0
0
0
0
2
126
303
443
571
628
628
551
418
246
73
0
0
0
0
0
0
0
0
0
0
0
0
0
2
155
361
539
659
714
697
612
468
279
86
0
0
0
0
0
0
0
0
0
0
0
0
0
2
153
359
537
662
725
713
630
488
299
97
0
0
0
0
0
0
0
0
0
0
0
0
0
2
142
335
504
624
677
665
598
457
275
90
0
0
0
0
0
0
0
0
0
0
0
0
0
2
150
356
539
672
736
725
646
500
307
101
0
0
0
0
0
0
0
0
0
0
0
0
0
1
107
264
403
508
547
535
473
361
227
77
0
0
0
0
0
0
0
0
0
0
0
0
0
2
131
315
482
590
651
641
579
460
286
96
0
0
0
0
0
0
0
0
0
0
0
0
0
3
140
330
506
631
679
661
579
455
283
98
0
0
0
0
0
0
0
0
0
0
0
0
0
3
137
318
485
596
654
656
569
458
288
102
0
0
0
0
0
0
0
0
0
0
0
0
0
1
133
322
473
551
593
601
525
422
241
83
0
0
0
0
0
0
0
0
0
0
0
0
0
1
60
32
167
183
360
294
556
429
27
38
0
0
0
0
0
0
0
0
0
0
0
0
0
1
97
229
379
496
573
559
524
411
262
101
1
0
0
0
0
0
0
0
0
0
0
0
0
4
156
359
541
668
731
722
646
504
318
116
1
0
0
0
0
0
0
0
0
0
0
0
0
3
141
325
489
604
661
654
580
451
278
101
0
0
0
0
0
0
0
0
0
0
0
0
0
4
151
341
510
625
682
670
596
465
290
108
0
0
0
0
0
0
0
0
0
0
0
0
0
3
101
215
365
454
470
461
411
344
223
80
0
0
0
0
0
0
0
0
0
0
0
0
0
5
158
357
535
653
705
701
618
479
305
117
1
0
0
0
0
0
0
0
0
0
0
0
0
4
130
289
441
536
563
541
473
376
235
90
1
0
0
0
0
0
0
0
0
0
0
0
0
2
15
94
261
452
519
467
505
446
307
70
1
0
0
0
0
0
0
0
0
0
0
0
0
5
121
259
365
464
509
499
445
352
218
82
1
0
0
0
0
0
0
0
0
0
0
0
0
6
174
378
557
685
740
736
664
528
346
139
2
0
0
0
0
0
0
0
0
0
0
0
0
7
170
370
535
664
722
706
624
497
323
129
1
0
0
0
0
0
0
0
0
0
0
0
0
7
179
383
560
679
732
725
647
506
321
127
1
0
0
0
0
0
0
0
0
0
0
0
0
4
156
323
461
622
638
659
597
477
312
142
2
0
0
0
0
0
0
0
0
0
0
0
0
7
168
355
523
638
693
685
591
451
286
130
1
0
0
0
0
0
0
0
0
0
0
0
0
9
204
419
602
731
791
782
705
563
369
155
2
0
0
0
0
0
0
0
0
0
0
0
0
6
161
320
489
586
662
656
618
525
345
157
5
0
0
0
0
0
0
0
0
0
0
0
0
10
207
425
614
746
808
799
717
572
383
167
4
0
0
0
0
0
0
0
0
0
0
0
0
11
215
433
623
751
816
805
721
573
380
163
2
0
0
0
0
0
0
0
0
0
0
0
0
12
211
421
598
728
795
789
720
579
389
174
5
0
0
0
0
0
0
0
0
0
0
0
0
12
194
389
559
695
769
767
692
541
355
156
4
0
0
0
0
0
0
0
0
0
0
0
0
3
107
194
293
404
454
459
402
336
226
94
3
0
0
0
0
0
0
0
0
0
0
0
0
14
214
422
604
736
800
795
716
570
377
165
4
0
0
0
0
0
0
0
0
0
0
0
0
15
226
446
636
762
822
802
727
577
382
170
4
0
0
0
0
0
0
0
0
0
0
0
0
16
226
442
627
758
822
820
742
600
403
183
6
0
0
0
0
0
0
0
0
0
0
0
0
17
225
441
628
757
816
801
730
587
396
181
7
0
0
0
0
0
0
0
0
0
0
0
0
15
166
339
462
548
596
587
538
443
300
139
2
0
0
0
0
0
0
0
0
0
0
0
0
20
216
413
572
673
727
694
677
545
354
169
7
0
0
0
0
0
0
0
0
0
0
0
0
19
221
431
602
724
789
778
697
566
374
167
6
0
0
0
0
0
0
0
0
0
0
0
0
23
246
466
650
780
837
828
744
598
400
181
5
0
0
0
0
0
0
0
0
0
0
0
0
16
141
259
363
421
446
456
414
319
245
105
2
0
0
0
0
0
0
0
0
0
0
0
0
8
79
138
210
280
322
313
274
219
147
63
2
0
0
0
0
0
0
0
0
0
0
0
0
49
244
519
634
573
529
552
571
413
293
124
2
0
0
0
0
0
0
0
0
0
0
0
0
28
244
438
605
732
787
773
705
551
384
181
8
0
0
0
0
0
0
0
0
0
0
0
0
29
248
449
616
727
803
772
714
564
378
180
8
0
0
0
0
0
0
0
0
0
0
0
0
31
261
465
639
749
804
795
725
591
403
196
9
0
0
0
0
0
0
0
0
0
0
0
0
39
292
516
703
833
895
885
802
652
451
221
12
0
0
0
0
0
0
0
0
0
0
0
0
39
280
499
682
806
871
862
783
638
441
221
13
0
0
0
0
0
0
0
0
0
0
0
0
70
243
427
597
728
755
706
644
508
366
174
10
0
0
0
0
0
0
0
0
0
0
0
0
71
250
440
614
739
803
779
709
587
403
201
12
0
0
0
0
0
0
0
0
0
0
0
0
100
334
575
775
900
931
964
874
548
405
183
9
0
0
0
0
0
0
0
0
0
0
0
0
86
270
449
600
733
730
704
638
535
386
201
19
0
0
0
0
0
0
0
0
0
0
0
0
92
297
508
684
799
860
854
770
628
430
215
13
0
0
0
0
0
0
0
0
0
0
0
0
88
251
440
596
738
777
744
666
549
385
198
13
0
0
0
0
0
0
0
0
0
0
0
0
106
329
555
747
873
930
917
827
675
470
238
16
0
0
0
0
0
0
0
0
0
0
0
0
93
281
483
650
767
817
822
745
596
422
219
15
0
0
0
0
0
0
0
0
0
0
0
0
94
299
488
642
775
839
796
720
582
418
218
19
0
0
0
0
0
0
0
0
0
0
0
0
109
319
531
710
831
886
875
795
652
453
233
18
0
0
0
0
0
0
0
0
0
0
0
1
112
281
474
656
750
821
745
653
553
359
169
4
0
0
0
0
0
0
0
0
0
0
0
0
107
301
500
661
785
842
838
756
628
445
233
21
0
0
0
0
0
0
0
0
0
0
0
1
118
326
521
650
743
810
798
669
542
396
201
15
0
0
0
0
0
0
0
0
0
0
0
1
111
307
500
651
776
845
820
749
619
437
227
21
0
0
0
0
0
0
0
0
0
0
0
1
136
364
592
778
906
966
949
861
706
498
265
25
0
0
0
0
0
0
0
0
0
0
0
1
133
350
563
730
844
897
887
800
655
457
236
18
0
0
0
0
0
0
0
0
0
0
0
1
142
372
596
773
893
945
925
835
678
473
248
20
0
0
0
0
0
0
0
0
0
0
0
1
125
310
492
651
773
822
783
728
587
397
208
21
0
0
0
0
0
0
0
0
0
0
0
2
133
342
553
731
858
906
891
790
650
456
240
23
0
0
0
0
0
0
0
0
0
0
0
3
102
325
552
648
752
713
740
595
508
308
139
14
0
0
0
0
0
0
0
0
0
0
0
2
103
288
444
610
655
701
676
593
460
335
157
5
0
0
0
0
0
0
0
0
0
0
0
1
154
377
605
817
518
567
585
514
413
318
173
21
0
0
0
0
0
0
0
0
0
0
0
3
138
324
469
640
769
772
775
742
624
422
222
23
0
0
0
0
0
0
0
0
0
0
0
3
163
378
568
716
815
868
861
762
612
441
240
24
0
0
0
0
0
0
0
0
0
0
0
5
166
380
561
722
810
844
855
772
645
463
256
31
0
0
0
0
0
0
0
0
0
0
0
5
183
417
638
816
937
988
966
876
726
521
288
36
0
0
0
0
0
0
0
0
0
0
0
5
169
383
588
759
872
932
915
835
689
493
270
35
0
0
0
0
0
0
0
0
0
0
0
6
178
402
615
791
900
944
920
831
681
481
258
29
0
0
0
0
0
0
0
0
0
0
0
7
195
434
657
836
950
993
968
871
708
499
266
27
0
0
0
0
0
0
0
0
0
0
0
7
189
415
628
798
914
956
930
841
691
495
273
33
0
0
0
0
0
0
0
0
0
0
0
8
193
421
631
799
909
959
945
858
709
507
278
37
0
0
0
0
0
0
0
0
0
0
0
9
199
429
641
812
922
965
947
857
704
505
280
37
0
0
0
0
0
0
0
0
0
0
0
9
194
411
620
777
892
942
919
837
695
507
286
43
0
0
0
0
0
0
0
0
0
0
0
9
181
395
585
734
847
872
859
785
644
461
252
69
0
0
0
0
0
0
0
0
0
0
0
10
185
380
560
726
817
857
850
754
629
429
240
68
0
0
0
0
0
0
0
0
0
0
0
12
204
426
634
795
904
948
928
839
690
500
281
79
0
0
0
0
0
0
0
0
0
0
0
12
193
399
594
767
873
911
895
798
659
466
264
74
0
0
0
0
0
0
0
0
0
0
0
6
100
404
595
604
704
788
575
466
510
466
284
96
0
0
0
0
0
0
0
0
0
0
0
14
185
383
563
723
780
772
821
763
664
491
297
88
0
0
0
0
0
0
0
0
0
0
0
16
181
367
546
666
768
786
766
708
648
475
263
77
0
0
0
0
0
0
0
0
0
0
0
4
120
253
456
503
763
759
739
675
599
431
271
81
0
0
0
0
0
0
0
0
0
0
0
20
217
376
548
684
877
789
654
717
492
310
181
65
0
0
0
0
0
0
0
0
0
0
0
19
217
433
626
785
900
945
922
824
678
486
273
83
0
0
0
0
0
0
0
0
0
0
0
21
222
433
636
806
914
960
936
844
706
516
295
93
0
0
0
0
0
0
0
0
0
0
0
27
213
373
524
677
764
826
819
749
633
468
255
82
0
0
0
0
0
0
0
0
0
0
0
23
237
455
650
806
909
944
926
845
699
503
292
92
0
0
0
0
0
0
0
0
0
0
0
24
225
436
637
803
910
940
899
798
658
479
279
89
0
0
0
0
0
0
0
0
0
0
0
26
242
465
670
837
946
986
959
870
724
522
300
96
0
0
0
0
0
0
0
0
0
0
0
28
245
471
677
839
941
984
958
867
719
521
300
97
0
0
0
0
0
0
0
0
0
0
0
27
237
454
653
807
913
951
927
833
689
497
291
94
0
0
0
0
0
0
0
0
0
0
0
28
213
388
629
665
617
507
722
688
696
545
276
103
1
0
0
0
0
0
0
0
0
0
0
31
245
463
662
815
923
957
932
854
724
532
307
102
0
0
0
0
0
0
0
0
0
0
0
31
240
447
640
787
884
922
892
810
669
487
282
94
0
0
0
0
0
0
0
0
0
0
0
75
281
513
726
891
1002
1047
1021
928
773
568
333
114
0
0
0
0
0
0
0
0
0
0
0
76
279
509
718
879
983
1022
996
903
750
550
323
110
0
0
0
0
0
0
0
0
0
0
0
70
255
469
667
826
934
966
937
852
705
526
310
108
1
0
0
0
0
0
0
0
0
0
0
48
178
246
296
418
602
576
637
609
636
455
268
128
3
0
0
0
0
0
0
0
0
0
0
78
267
488
686
834
932
970
941
856
713
521
305
106
0
0
0
0
0
0
0
0
0
0
0
79
270
496
701
859
962
1006
985
897
753
557
331
117
1
0
0
0
0
0
0
0
0
0
0
78
265
473
665
813
911
952
929
844
699
509
301
106
0
0
0
0
0
0
0
0
0
0
0
83
279
503
703
860
966
1012
990
902
748
551
328
119
1
0
0
0
0
0
0
0
0
0
0
86
282
505
705
866
968
1000
967
875
726
533
310
110
1
0
0
0
0
0
0
0
0
0
0
88
284
505
700
863
959
998
973
884
737
544
327
118
1
0
0
0
0
0
0
0
0
0
0
82
266
469
668
826
920
947
919
830
694
509
305
111
1
0
0
0
0
0
0
0
0
0
0
90
289
509
707
862
965
999
981
889
741
555
336
126
1
0
0
0
0
0
0
0
0
0
0
85
268
483
675
835
917
935
916
829
710
518
306
114
1
0
0
0
0
0
0
0
0
0
0
92
292
515
722
881
987
1027
998
907
754
554
330
124
1
0
0
0
0
0
0
0
0
0
0
91
284
506
708
865
969
1010
985
895
752
560
340
131
2
0
0
0
0
0
0
0
0
0
0
85
248
401
565
685
828
802
839
820
679
514
316
118
2
0
0
0
0
0
0
0
0
0
0
90
272
468
654
797
891
927
914
829
691
515
316
126
2
0
0
0
0
0
0
0
0
0
0
98
291
499
688
833
941
958
922
838
715
526
329
130
2
0
0
0
0
0
0
0
0
0
0
80
241
414
581
700
782
784
768
698
586
436
262
99
1
0
0
0
0
0
0
0
0
0
0
99
295
509
706
859
965
1009
989
906
765
577
357
142
3
0
0
0
0
0
0
0
0
0
0
98
292
504
696
842
933
974
955
872
737
553
337
133
2
0
0
0
0
0
0
0
0
0
0
107
314
534
729
882
975
1007
977
886
744
558
345
135
2
0
0
0
0
0
0
0
0
0
0
89
257
444
613
737
830
861
827
752
638
470
280
111
1
0
0
0
0
0
0
0
0
0
1
114
327
553
757
916
1018
1055
1027
937
787
594
368
149
3
0
0
0
0
0
0
0
0
0
1
112
321
545
747
905
1013
1057
1033
944
797
604
379
157
4
0
0
0
0
0
0
0
0
0
1
106
307
519
714
871
969
1002
982
896
754
566
350
142
3
0
0
0
0
0
0
0
0
0
1
83
241
397
541
648
701
738
726
644
533
414
261
104
1
0
0
0
0
0
0
0
0
0
1
89
252
453
617
775
882
891
870
813
714
514
327
136
5
0
0
0
0
0
0
0
0
0
1
100
284
486
680
804
895
939
895
817
697
524
319
131
3
0
0
0
0
0
0
0
0
0
0
84
218
396
538
757
766
809
657
625
548
431
309
111
1
0
0
0
0
0
0
0
0
0
1
87
265
473
659
781
802
849
832
744
619
474
305
130
5
0
0
0
0
0
0
0
0
0
0
89
258
428
581
719
850
850
852
804
667
540
351
145
6
0
0
0
0
0
0
0
0
0
1
105
291
492
673
822
927
966
935
848
713
537
334
140
3
0
0
0
0
0
0
0
0
0
0
77
225
389
516
649
739
721
733
689
583
428
275
120
4
0
0
0
0
0
0
0
0
0
0
82
245
401
585
694
767
815
817
742
648
488
318
140
6
0
0
0
0
0
0
0
0
0
0
80
221
368
508
574
671
712
698
626
536
374
224
100
2
0
0
0
0
0
0
0
0
0
1
86
244
404
565
675
738
787
763
716
616
471
293
118
2
0
0
0
0
0
0
0
0
0
1
68
202
322
468
538
607
607
613
556
464
322
201
85
2
0
0
0
0
0
0
0
0
0
1
116
330
553
758
936
538
567
556
519
415
310
201
79
2
0
0
0
0
0
0
0
0
0
1
91
252
437
613
739
828
858
832
743
617
453
283
121
2
0
0
0
0
0
0
0
0
0
1
108
304
512
703
853
942
977
949
871
736
557
349
152
5
0
0
0
0
0
0
0
0
0
1
108
300
506
692
840
945
988
971
895
767
588
379
169
9
0
0
0
0
0
0
0
0
0
1
107
302
513
702
853
957
1004
986
906
771
591
381
170
8
0
0
0
0
0
0
0
0
0
1
97
272
464
636
779
882
926
923
829
707
540
349
155
7
0
0
0
0
0
0
0
0
0
1
107
296
508
700
846
934
972
949
872
734
557
356
157
6
0
0
0
0
0
0
0
0
0
1
102
285
491
670
812
922
946
932
855
727
554
357
158
8
0
0
0
0
0
0
0
0
0
1
96
278
484
673
813
880
898
892
828
694
532
343
151
6
0
0
0
0
0
0
0
0
0
1
97
276
478
663
803
898
930
907
822
700
527
337
147
5
0
0
0
0
0
0
0
0
0
1
101
285
484
659
804
868
911
900
829
686
522
337
151
6
0
0
0
0
0
0
0
0
0
1
93
272
474
654
800
904
942
930
856
720
539
342
152
8
0
0
0
0
0
0
0
0
0
1
100
283
492
685
833
935
973
958
880
743
560
356
158
7
0
0
0
0
0
0
0
0
0
0
82
237
421
596
751
883
932
910
860
727
557
369
167
11
0
0
0
0
0
0
0
0
0
1
93
258
454
640
787
882
909
910
819
696
527
329
143
7
0
0
0
0
0
0
0
0
0
0
83
235
405
569
708
787
828
831
757
637
493
317
139
6
0
0
0
0
0
0
0
0
0
1
79
223
409
527
681
779
873
847
833
710
540
333
137
2
0
0
0
0
0
0
0
0
0
1
99
264
462
634
761
842
822
762
683
627
468
283
127
6
0
0
0
0
0
0
0
0
0
1
95
275
470
643
802
897
942
914
848
733
551
366
163
8
0
0
0
0
0
0
0
0
0
0
85
246
431
612
770
899
932
916
837
693
541
335
148
6
0
0
0
0
0
0
0
0
0
0
91
273
481
669
822
936
982
961
890
758
577
377
173
11
0
0
0
0
0
0
0
0
0
0
88
267
462
650
786
909
957
939
877
743
564
369
167
11
0
0
0
0
0
0
0
0
0
0
92
275
472
666
806
889
910
886
801
690
526
337
151
5
0
0
0
0
0
0
0
0
0
0
80
252
429
635
761
898
904
877
813
659
479
307
130
2
0
0
0
0
0
0
0
0
0
0
73
220
391
546
667
748
788
784
741
622
469
304
139
6
0
0
0
0
0
0
0
0
0
0
88
270
466
651
810
911
947
939
856
730
563
363
163
8
0
0
0
0
0
0
0
0
0
0
93
283
495
692
845
949
991
975
894
766
586
377
172
8
0
0
0
0
0
0
0
0
0
0
91
274
475
667
796
881
932
917
857
730
559
354
157
6
0
0
0
0
0
0
0
0
0
0
90
276
478
669
821
913
953
944
868
750
582
378
173
9
0
0
0
0
0
0
0
0
0
0
79
244
440
623
758
878
932
921
858
727
559
372
171
10
0
0
0
0
0
0
0
0
0
0
87
276
488
683
832
927
964
942
866
720
546
347
151
4
0
0
0
0
0
0
0
0
0
0
78
257
461
652
789
893
935
917
848
701
538
342
151
5
0
0
0
0
0
0
0
0
0
0
77
249
444
631
779
867
920
913
856
740
567
372
172
11
0
0
0
0
0
0
0
0
0
0
72
236
409
578
678
796
808
803
709
630
435
281
119
2
0
0
0
0
0
0
0
0
0
0
68
262
380
538
721
823
807
692
680
616
482
334
158
10
0
0
0
0
0
0
0
0
0
0
70
233
434
588
726
834
901
883
821
671
512
321
141
5
0
0
0
0
0
0
0
0
0
0
74
252
456
652
811
901
940
931
859
731
554
345
151
5
0
0
0
0
0
0
0
0
0
0
65
232
417
622
758
853
865
868
791
663
512
336
150
6
0
0
0
0
0
0
0
0
0
0
71
239
444
630
783
875
892
888
829
715
528
332
145
5
0
0
0
0
0
0
0
0
0
0
71
245
455
651
806
909
950
939
870
740
551
350
150
5
0
0
0
0
0
0
0
0
0
0
70
242
441
635
790
891
962
942
859
728
552
342
146
5
0
0
0
0
0
0
0
0
0
0
70
246
454
650
816
924
964
953
880
746
567
360
157
6
0
0
0
0
0
0
0
0
0
0
72
250
457
631
770
867
920
914
855
733
556
361
157
6
0
0
0
0
0
0
0
0
0
0
64
229
424
605
755
843
875
878
829
708
564
365
162
8
0
0
0
0
0
0
0
0
0
0
56
216
387
556
681
786
795
797
727
632
512
336
145
6
0
0
0
0
0
0
0
0
0
0
68
247
458
655
810
902
950
933
859
723
545
341
144
3
0
0
0
0
0
0
0
0
0
0
59
223
422
615
763
831
878
879
831
691
522
319
140
5
0
0
0
0
0
0
0
0
0
0
53
202
386
545
691
771
814
796
713
600
458
279
112
1
0
0
0
0
0
0
0
0
0
0
50
190
353
507
628
694
718
706
625
531
400
228
96
1
0
0
0
0
0
0
0
0
0
0
13
174
304
545
635
768
860
828
770
626
492
301
135
5
0
0
0
0
0
0
0
0
0
0
30
240
452
652
815
931
983
968
882
749
559
351
146
4
0
0
0
0
0
0
0
0
0
0
30
242
458
663
825
929
976
965
892
755
570
357
146
3
0
0
0
0
0
0
0
0
0
0
26
195
374
534
682
795
791
749
747
661
516
283
115
5
0
0
0
0
0
0
0
0
0
0
22
181
381
530
677
731
713
686
669
611
474
295
111
1
0
0
0
0
0
0
0
0
0
0
23
186
370
539
693
738
796
780
708
613
447
274
106
1
0
0
0
0
0
0
0
0
0
0
24
217
413
570
703
839
889
853
787
673
505
301
122
3
0
0
0
0
0
0
0
0
0
0
12
133
219
335
418
537
569
539
507
383
295
160
50
1
0
0
0
0
0
0
0
0
0
0
24
219
425
620
769
864
909
898
810
695
522
313
126
2
0
0
0
0
0
0
0
0
0
0
22
213
420
621
784
894
945
943
867
726
545
337
132
3
0
0
0
0
0
0
0
0
0
0
23
227
442
649
816
918
966
955
870
726
545
334
129
2
0
0
0
0
0
0
0
0
0
0
22
222
438
639
804
923
972
950
869
727
541
328
126
2
0
0
0
0
0
0
0
0
0
0
20
198
399
586
743
842
882
872
786
659
491
293
108
1
0
0
0
0
0
0
0
0
0
0
20
213
419
611
776
898
935
933
854
711
524
316
120
1
0
0
0
0
0
0
0
0
0
0
19
206
416
619
781
896
934
913
831
699
513
305
113
1
0
0
0
0
0
0
0
0
0
0
19
217
435
641
803
914
961
937
856
713
530
319
116
1
0
0
0
0
0
0
0
0
0
0
18
210
422
619
777
886
935
922
839
697
517
305
109
1
0
0
0
0
0
0
0
0
0
0
15
166
260
430
627
671
608
667
540
530
456
281
117
6
0
0
0
0
0
0
0
0
0
0
16
193
390
575
714
805
855
833
747
616
454
267
95
0
0
0
0
0
0
0
0
0
0
0
14
185
383
566
718
812
848
828
757
620
455
271
95
0
0
0
0
0
0
0
0
0
0
0
14
186
376
550
693
787
828
811
740
619
452
264
90
0
0
0
0
0
0
0
0
0
0
0
16
212
434
643
809
922
965
949
869
724
530
309
105
0
0
0
0
0
0
0
0
0
0
0
11
165
399
579
665
734
777
735
679
573
343
144
49
0
0
0
0
0
0
0
0
0
0
0
13
188
386
576
729
833
874
857
781
647
471
271
89
0
0
0
0
0
0
0
0
0
0
0
12
179
377
565
698
823
854
850
793
661
493
289
93
0
0
0
0
0
0
0
0
0
0
0
13
202
419
628
795
907
951
924
838
692
498
282
88
0
0
0
0
0
0
0
0
0
0
0
13
197
408
610
785
891
934
914
827
689
490
279
87
0
0
0
0
0
0
0
0
0
0
0
12
190
380
564
729
842
861
877
775
624
460
256
77
0
0
0
0
0
0
0
0
0
0
0
12
202
419
627
790
897
943
907
809
672
482
270
79
0
0
0
0
0
0
0
0
0
0
0
6
185
383
595
737
762
746
663
622
504
388
211
66
0
0
0
0
0
0
0
0
0
0
0
12
195
404
590
764
860
914
895
815
673
490
272
78
0
0
0
0
0
0
0
0
0
0
0
10
165
347
540
712
813
852
842
760
630
457
244
70
0
0
0
0
0
0
0
0
0
0
0
14
218
463
654
855
546
568
580
519
382
275
158
43
0
0
0
0
0
0
0
0
0
0
0
11
138
270
452
525
564
614
587
544
403
276
146
6
0
0
0
0
0
0
0
0
0
0
0
10
195
408
610
774
880
925
903
817
665
474
256
32
0
0
0
0
0
0
0
0
0
0
0
8
176
372
554
637
747
769
756
759
603
450
235
30
0
0
0
0
0
0
0
0
0
0
0
10
163
328
541
674
727
743
776
692
574
440
230
21
0
0
0
0
0
0
0
0
0
0
0
6
155
380
563
707
815
847
814
736
576
406
230
30
0
0
0
0
0
0
0
0
0
0
0
8
162
358
559
679
760
826
809
712
590
428
209
24
0
0
0
0
0
0
0
0
0
0
0
8
178
374
578
746
842
867
828
734
602
417
225
23
0
0
0
0
0
0
0
0
0
0
0
8
182
396
606
771
876
915
886
806
652
456
237
23
0
0
0
0
0
0
0
0
0
0
0
7
170
371
576
743
851
884
858
759
615
428
224
21
0
0
0
0
0
0
0
0
0
0
0
7
179
389
584
744
844
866
846
767
622
437
223
18
0
0
0
0
0
0
0
0
0
0
0
2
35
69
107
173
324
314
294
204
175
103
33
4
0
0
0
0
0
0
0
0
0
0
0
6
172
378
566
721
821
865
844
768
614
418
212
17
0
0
0
0
0
0
0
0
0
0
0
6
172
382
585
724
819
846
820
742
603
411
203
12
0
0
0
0
0
0
0
0
0
0
0
7
167
368
548
679
777
817
809
716
566
389
185
10
0
0
0
0
0
0
0
0
0
0
0
2
160
310
431
686
793
804
713
584
437
303
149
8
0
0
0
0
0
0
0
0
0
0
0
2
92
257
361
484
581
687
633
555
482
358
155
11
0
0
0
0
0
0
0
0
0
0
0
4
144
338
499
621
754
815
778
704
573
372
176
12
0
0
0
0
0
0
0
0
0
0
0
8
199
388
473
621
654
675
553
508
157
36
17
3
0
0
0
0
0
0
0
0
0
0
0
5
176
405
620
792
895
928
892
791
629
414
191
7
0
0
0
0
0
0
0
0
0
0
0
5
162
374
567
728
831
864
840
749
593
403
187
8
0
0
0
0
0
0
0
0
0
0
0
5
192
448
678
854
545
585
554
489
378
252
110
2
0
0
0
0
0
0
0
0
0
0
0
5
172
395
603
761
863
904
870
771
612
406
185
6
0
0
0
0
0
0
0
0
0
0
0
4
165
383
590
747
857
890
847
748
596
396
181
6
0
0
0
0
0
0
0
0
0
0
0
4
163
376
573
730
816
851
823
723
575
375
166
4
0
0
0
0
0
0
0
0
0
0
0
4
168
389
597
761
866
898
860
756
594
389
170
4
0
0
0
0
0
0
0
0
0
0
0
4
165
389
602
763
865
903
866
761
597
388
166
4
0
0
0
0
0
0
0
0
0
0
0
3
151
367
558
700
798
823
778
689
523
322
137
1
0
0
0
0
0
0
0
0
0
0
0
3
133
307
472
671
725
718
685
681
548
354
162
6
0
0
0
0
0
0
0
0
0
0
0
2
144
349
540
695
803
829
785
696
530
334
135
1
0
0
0
0
0
0
0
0
0
0
0
2
140
340
543
681
769
791
768
675
535
358
150
4
0
0
0
0
0
0
0
0
0
0
0
3
139
330
510
655
748
779
742
624
508
336
146
4
0
0
0
0
0
0
0
0
0
0
0
2
142
346
546
707
815
846
820
718
561
360
145
3
0
0
0
0
0
0
0
0
0
0
0
2
144
352
546
695
796
830
797
694
536
341
134
2
0
0
0
0
0
0
0
0
0
0
0
2
148
364
572
736
835
861
826
713
547
342
129
1
0
0
0
0
0
0
0
0
0
0
0
1
87
214
350
438
472
500
478
429
325
197
71
1
0
0
0
0
0
0
0
0
0
0
0
2
95
232
349
463
550
581
521
453
364
217
74
1
0
0
0
0
0
0
0
0
0
0
0
2
130
325
510
644
720
754
748
625
483
287
106
0
0
0
0
0
0
0
0
0
0
0
0
2
149
371
583
746
844
878
834
727
560
347
128
1
0
0
0
0
0
0
0
0
0
0
0
1
135
339
530
679
772
808
773
672
517
319
114
0
0
0
0
0
0
0
0
0
0
0
0
1
135
345
545
701
796
826
787
682
519
316
111
0
0
0
0
0
0
0
0
0
0
0
0
1
127
328
531
687
782
810
771
672
512
308
107
0
0
0
0
0
0
0
0
0
0
0
0
1
136
354
563
726
828
859
818
706
535
322
109
0
0
0
0
0
0
0
0
0
0
0
0
1
131
350
557
714
810
837
793
680
509
300
96
0
0
0
0
0
0
0
0
0
0
0
0
1
118
303
490
657
741
749
708
574
415
230
73
0
0
0
0
0
0
0
0
0
0
0
0
1
103
275
425
571
623
691
665
598
494
280
91
0
0
0
0
0
0
0
0
0
0
0
0
1
125
337
543
706
812
836
792
683
510
298
94
0
0
0
0
0
0
0
0
0
0
0
0
1
115
315
515
670
767
805
763
656
495
296
92
0
0
0
0
0
0
0
0
0
0
0
0
1
120
330
532
693
799
831
787
679
512
300
92
0
0
0
0
0
0
0
0
0
0
0
0
1
117
324
526
684
785
809
768
661
495
287
86
0
0
0
0
0
0
0
0
0
0
0
0
0
107
302
498
645
744
777
716
600
444
256
72
0
0
0
0
0
0
0
0
0
0
0
0
1
106
307
509
643
710
725
681
569
422
235
29
0
0
0
0
0
0
0
0
0
0
0
0
0
94
270
451
597
706
749
721
614
465
262
42
0
0
0
0
0
0
0
0
0
0
0
0
0
104
295
486
638
719
741
717
612
461
268
41
0
0
0
0
0
0
0
0
0
0
0
0
0
9
114
217
419
431
595
459
408
377
228
44
0
0
0
0
0
0
0
0
0
0
0
0
0
86
267
451
613
620
666
629
551
406
237
29
0
0
0
0
0
0
0
0
0
0
0
0
0
76
129
195
304
469
632
807
686
455
183
43
0
0
0
0
0
0
0
0
0
0
0
0
0
97
291
485
638
730
759
710
600
437
247
28
0
0
0
0
0
0
0
0
0
0
0
0
0
54
174
225
330
427
449
415
337
244
125
5
0
0
0
0
0
0
0
0
0
0
0
0
0
88
271
464
621
671
679
628
533
367
195
15
0
0
0
0
0
0
0
0
0
0
0
0
0
92
285
482
633
719
743
703
600
435
237
23
0
0
0
0
0
0
0
0
0
0
0
0
0
88
281
476
634
729
754
712
594
429
230
21
0
0
0
0
0
0
0
0
0
0
0
0
0
82
264
453
605
702
732
697
594
430
235
26
0
0
0
0
0
0
0
0
0
0
0
0
0
88
284
484
639
740
766
728
619
446
240
24
0
0
0
0
0
0
0
0
0
0
0
0
0
87
288
490
647
743
777
729
615
442
235
20
0
0
0
0
0
0
0
0
0
0
0
0
0
83
275
471
622
714
739
702
594
430
231
20
0
0
0
0
0
0
0
0
0
0
0
0
0
73
246
423
580
677
699
677
558
412
211
19
0
0
0
0
0
0
0
0
0
0
0
0
0
75
262
451
595
677
702
666
558
402
218
18
0
0
0
0
0
0
0
0
0
0
0
0
0
76
268
467
628
723
747
700
593
426
224
17
0
0
0
0
0
0
0
0
0
0
0
0
0
34
249
445
602
695
723
680
569
408
213
17
0
0
0
0
0
0
0
0
0
0
0
0
0
32
236
406
543
645
667
629
530
361
186
12
0
0
0
0
0
0
0
0
0
0
0
0
0
27
220
402
530
628
646
576
518
343
178
12
0
0
0
0
0
0
0
0
0
0
0
0
0
32
253
443
595
690
716
672
569
403
205
13
0
0
0
0
0
0
0
0
0
0
0
0
0
21
202
330
487
599
632
524
484
374
172
12
0
0
0
0
0
0
0
0
0
0
0
0
0
29
247
443
599
694
721
677
572
403
205
12
0
0
0
0
0
0
0
0
0
0
0
0
0
26
238
424
569
661
691
641
539
387
198
12
0
0
0
0
0
0
0
0
0
0
0
0
0
26
241
432
583
679
704
662
557
394
200
11
0
0
0
0
0
0
0
0
0
0
0
0
0
23
222
405
544
642
654
613
498
357
182
9
0
0
0
0
0
0
0
0
0
0
0
0
0
22
222
407
557
646
683
653
548
390
203
13
0
0
0
0
0
0
0
0
0
0
0
0
0
22
225
407
558
646
679
631
537
382
189
9
0
0
0
0
0
0
0
0
0
0
0
0
0
20
216
404
556
647
680
649
532
372
183
9
0
0
0
0
0
0
0
0
0
0
0
0
0
19
218
393
545
630
661
612
494
357
175
7
0
0
0
0
0
0
0
0
0
0
0
0
0
17
210
403
554
640
660
608
504
354
170
7
0
0
0
0
0
0
0
0
0
0
0
0
0
17
206
382
541
628
659
625
513
362
172
8
0
0
0
0
0
0
0
0
0
0
0
0
0
15
198
383
532
633
662
611
512
350
165
6
0
0
0
0
0
0
0
0
0
0
0
0
0
28
216
408
426
433
413
460
429
354
157
10
0
0
0
0
0
0
0
0
0
0
0
0
0
15
198
373
522
628
666
616
519
360
177
7
0
0
0
0
0
0
0
0
0
0
0
0
0
12
173
308
452
563
580
547
482
341
178
11
0
0
0
0
0
0
0
0
0
0
0
0
0
13
189
350
518
605
555
476
374
277
119
4
0
0
0
0
0
0
0
0
0
0
0
0
0
13
203
393
543
637
668
631
529
375
185
8
0
0
0
0
0
0
0
0
0
0
0
0
0
11
191
368
518
600
629
596
503
354
172
7
0
0
0
0
0
0
0
0
0
0
0
0
0
11
196
391
551
652
685
648
544
383
187
8
0
0
0
0
0
0
0
0
0
0
0
0
0
10
184
363
504
596
628
595
496
346
170
7
0
0
0
0
0
0
0
0
0
0
0
0
0
10
201
396
558
660
696
661
557
394
194
9
0
0
0
0
0
0
0
0
0
0
0
0
0
10
192
386
548
649
686
650
541
378
185
8
0
0
0
0
0
0
0
0
0
0
0
0
0
8
182
368
511
612
644
601
500
346
170
5
0
0
0
0
0
0
0
0
0
0
0
0
0
8
177
366
517
614
638
609
507
351
170
6
0
0
0
0
0
0
0
0
0
0
0
0
0
7
157
303
432
510
497
516
436
296
135
2
0
0
0
0
0
0
0
0
0
0
0
0
0
7
152
287
424
483
525
492
385
273
118
2
0
0
0
0
0
0
0
0
0
0
0
0
0
6
153
314
448
532
595
572
474
314
157
5
0
0
0
0
0
0
0
0
0
0
0
0
0
6
37
178
482
501
293
340
294
314
108
3
0
0
0
0
0
0
0
0
0
0
0
0
0
6
170
359
518
619
650
612
511
354
171
6
0
0
0
0
0
0
0
0
0
0
0
0
0
5
167
358
516
609
640
609
508
353
171
6
0
0
0
0
0
0
0
0
0
0
0
0
0
5
161
343
502
606
638
611
514
363
176
8
0
0
0
0
0
0
0
0
0
0
0
0
0
5
146
320
460
535
569
549
450
292
141
6
0
0
0
0
0
0
0
0
0
0
0
0
0
7
159
314
348
456
467
467
414
288
151
8
0
0
0
0
0
0
0
0
0
0
0
0
0
4
156
341
496
601
644
613
516
361
179
8
0
0
0
0
0
0
0
0
0
0
0
0
0
4
151
332
490
590
629
604
512
359
179
9
0
0
0
0
0
0
0
0
0
0
0
0
0
4
147
325
479
581
621
580
492
347
169
6
0
0
0
0
0
0
0
0
0
0
0
0
0
4
154
343
502
607
649
621
528
376
188
9
0
0
0
0
0
0
0
0
0
0
0
0
0
3
142
321
456
561
596
570
469
322
157
6
0
0
0
0
0
0
0
0
0
0
0
0
0
3
152
344
509
623
665
641
547
388
196
10
0
0
0
0
0
0
0
0
0
0
0
0
0
3
150
338
499
605
647
614
520
375
188
9
0
0
0
0
0
0
0
0
0
0
0
0
0
3
146
337
498
604
646
619
521
371
187
9
0
0
0
0
0
0
0
0
0
0
0
0
0
3
147
338
501
611
658
630
540
389
198
12
0
0
0
0
0
0
0
0
0
0
0
0
0
3
151
348
516
631
676
650
559
404
209
14
0
0
0
0
0
0
0
0
0
0
0
0
0
2
146
338
505
619
662
635
542
393
204
12
0
0
0
0
0
0
0
0
0
0
0
0
0
2
132
309
461
562
589
565
491
354
185
11
0
0
0
0
0
0
0
0
0
0
0
0
0
2
132
306
459
557
602
577
492
349
183
10
0
0
0
0
0
0
0
0
0
0
0
0
0
2
138
323
486
597
641
620
533
387
202
14
0
0
0
0
0
0
0
0
0
0
0
0
0
2
129
303
456
550
595
578
493
365
195
12
0
0
0
0
0
0
0
0
0
0
0
0
0
2
129
311
469
573
616
603
512
361
190
13
0
0
0
0
0
0
0
0
0
0
0
0
0
2
120
288
439
527
585
559
504
364
195
17
0
0
0
0
0
0
0
0
0
0
0
0
0
2
128
302
468
567
608
596
508
359
200
14
0
0
0
0
0
0