0
0
0
0
0
0
0
1
74
186
287
377
389
379
309
211
82
1
0
0
0
0
0
0
0
0
0
0
0
0
0
2
117
267
400
488
506
468
408
278
114
1
0
0
0
0
0
0
0
0
0
0
0
0
0
2
117
273
407
480
519
478
395
265
109
1
0
0
0
0
0
0
0
0
0
0
0
0
0
2
126
298
443
534
559
523
432
285
117
1
0
0
0
0
0
0
0
0
0
0
0
0
0
2
111
253
369
476
501
484
385
251
109
1
0
0
0
0
0
0
0
0
0
0
0
0
0
2
93
217
350
396
463
490
369
271
117
2
0
0
0
0
0
0
0
0
0
0
0
0
0
1
82
200
299
333
368
340
304
197
81
1
0
0
0
0
0
0
0
0
0
0
0
0
0
2
123
290
441
539
571
544
454
310
135
3
0
0
0
0
0
0
0
0
0
0
0
0
0
2
115
265
403
496
529
499
419
284
125
2
0
0
0
0
0
0
0
0
0
0
0
0
0
1
99
210
305
450
410
402
353
259
146
4
0
0
0
0
0
0
0
0
0
0
0
0
0
2
106
258
392
483
518
490
398
280
123
2
0
0
0
0
0
0
0
0
0
0
0
0
0
1
87
213
345
398
414
407
330
214
92
1
0
0
0
0
0
0
0
0
0
0
0
0
0
1
96
234
343
396
440
409
371
236
96
1
0
0
0
0
0
0
0
0
0
0
0
0
0
1
113
274
402
473
514
492
411
276
136
5
0
0
0
0
0
0
0
0
0
0
0
0
0
1
90
217
323
390
414
395
319
216
109
2
0
0
0
0
0
0
0
0
0
0
0
0
0
3
128
310
275
170
48
214
299
260
58
1
0
0
0
0
0
0
0
0
0
0
0
0
0
2
94
264
417
489
468
432
380
256
130
2
0
0
0
0
0
0
0
0
0
0
0
0
0
1
115
263
406
500
513
454
400
291
150
8
0
0
0
0
0
0
0
0
0
0
0
0
0
2
117
238
389
502
557
466
381
260
106
2
0
0
0
0
0
0
0
0
0
0
0
0
0
3
118
329
502
434
448
357
168
99
32
2
0
0
0
0
0
0
0
0
0
0
0
0
0
2
129
300
443
545
583
559
470
335
163
7
0
0
0
0
0
0
0
0
0
0
0
0
0
3
135
311
462
562
608
579
490
346
172
8
0
0
0
0
0
0
0
0
0
0
0
0
0
2
93
219
310
379
375
349
304
231
107
2
0
0
0
0
0
0
0
0
0
0
0
0
0
3
121
301
374
472
519
393
376
287
137
5
0
0
0
0
0
0
0
0
0
0
0
0
0
3
120
279
534
580
329
105
43
31
16
3
0
0
0
0
0
0
0
0
0
0
0
0
0
1
101
251
380
444
457
459
353
212
86
3
0
0
0
0
0
0
0
0
0
0
0
0
0
16
152
254
366
436
340
316
140
83
60
3
0
0
0
0
0
0
0
0
0
0
0
0
0
1
96
197
308
355
388
400
348
254
128
9
0
0
0
0
0
0
0
0
0
0
0
0
0
3
118
262
382
462
510
485
414
279
137
3
0
0
0
0
0
0
0
0
0
0
0
0
0
5
137
302
461
545
574
521
442
320
171
12
0
0
0
0
0
0
0
0
0
0
0
0
0
2
101
210
328
367
413
415
323
232
124
4
0
0
0
0
0
0
0
0
0
0
0
0
0
2
102
226
367
448
426
427
362
245
129
4
0
0
0
0
0
0
0
0
0
0
0
0
0
5
149
314
455
561
599
573
497
346
193
17
0
0
0
0
0
0
0
0
0
0
0
0
0
3
123
261
441
570
573
541
451
318
175
14
0
0
0
0
0
0
0
0
0
0
0
0
0
5
154
326
475
576
609
603
523
380
209
20
0
0
0
0
0
0
0
0
0
0
0
0
0
6
164
346
506
612
664
635
553
403
224
24
0
0
0
0
0
0
0
0
0
0
0
0
0
7
158
340
488
583
635
615
529
390
219
26
0
0
0
0
0
0
0
0
0
0
0
0
0
16
163
343
348
454
460
530
474
213
132
9
0
0
0
0
0
0
0
0
0
0
0
0
0
8
161
329
473
575
618
602
515
385
219
26
0
0
0
0
0
0
0
0
0
0
0
0
0
8
182
369
527
636
672
648
560
413
230
26
0
0
0
0
0
0
0
0
0
0
0
0
0
10
175
301
410
504
620
563
469
381
227
23
0
0
0
0
0
0
0
0
0
0
0
0
0
9
160
334
485
593
653
610
529
394
231
34
0
0
0
0
0
0
0
0
0
0
0
0
0
10
186
374
534
636
680
656
574
426
248
34
0
0
0
0
0
0
0
0
0
0
0
0
0
11
184
362
514
617
664
639
555
419
245
37
0
0
0
0
0
0
0
0
0
0
0
0
0
5
93
210
306
394
442
431
463
430
280
85
0
0
0
0
0
0
0
0
0
0
0
0
0
39
208
337
624
621
225
104
112
200
150
7
0
0
0
0
0
0
0
0
0
0
0
0
0
19
162
448
627
603
467
193
129
136
99
15
0
0
0
0
0
0
0
0
0
0
0
0
0
16
219
414
573
680
722
692
601
454
264
81
0
0
0
0
0
0
0
0
0
0
0
0
0
17
216
414
577
687
733
708
619
470
281
90
0
0
0
0
0
0
0
0
0
0
0
0
0
18
220
416
572
681
725
702
609
462
279
90
0
0
0
0
0
0
0
0
0
0
0
0
0
19
185
397
581
545
499
413
290
285
85
62
0
0
0
0
0
0
0
0
0
0
0
0
0
16
196
344
499
613
695
576
493
327
164
54
0
0
0
0
0
0
0
0
0
0
0
0
0
15
179
301
417
572
583
600
560
405
264
84
0
0
0
0
0
0
0
0
0
0
0
0
0
24
220
348
480
597
639
627
443
327
197
53
0
0
0
0
0
0
0
0
0
0
0
0
0
25
227
417
573
679
721
698
611
467
284
99
0
0
0
0
0
0
0
0
0
0
0
0
0
29
228
376
497
568
586
653
557
372
199
62
0
0
0
0
0
0
0
0
0
0
0
0
0
5
19
35
48
57
60
472
418
323
191
69
0
0
0
0
0
0
0
0
0
0
0
0
0
21
90
251
512
518
577
61
316
273
25
9
0
0
0
0
0
0
0
0
0
0
0
0
0
6
87
260
383
377
362
364
487
80
143
75
0
0
0
0
0
0
0
0
0
0
0
0
0
66
239
430
583
674
707
694
604
469
296
114
1
0
0
0
0
0
0
0
0
0
0
0
0
73
256
458
624
737
781
753
667
517
322
120
1
0
0
0
0
0
0
0
0
0
0
0
0
75
242
438
593
692
735
713
624
480
308
110
1
0
0
0
0
0
0
0
0
0
0
0
0
63
199
341
452
513
588
571
485
378
241
88
1
0
0
0
0
0
0
0
0
0
0
0
0
59
197
318
414
485
562
530
451
329
211
88
1
0
0
0
0
0
0
0
0
0
0
0
0
27
218
512
636
738
690
337
85
41
26
10
1
0
0
0
0
0
0
0
0
0
0
0
0
49
116
270
303
310
428
544
571
591
376
150
8
0
0
0
0
0
0
0
0
0
0
0
0
15
59
40
168
233
369
496
411
347
247
91
4
0
0
0
0
0
0
0
0
0
0
0
0
96
282
480
635
730
763
746
660
514
337
138
2
0
0
0
0
0
0
0
0
0
0
0
0
103
297
483
637
737
764
734
651
512
333
138
2
0
0
0
0
0
0
0
0
0
0
0
0
110
314
513
669
769
812
787
695
546
352
147
2
0
0
0
0
0
0
0
0
0
0
0
1
111
308
502
664
767
812
783
695
543
355
150
3
0
0
0
0
0
0
0
0
0
0
0
0
98
273
436
570
647
675
649
582
447
296
125
2
0
0
0
0
0
0
0
0
0
0
0
1
16
30
64
207
148
402
336
292
232
184
79
6
0
0
0
0
0
0
0
0
0
0
0
1
111
289
479
634
732
770
751
663
520
337
145
4
0
0
0
0
0
0
0
0
0
0
0
1
116
299
484
636
733
782
758
681
532
342
148
4
0
0
0
0
0
0
0
0
0
0
0
2
136
343
544
703
807
845
811
722
565
368
161
4
0
0
0
0
0
0
0
0
0
0
0
2
125
308
465
599
669
723
723
627
479
322
147
5
0
0
0
0
0
0
0
0
0
0
0
2
146
358
560
723
827
865
832
740
588
388
173
6
0
0
0
0
0
0
0
0
0
0
0
3
144
342
529
669
764
793
772
687
536
353
157
5
0
0
0
0
0
0
0
0
0
0
0
3
155
370
569
726
829
869
830
732
571
377
167
4
0
0
0
0
0
0
0
0
0
0
0
3
156
362
557
707
803
838
814
716
567
370
167
4
0
0
0
0
0
0
0
0
0
0
0
3
130
328
509
631
718
722
716
639
506
324
147
2
0
0
0
0
0
0
0
0
0
0
0
2
90
196
306
386
478
530
494
418
331
265
98
2
0
0
0
0
0
0
0
0
0
0
0
6
175
388
584
738
836
869
841
737
583
387
180
6
0
0
0
0
0
0
0
0
0
0
0
6
177
390
587
747
844
880
849
751
603
405
191
9
0
0
0
0
0
0
0
0
0
0
0
8
184
402
604
760
862
897
859
757
602
403
187
7
0
0
0
0
0
0
0
0
0
0
0
8
179
389
576
730
824
853
823
731
578
388
185
9
0
0
0
0
0
0
0
0
0
0
0
8
180
390
592
747
855
895
864
771
622
420
198
14
0
0
0
0
0
0
0
0
0
0
0
10
184
388
574
720
809
843
813
732
589
394
188
10
0
0
0
0
0
0
0
0
0
0
0
10
187
399
534
658
771
709
730
630
468
315
155
5
0
0
0
0
0
0
0
0
0
0
0
12
207
453
702
875
463
517
499
405
404
291
118
3
0
0
0
0
0
0
0
0
0
0
0
14
219
461
694
872
592
560
550
491
383
257
129
9
0
0
0
0
0
0
0
0
0
0
0
4
82
180
285
368
423
425
462
411
332
234
109
8
0
0
0
0
0
0
0
0
0
0
0
14
195
391
556
700
792
838
819
739
595
414
213
17
0
0
0
0
0
0
0
0
0
0
0
18
227
440
630
776
883
916
885
791
639
443
225
18
0
0
0
0
0
0
0
0
0
0
0
19
227
446
643
787
883
916
875
773
619
423
207
13
0
0
0
0
0
0
0
0
0
0
0
22
233
452
653
807
900
934
901
802
642
441
224
17
0
0
0
0
0
0
0
0
0
0
0
19
187
396
607
680
740
760
744
632
577
379
194
15
0
0
0
0
0
0
0
0
0
0
0
23
225
436
596
700
800
833
788
700
572
396
197
13
0
0
0
0
0
0
0
0
0
0
0
27
240
446
636
779
864
897
859
768
620
429
218
17
0
0
0
0
0
0
0
0
0
0
0
29
248
458
646
795
888
920
886
790
638
446
229
20
0
0
0
0
0
0
0
0
0
0
0
34
260
470
665
818
909
935
897
796
643
449
234
21
0
0
0
0
0
0
0
0
0
0
0
31
228
429
598
729
821
834
816
712
588
403
212
19
0
0
0
0
0
0
0
0
0
0
0
75
273
495
690
842
936
963
925
823
666
463
241
23
0
0
0
0
0
0
0
0
0
0
0
79
278
500
701
853
947
974
936
834
675
471
249
26
0
0
0
0
0
0
0
0
0
0
0
66
228
428
581
705
804
835
778
715
603
423
220
26
0
0
0
0
0
0
0
0
0
0
0
33
109
187
250
313
365
364
355
310
245
158
77
5
0
0
0
0
0
0
0
0
0
0
0
83
260
470
656
802
862
882
843
725
575
391
206
18
0
0
0
0
0
0
0
0
0
0
0
89
289
506
706
858
949
970
929
826
671
470
250
29
0
0
0
0
0
0
0
0
0
0
0
87
273
472
636
779
863
893
854
761
613
433
234
27
0
0
0
0
0
0
0
0
0
0
0
94
291
506
698
843
929
962
923
815
662
465
247
29
0
0
0
0
0
0
0
0
0
0
0
88
281
460
622
776
897
967
915
852
682
491
264
41
0
0
0
0
0
0
0
0
0
0
0
98
295
506
695
838
927
949
919
820
672
476
259
36
0
0
0
0
0
0
0
0
0
0
1
98
289
471
568
630
745
809
757
707
604
431
244
35
0
0
0
0
0
0
0
0
0
0
1
107
306
517
700
840
922
945
902
808
655
467
255
70
0
0
0
0
0
0
0
0
0
0
1
107
300
498
662
797
829
859
836
750
585
413
231
66
0
0
0
0
0
0
0
0
0
0
1
117
325
547
739
878
966
988
936
829
666
467
248
67
0
0
0
0
0
0
0
0
0
0
1
111
307
518
709
855
939
964
928
825
671
475
259
74
0
0
0
0
0
0
0
0
0
0
1
118
346
394
520
417
362
480
665
515
481
500
251
65
0
0
0
0
0
0
0
0
0
0
1
88
231
385
541
653
710
730
743
655
512
363
210
63
0
0
0
0
0
0
0
0
0
0
3
138
325
472
604
906
220
618
416
695
344
193
127
7
0
0
0
0
0
0
0
0
0
0
2
119
308
509
685
825
888
909
884
791
641
463
258
80
0
0
0
0
0
0
0
0
0
0
2
127
324
527
702
836
915
942
901
806
657
472
265
83
0
0
0
0
0
0
0
0
0
0
2
132
328
535
711
840
912
939
879
775
637
456
261
80
0
0
0
0
0
0
0
0
0
0
2
129
326
536
707
835
904
931
894
786
638
461
259
83
0
0
0
0
0
0
0
0
0
0
3
134
333
542
716
848
934
960
918
834
689
499
290
94
0
0
0
0
0
0
0
0
0
0
2
127
317
470
616
770
848
873
795
721
588
419
244
69
0
0
0
0
0
0
0
0
0
0
3
120
290
453
592
707
733
787
756
613
550
427
285
100
1
0
0
0
0
0
0
0
0
0
4
142
342
549
728
864
944
966
924
829
678
490
281
94
0
0
0
0
0
0
0
0
0
0
4
141
337
540
713
855
939
969
930
828
674
485
281
96
0
0
0
0
0
0
0
0
0
0
4
128
303
482
638
751
818
834
794
711
578
418
240
81
0
0
0
0
0
0
0
0
0
0
1
84
227
365
518
639
798
848
834
750
610
488
301
111
2
0
0
0
0
0
0
0
0
0
4
132
306
482
629
749
814
837
806
713
583
426
250
87
0
0
0
0
0
0
0
0
0
0
4
135
314
503
673
804
890
923
883
786
651
465
277
101
1
0
0
0
0
0
0
0
0
0
2
88
186
298
381
473
472
504
475
451
426
330
193
66
1
0
0
0
0
0
0
0
0
0
6
150
346
545
714
846
924
945
905
809
663
482
277
97
0
0
0
0
0
0
0
0
0
0
6
160
365
572
758
892
974
996
950
851
699
503
293
104
1
0
0
0
0
0
0
0
0
0
7
167
373
582
766
907
987
1009
966
871
721
529
315
115
1
0
0
0
0
0
0
0
0
0
8
178
395
616
804
945
1026
1045
998
895
738
538
318
116
1
0
0
0
0
0
0
0
0
0
8
164
360
561
726
863
940
964
931
838
695
517
316
121
2
0
0
0
0
0
0
0
0
0
8
169
374
581
757
894
974
990
952
861
709
518
311
117
1
0
0
0
0
0
0
0
0
0
8
172
378
584
772
908
990
1014
971
875
721
524
315
118
1
0
0
0
0
0
0
0
0
0
9
173
380
588
769
903
979
1000
960
860
708
518
310
116
1
0
0
0
0
0
0
0
0
0
10
184
397
611
792
929
1013
1032
996
900
747
554
339
133
2
0
0
0
0
0
0
0
0
0
11
196
415
646
828
976
583
575
551
508
410
295
172
62
1
0
0
0
0
0
0
0
0
0
9
174
367
557
726
850
923
932
899
814
668
496
300
118
1
0
0
0
0
0
0
0
0
0
9
164
358
545
715
837
912
918
885
807
656
482
295
114
1
0
0
0
0
0
0
0
0
0
9
147
322
490
652
765
826
905
834
740
615
477
300
121
2
0
0
0
0
0
0
0
0
0
11
180
388
597
780
916
993
1013
976
877
726
537
329
133
3
0
0
0
0
0
0
0
0
0
9
146
306
476
607
695
764
789
764
686
569
413
244
96
1
0
0
0
0
0
0
0
0
0
10
171
364
549
725
847
923
944
911
831
695
519
322
135
4
0
0
0
0
0
0
0
0
0
11
175
378
580
760
895
982
1005
971
878
724
537
331
134
3
0
0
0
0
0
0
0
0
0
11
170
359
553
723
847
926
943
912
835
698
515
319
131
4
0
0
0
0
0
0
0
0
0
12
174
366
558
710
846
922
952
915
821
688
505
311
128
3
0
0
0
0
0
0
0
0
0
12
175
364
560
735
864
947
958
917
823
689
509
313
130
3
0
0
0
0
0
0
0
0
0
11
169
361
552
711
836
912
919
888
795
674
514
314
133
3
0
0
0
0
0
0
0
0
0
13
184
389
595
775
913
999
1022
983
891
742
554
345
144
5
0
0
0
0
0
0
0
0
0
12
163
342
516
679
790
874
908
878
802
706
535
339
148
7
0
0
0
0
0
0
0
0
0
12
174
360
543
697
813
898
921
903
832
702
535
337
146
6
0
0
0
0
0
0
0
0
0
12
156
320
492
657
753
829
835
803
726
590
428
274
109
2
0
0
0
0
0
0
0
0
0
12
173
364
554
730
856
927
958
925
827
684
513
318
135
4
0
0
0
0
0
0
0
0
0
13
178
374
572
747
878
959
984
942
845
707
530
325
137
4
0
0
0
0
0
0
0
0
0
14
187
397
604
787
930
1013
1039
1004
908
763
576
363
157
7
0
0
0
0
0
0
0
0
0
13
179
375
573
741
866
951
978
936
852
713
536
340
148
6
0
0
0
0
0
0
0
0
0
13
173
364
559
728
863
946
965
919
828
692
522
332
146
6
0
0
0
0
0
0
0
0
0
13
182
384
586
762
895
974
1000
967
871
727
546
345
149
5
0
0
0
0
0
0
0
0
0
13
182
384
582
760
891
977
1001
966
869
726
546
344
149
6
0
0
0
0
0
0
0
0
0
14
192
404
616
800
940
1022
1043
1002
905
755
564
354
151
4
0
0
0
0
0
0
0
0
0
13
165
356
538
701
829
912
902
862
785
635
472
304
132
6
0
0
0
0
0
0
0
0
0
12
172
369
566
742
870
952
973
925
841
699
520
322
136
5
0
0
0
0
0
0
0
0
0
12
169
358
549
712
845
926
961
930
846
715
544
343
155
8
0
0
0
0
0
0
0
0
0
13
164
349
544
700
829
903
916
865
764
629
478
310
139
7
0
0
0
0
0
0
0
0
0
11
166
353
548
715
843
929
959
936
842
714
530
335
148
8
0
0
0
0
0
0
0
0
0
11
166
355
547
726
859
948
971
949
859
730
547
343
154
9
0
0
0
0
0
0
0
0
0
11
158
335
505
677
823
892
925
873
800
686
509
335
153
9
0
0
0
0
0
0
0
0
0
12
174
370
572
753
888
977
1002
969
890
757
570
363
163
9
0
0
0
0
0
0
0
0
0
12
177
381
589
771
908
998
1030
1000
907
763
580
370
165
9
0
0
0
0
0
0
0
0
0
11
168
367
568
749
880
962
989
955
868
721
546
343
148
6
0
0
0
0
0
0
0
0
0
11
174
370
574
745
879
958
981
952
863
725
543
343
151
6
0
0
0
0
0
0
0
0
0
11
169
365
565
737
878
966
985
967
871
728
551
352
158
8
0
0
0
0
0
0
0
0
0
10
160
348
538
703
837
931
956
945
864
734
559
357
162
10
0
0
0
0
0
0
0
0
0
10
171
375
582
767
910
1004
1038
1006
914
769
580
369
164
10
0
0
0
0
0
0
0
0
0
10
170
372
579
762
902
986
1009
966
885
739
559
354
157
7
0
0
0
0
0
0
0
0
0
10
165
360
560
738
871
953
987
964
877
737
558
355
158
8
0
0
0
0
0
0
0
0
0
9
168
372
579
761
901
986
1016
983
891
747
563
355
156
6
0
0
0
0
0
0
0
0
0
9
159
355
550
728
855
937
959
934
846
713
538
346
155
7
0
0
0
0
0
0
0
0
0
9
169
370
577
751
890
979
1004
973
884
749
565
364
163
7
0
0
0
0
0
0
0
0
0
9
181
398
617
810
958
1044
1074
1038
941
788
593
376
164
5
0
0
0
0
0
0
0
0
0
8
173
379
589
768
904
992
1020
985
895
754
573
368
166
7
0
0
0
0
0
0
0
0
0
8
165
372
580
766
913
1002
1036
1000
913
768
582
372
166
8
0
0
0
0
0
0
0
0
0
8
165
371
585
773
921
1016
1054
1018
926
783
593
380
169
9
0
0
0
0
0
0
0
0
0
7
152
341
538
688
825
907
930
921
830
696
531
334
147
6
0
0
0
0
0
0
0
0
0
7
160
366
581
771
918
1009
1041
1010
919
773
583
370
163
9
0
0
0
0
0
0
0
0
0
6
150
339
539
714
848
931
972
944
862
734
553
347
154
7
0
0
0
0
0
0
0
0
0
6
148
339
541
718
855
944
970
945
857
723
540
341
150
6
0
0
0
0
0
0
0
0
0
5
139
322
515
676
817
914
923
907
830
715
536
346
152
8
0
0
0
0
0
0
0
0
0
5
141
333
533
688
816
909
942
903
818
684
530
325
138
4
0
0
0
0
0
0
0
0
0
5
140
332
534
718
862
952
979
949
863
724
545
341
146
5
0
0
0
0
0
0
0
0
0
5
145
346
556
743
888
982
1015
993
911
767
577
363
156
8
0
0
0
0
0
0
0
0
0
4
128
324
513
681
792
851
907
876
823
676
513
331
144
8
0
0
0
0
0
0
0
0
0
4
142
344
552
737
885
978
1011
985
895
751
561
349
148
5
0
0
0
0
0
0
0
0
0
4
145
348
561
755
904
997
1031
997
901
758
568
355
149
4
0
0
0
0
0
0
0
0
0
4
138
332
535
717
856
953
972
949
876
736
557
353
153
5
0
0
0
0
0
0
0
0
0
3
131
321
522
697
842
925
958
927
854
728
557
358
154
6
0
0
0
0
0
0
0
0
0
3
132
323
526
704
845
924
951
922
829
695
522
320
132
3
0
0
0
0
0
0
0
0
0
3
132
328
534
712
854
936
968
930
843
700
524
324
133
3
0
0
0
0
0
0
0
0
0
3
125
318
517
687
832
910
941
904
813
673
506
312
129
4
0
0
0
0
0
0
0
0
0
3
121
307
507
686
836
932
956
937
856
715
540
332
138
4
0
0
0
0
0
0
0
0
0
2
121
313
512
681
820
918
942
916
826
680
506
308
115
1
0
0
0
0
0
0
0
0
0
2
120
307
507
670
812
894
926
922
831
702
518
316
132
4
0
0
0
0
0
0
0
0
0
2
115
296
491
666
808
881
920
882
798
671
504
305
119
2
0
0
0
0
0
0
0
0
0
2
112
291
491
664
801
901
926
878
780
655
509
309
122
2
0
0
0
0
0
0
0
0
0
2
118
311
513
695
843
935
967
936
850
711
525
318
125
2
0
0
0
0
0
0
0
0
0
1
114
306
506
691
836
938
963
941
858
713
525
316
122
2
0
0
0
0
0
0
0
0
0
1
117
311
517
705
849
948
983
952
861
715
535
323
125
2
0
0
0
0
0
0
0
0
0
1
110
298
496
684
832
925
953
923
830
691
512
313
120
2
0
0
0
0
0
0
0
0
0
1
114
310
522
711
853
947
982
953
866
720
530
316
119
1
0
0
0
0
0
0
0
0
0
1
111
312
527
721
866
963
994
959
868
717
531
317
117
1
0
0
0
0
0
0
0
0
0
1
101
284
491
669
804
901
949
914
825
685
494
294
109
1
0
0
0
0
0
0
0
0
0
1
102
282
479
658
793
880
909
881
798
654
477
279
100
1
0
0
0
0
0
0
0
0
0
1
106
300
509
703
850
942
969
930
838
692
506
294
103
0
0
0
0
0
0
0
0
0
0
1
94
271
463
635
765
847
882
853
761
632
459
268
95
0
0
0
0
0
0
0
0
0
0
0
94
273
471
645
780
858
890
857
770
635
462
269
93
0
0
0
0
0
0
0
0
0
0
1
92
273
477
658
764
842
833
830
752
623
470
284
98
1
0
0
0
0
0
0
0
0
0
0
92
275
471
658
798
892
935
901
814
671
493
291
100
1
0
0
0
0
0
0
0
0
0
0
86
250
442
621
758
852
889
848
773
650
471
273
94
1
0
0
0
0
0
0
0
0
0
0
91
275
474
662
818
906
936
915
824
677
492
282
94
0
0
0
0
0
0
0
0
0
0
0
94
285
497
687
835
919
949
913
816
670
480
271
86
0
0
0
0
0
0
0
0
0
0
0
89
273
472
659
810
900
934
904
815
667
486
277
90
0
0
0
0
0
0
0
0
0
0
0
90
277
480
659
799
890
922
896
821
677
486
275
87
0
0
0
0
0
0
0
0
0
0
0
88
279
490
679
823
912
943
911
819
672
480
268
81
0
0
0
0
0
0
0
0
0
0
0
86
272
480
661
808
897
917
886
793
649
459
255
75
0
0
0
0
0
0
0
0
0
0
0
75
241
429
595
741
856
873
853
762
623
447
249
76
0
0
0
0
0
0
0
0
0
0
0
77
254
458
637
777
877
910
870
779
642
449
247
70
0
0
0
0
0
0
0
0
0
0
0
81
271
486
677
818
898
927
888
796
638
447
241
66
0
0
0
0
0
0
0
0
0
0
0
72
236
439
606
746
838
886
844
750
618
442
232
31
0
0
0
0
0
0
0
0
0
0
0
43
140
356
539
661
806
814
791
742
546
372
166
11
0
0
0
0
0
0
0
0
0
0
0
74
254
458
637
781
871
907
884
773
620
438
230
27
0
0
0
0
0
0
0
0
0
0
0
70
246
444
635
778
875
901
879
788
646
457
247
33
0
0
0
0
0
0
0
0
0
0
0
71
251
451
642
774
873
898
861
781
637
441
234
28
0
0
0
0
0
0
0
0
0
0
0
69
250
461
660
804
897
927
891
790
635
441
229
24
0
0
0
0
0
0
0
0
0
0
0
71
256
464
664
820
915
947
908
810
651
448
235
24
0
0
0
0
0
0
0
0
0
0
0
67
246
457
649
800
897
920
877
778
623
427
218
20
0
0
0
0
0
0
0
0
0
0
0
32
238
437
624
767
854
885
860
763
612
425
219
21
0
0
0
0
0
0
0
0
0
0
0
33
262
479
673
821
910
924
880
776
613
414
202
11
0
0
0
0
0
0
0
0
0
0
0
30
240
451
633
779
872
900
855
762
607
416
209
17
0
0
0
0
0
0
0
0
0
0
0
28
234
432
621
757
842
853
815
725
569
388
188
11
0
0
0
0
0
0
0
0
0
0
0
25
220
409
592
727
820
847
818
730
586
391
196
16
0
0
0
0
0
0
0
0
0
0
0
27
234
443
630
776
864
888
846
751
594
398
189
11
0
0
0
0
0
0
0
0
0
0
0
28
249
467
663
808
897
920
876
769
604
398
186
8
0
0
0
0
0
0
0
0
0
0
0
22
207
397
570
706
791
805
774
691
555
364
178
11
0
0
0
0
0
0
0
0
0
0
0
21
209
407
582
732
812
835
794
692
536
349
159
6
0
0
0
0
0
0
0
0
0
0
0
23
226
427
612
751
838
849
818
716
558
368
165
6
0
0
0
0
0
0
0
0
0
0
0
23
229
441
629
773
856
870
826
720
562
369
166
5
0
0
0
0
0
0
0
0
0
0
0
22
231
442
632
779
867
889
850
745
588
384
173
6
0
0
0
0
0
0
0
0
0
0
0
21
227
437
623
762
845
872
830
727
569
373
166
5
0
0
0
0
0
0
0
0
0
0
0
20
223
434
623
767
851
868
829
730
569
370
162
5
0
0
0
0
0
0
0
0
0
0
0
19
222
426
600
742
825
840
800
695
540
349
148
3
0
0
0
0
0
0
0
0
0
0
0
17
198
382
558
688
777
799
761
658
510
343
144
4
0
0
0
0
0
0
0
0
0
0
0
18
223
437
630
781
871
890
847
740
575
371
158
4
0
0
0
0
0
0
0
0
0
0
0
16
209
410
592
730
807
819
767
652
497
310
124
1
0
0
0
0
0
0
0
0
0
0
0
16
217
429
619
764
847
865
821
713
552
348
140
2
0
0
0
0
0
0
0
0
0
0
0
15
191
379
550
668
745
782
754
657
503
315
129
2
0
0
0
0
0
0
0
0
0
0
0
3
69
36
156
480
665
576
660
566
503
290
87
2
0
0
0
0
0
0
0
0
0
0
0
10
162
336
480
578
659
680
650
564
431
261
96
1
0
0
0
0
0
0
0
0
0
0
0
14
201
405
580
718
800
828
779
674
518
320
119
1
0
0
0
0
0
0
0
0
0
0
0
9
158
324
467
577
649
657
614
524
394
240
88
0
0
0
0
0
0
0
0
0
0
0
0
11
182
376
552
685
757
768
730
623
466
279
98
0
0
0
0
0
0
0
0
0
0
0
0
9
165
337
488
603
677
684
641
552
422
254
89
0
0
0
0
0
0
0
0
0
0
0
0
10
183
380
560
695
775
792
743
637
477
284
97
0
0
0
0
0
0
0
0
0
0
0
0
13
165
347
503
621
692
648
622
563
393
233
76
0
0
0
0
0
0
0
0
0
0
0
0
9
178
373
549
665
748
759
714
610
456
269
86
0
0
0
0
0
0
0
0
0
0
0
0
8
182
380
557
694
774
789
739
634
472
273
86
0
0
0
0
0
0
0
0
0
0
0
0
8
169
366
539
672
746
767
723
615
454
268
86
0
0
0
0
0
0
0
0
0
0
0
0
8
179
383
571
711
792
809
759
647
483
283
88
0
0
0
0
0
0
0
0
0
0
0
0
7
172
366
557
690
752
763
711
601
439
253
74
0
0
0
0
0
0
0
0
0
0
0
0
6
150
339
497
619
707
757
687
582
434
243
74
0
0
0
0
0
0
0
0
0
0
0
0
4
114
238
414
405
492
614
673
632
478
229
50
0
0
0
0
0
0
0
0
0
0
0
0
8
186
369
601
785
627
463
416
390
204
130
15
0
0
0
0
0
0
0
0
0
0
0
0
6
181
397
590
736
818
834
779
658
486
275
36
0
0
0
0
0
0
0
0
0
0
0
0
5
164
365
548
686
763
774
722
604
443
249
30
0
0
0
0
0
0
0
0
0
0
0
0
5
166
362
533
662
734
739
690
575
413
222
21
0
0
0
0
0
0
0
0
0
0
0
0
5
160
358
541
675
752
766
709
590
414
222
19
0
0
0
0
0
0
0
0
0
0
0
0
4
154
351
530
659
732
741
693
586
423
227
21
0
0
0
0
0
0
0
0
0
0
0
0
1
99
244
317
371
521
513
553
522
414
239
39
0
0
0
0
0
0
0
0
0
0
0
0
3
137
327
500
636
710
726
662
559
397
204
20
0
0
0
0
0
0
0
0
0
0
0
0
2
108
262
394
521
499
479
421
478
394
225
29
0
0
0
0
0
0
0
0
0
0
0
0
3
136
325
506
639
712
720
666
549
381
198
15
0
0
0
0
0
0
0
0
0
0
0
0
3
139
336
502
628
697
708
640
526
367
181
9
0
0
0
0
0
0
0
0
0
0
0
0
2
129
308
466
589
668
696
649
549
399
202
15
0
0
0
0
0
0
0
0
0
0
0
0
3
116
318
474
565
661
491
474
412
258
134
3
0
0
0
0
0
0
0
0
0
0
0
0
1
17
26
283
426
510
795
561
339
133
49
23
0
0
0
0
0
0
0
0
0
0
0
0
1
99
252
388
479
510
513
498
406
283
141
6
0
0
0
0
0
0
0
0
0
0
0
0
1
112
285
422
538
623
619
547
487
319
132
6
0
0
0
0
0
0
0
0
0
0
0
0
1
97
240
388
500
513
476
446
405
292
134
2
0
0
0
0
0
0
0
0
0
0
0
0
1
86
229
348
429
490
512
484
394
282
142
7
0
0
0
0
0
0
0
0
0
0
0
0
1
119
306
479
604
677
680
622
505
345
164
6
0
0
0
0
0
0
0
0
0
0
0
0
1
118
310
489
619
697
703
648
524
360
169
6
0
0
0
0
0
0
0
0
0
0
0
0
1
112
295
474
609
680
695
647
515
348
160
5
0
0
0
0
0
0
0
0
0
0
0
0
1
111
298
477
609
686
697
649
531
364
171
7
0
0
0
0
0
0
0
0
0
0
0
0
1
64
144
252
299
405
347
404
381
300
164
12
0
0
0
0
0
0
0
0
0
0
0
0
0
103
289
465
595
669
686
631
515
349
158
6
0
0
0
0
0
0
0
0
0
0
0
0
0
89
261
414
535
618
616
554
454
303
133
4
0
0
0
0
0
0
0
0
0
0
0
0
0
96
274
453
587
663
672
616
500
336
148
4
0
0
0
0
0
0
0
0
0
0
0
0
0
96
276
450
583
658
668
610
490
327
143
3
0
0
0
0
0
0
0
0
0
0
0
0
0
95
279
455
591
671
683
629
505
338
150
3
0
0
0
0
0
0
0
0
0
0
0
0
0
96
283
466
602
672
676
618
497
328
141
2
0
0
0
0
0
0
0
0
0
0
0
0
0
92
276
452
585
655
668
602
481
312
131
1
0
0
0
0
0
0
0
0
0
0
0
0
0
87
266
439
568
643
656
600
485
318
134
2
0
0
0
0
0
0
0
0
0
0
0
0
0
86
268
445
577
649
660
607
483
318
131
2
0
0
0
0
0
0
0
0
0
0
0
0
0
63
197
332
430
485
493
448
373
246
100
1
0
0
0
0
0
0
0
0
0
0
0
0
0
69
219
374
513
602
611
518
412
270
101
1
0
0
0
0
0
0
0
0
0
0
0
0
0
70
237
403
519
594
614
559
442
289
118
2
0
0
0
0
0
0
0
0
0
0
0
0
0
69
230
392
510
580
591
538
426
273
108
1
0
0
0
0
0
0
0
0
0
0
0
0
0
68
235
398
524
597
607
544
429
276
108
1
0
0
0
0
0
0
0
0
0
0
0
0
0
33
234
404
538
604
619
568
448
292
115
1
0
0
0
0
0
0
0
0
0
0
0
0
0
30
220
372
494
557
575
522
418
266
104
1
0
0
0
0
0
0
0
0
0
0
0
0
0
32
241
421
560
636
646
591
473
305
119
1
0
0
0
0
0
0
0
0
0
0
0
0
0
40
170
351
458
365
425
252
264
131
40
0
0
0
0
0
0
0
0
0
0
0
0
0
0
29
209
344
457
520
553
517
404
268
106
1
0
0
0
0
0
0
0
0
0
0
0
0
0
23
197
347
465
533
541
491
390
250
94
0
0
0
0
0
0
0
0
0
0
0
0
0
0
19
198
319
406
504
521
476
399
274
107
2
0
0
0
0
0
0
0
0
0
0
0
0
0
9
70
124
152
157
164
120
79
51
17
0
0
0
0
0
0
0
0
0
0
0
0
0
0
29
105
157
289
286
227
299
73
22
8
0
0
0
0
0
0
0
0
0
0
0
0
0
0
18
183
334
453
520
531
479
379
235
85
0
0
0
0
0
0
0
0
0
0
0
0
0
0
18
191
358
481
555
571
515
403
252
91
0
0
0
0
0
0
0
0
0
0
0
0
0
0
18
166
333
440
515
504
474
341
231
72
0
0
0
0
0
0
0
0
0
0
0
0
0
0
16
189
353
480
546
579
536
422
271
99
0
0
0
0
0
0
0
0
0
0
0
0
0
0
16
194
359
483
566
583
538
427
275
101
0
0
0
0
0
0
0
0
0
0
0
0
0
0
16
137
302
244
398
484
408
380
225
81
0
0
0
0
0
0
0
0
0
0
0
0
0
0
3
120
351
382
357
460
257
208
64
39
1
0
0
0
0
0
0
0
0
0
0
0
0
0
13
161
312
411
526
536
477
358
229
75
0
0
0
0
0
0
0
0
0
0
0
0
0
0
12
169
329
447
509
502
435
349
214
83
0
0
0
0
0
0
0
0
0
0
0
0
0
0
2
13
91
183
307
303
540
402
266
94
1
0
0
0
0
0
0
0
0
0
0
0
0
0
10
169
325
454
524
543
498
399
255
90
0
0
0
0
0
0
0
0
0
0
0
0
0
0
9
162
319
440
515
539
503
402
253
89
0
0
0
0
0
0
0
0
0
0
0
0
0
0
2
61
97
111
373
337
271
332
236
99
1
0
0
0
0
0
0
0
0
0
0
0
0
0
8
136
248
335
357
375
354
269
185
88
0
0
0
0
0
0
0
0
0
0
0
0
0
0
18
116
220
443
550
413
328
260
158
36
0
0
0
0
0
0
0
0
0
0
0
0
0
0
2
127
243
331
465
355
428
279
195
43
0
0
0
0
0
0
0
0
0
0
0
0
0
0
8
161
327
439
486
516
426
326
200
69
0
0
0
0
0
0
0
0
0
0
0
0
0
0
4
131
261
285
450
431
407
344
218
91
1
0
0
0
0
0
0
0
0
0
0
0
0
0
6
122
257
382
490
471
414
339
221
89
0
0
0
0
0
0
0
0
0
0
0
0
0
0
6
148
311
445
529
550
510
407
253
89
0
0
0
0
0
0
0
0
0
0
0
0
0
0
5
135
278
387
467
495
462
376
242
85
0
0
0
0
0
0
0
0
0
0
0
0
0
0
5
141
301
436
514
539
497
395
248
88
0
0
0
0
0
0
0
0
0
0
0
0
0
0
4
112
263
355
437
489
480
387
235
82
0
0
0
0
0
0
0
0
0
0
0
0
0
0
5
144
302
433
476
512
446
346
220
76
0
0
0
0
0
0
0
0
0
0
0
0
0
0
2
101
212
321
425
426
389
336
245
87
1
0
0
0
0
0
0
0
0
0
0
0
0
0
1
115
292
438
415
431
370
285
194
67
0
0
0
0
0
0
0
0
0
0
0
0
0
0
1
98
219
340
396
423
392
316
209
69
0
0
0
0
0
0
0
0
0
0
0
0
0
0
3
121
266
398
488
510
484
390
251
93
0
0
0
0
0
0
0
0
0
0
0
0
0
0
1
86
181
333
413
436
402
339
247
91
0
0
0
0
0
0
0
0
0
0
0
0
0
0
3
125
279
409
491
513
475
379
240
88
0
0
0
0
0
0
0
0
0
0
0
0
0
0
3
115
279
387
430
454
404
334
194
75
0
0
0
0
0
0
0
0
0
0
0
0
0
0
3
144
292
327
396
253
257
207
162
62
0
0
0
0
0
0
0
0
0
0
0
0
0
0
2
114
256
374
451
468
430
348
224
83
0
0
0
0
0
0
0
0
0
0
0
0
0
0
1
85
209
314
364
360
334
280
179
72
1
0
0
0
0
0
0
0
0
0
0
0
0
0
2
125
279
409
493
521
491
393
247
94
0
0
0
0
0
0
0
0
0
0
0
0
0
0
1
20
53
83
107
109
411
332
200
78
0
0
0
0
0
0
0
0
0
0
0
0
0
0
1
60
148
251
356
398
336
197
178
70
0
0
0
0
0
0
0
0
0
0
0
0
0
0
1
78
215
295
321
312
291
281
166
55
0
0
0
0
0
0
0
0
0
0
0
0
0
0
2
98
235
351
424
434
409
332
208
79
0
0
0
0
0
0
0
0
0
0
0
0
0
0
1
109
264
399
490
509
466
380
250
102
1
0
0
0
0
0
0
0
0
0
0
0
0
0
2
99
239
349
422
443
404
330
214
84
0
0
0
0
0
0
0