0
0
0
0
0
0
0
1
125
304
464
581
624
599
510
365
187
11
0
0
0
0
0
0
0
0
0
0
0
0
0
1
128
312
470
578
624
602
515
375
197
13
0
0
0
0
0
0
0
0
0
0
0
0
0
1
120
298
457
575
618
604
520
382
201
14
0
0
0
0
0
0
0
0
0
0
0
0
0
1
96
226
348
446
485
483
402
306
159
10
0
0
0
0
0
0
0
0
0
0
0
0
0
1
119
297
456
553
606
584
514
371
195
15
0
0
0
0
0
0
0
0
0
0
0
0
0
1
116
278
435
546
594
576
505
368
199
16
0
0
0
0
0
0
0
0
0
0
0
0
0
1
124
311
474
590
641
619
537
394
212
18
0
0
0
0
0
0
0
0
0
0
0
0
0
1
122
295
442
529
574
562
485
374
206
20
0
0
0
0
0
0
0
0
0
0
0
0
0
1
117
286
437
553
592
578
504
375
213
20
0
0
0
0
0
0
0
0
0
0
0
0
0
1
115
291
444
552
598
585
511
377
216
23
0
0
0
0
0
0
0
0
0
0
0
0
0
1
121
304
468
584
637
621
535
399
220
21
0
0
0
0
0
0
0
0
0
0
0
0
0
1
120
297
459
564
628
612
531
387
215
20
0
0
0
0
0
0
0
0
0
0
0
0
0
1
121
314
455
531
577
569
495
367
212
22
0
0
0
0
0
0
0
0
0
0
0
0
0
1
127
319
488
610
663
655
570
425
240
27
0
0
0
0
0
0
0
0
0
0
0
0
0
1
128
316
487
606
665
649
570
425
241
29
0
0
0
0
0
0
0
0
0
0
0
0
0
1
118
293
462
562
607
602
521
384
216
24
0
0
0
0
0
0
0
0
0
0
0
0
0
1
131
324
494
624
683
675
590
441
250
32
0
0
0
0
0
0
0
0
0
0
0
0
0
1
131
322
492
608
666
651
576
431
245
31
0
0
0
0
0
0
0
0
0
0
0
0
0
1
131
323
500
622
679
665
590
448
259
37
0
0
0
0
0
0
0
0
0
0
0
0
0
1
122
305
463
565
624
614
539
401
241
37
0
0
0
0
0
0
0
0
0
0
0
0
0
1
123
295
460
572
624
578
526
415
240
39
0
0
0
0
0
0
0
0
0
0
0
0
0
2
129
316
486
605
660
650
570
428
250
75
0
0
0
0
0
0
0
0
0
0
0
0
0
2
145
346
522
645
707
694
611
468
279
84
0
0
0
0
0
0
0
0
0
0
0
0
0
2
124
295
423
555
612
616
539
408
239
70
0
0
0
0
0
0
0
0
0
0
0
0
0
2
139
335
506
626
690
676
592
456
276
86
0
0
0
0
0
0
0
0
0
0
0
0
0
2
137
328
498
620
673
660
592
448
265
84
0
0
0
0
0
0
0
0
0
0
0
0
0
2
137
329
495
611
651
646
568
415
245
75
0
0
0
0
0
0
0
0
0
0
0
0
0
2
130
305
462
589
650
649
578
445
273
94
0
0
0
0
0
0
0
0
0
0
0
0
0
2
133
322
491
614
669
657
580
443
270
90
0
0
0
0
0
0
0
0
0
0
0
0
0
2
128
311
479
587
649
639
578
459
284
94
0
0
0
0
0
0
0
0
0
0
0
0
0
3
137
325
502
629
672
649
565
445
276
96
0
0
0
0
0
0
0
0
0
0
0
0
0
3
135
313
478
586
644
647
558
450
283
100
0
0
0
0
0
0
0
0
0
0
0
0
0
2
139
328
490
591
642
640
565
444
265
92
0
0
0
0
0
0
0
0
0
0
0
0
0
4
144
362
548
559
597
517
318
227
120
9
0
0
0
0
0
0
0
0
0
0
0
0
0
3
134
307
466
579
636
627
561
435
264
95
0
0
0
0
0
0
0
0
0
0
0
0
0
3
139
314
483
592
647
638
573
440
274
98
0
0
0
0
0
0
0
0
0
0
0
0
0
3
129
298
467
594
668
657
600
469
296
113
1
0
0
0
0
0
0
0
0
0
0
0
0
4
148
335
501
611
667
657
594
464
300
113
1
0
0
0
0
0
0
0
0
0
0
0
0
4
158
357
534
658
719
710
629
488
301
111
0
0
0
0
0
0
0
0
0
0
0
0
0
9
139
121
45
56
323
724
718
333
51
10
4
0
0
0
0
0
0
0
0
0
0
0
0
2
54
121
175
236
248
246
222
178
112
46
1
0
0
0
0
0
0
0
0
0
0
0
0
4
123
262
414
512
543
535
478
388
250
95
1
0
0
0
0
0
0
0
0
0
0
0
0
6
161
357
531
634
672
670
581
446
290
116
1
0
0
0
0
0
0
0
0
0
0
0
0
4
143
317
477
599
678
691
606
482
307
124
2
0
0
0
0
0
0
0
0
0
0
0
0
7
171
355
532
626
676
656
595
480
299
116
1
0
0
0
0
0
0
0
0
0
0
0
0
8
183
389
568
696
759
755
682
538
348
144
2
0
0
0
0
0
0
0
0
0
0
0
0
8
190
395
576
699
751
737
658
525
341
142
2
0
0
0
0
0
0
0
0
0
0
0
0
7
155
341
506
599
647
646
564
444
276
106
1
0
0
0
0
0
0
0
0
0
0
0
0
11
191
382
540
672
697
644
543
454
292
131
1
0
0
0
0
0
0
0
0
0
0
0
0
11
207
420
606
738
802
792
714
570
376
159
3
0
0
0
0
0
0
0
0
0
0
0
0
9
179
366
529
620
665
664
593
454
300
126
1
0
0
0
0
0
0
0
0
0
0
0
0
12
192
387
552
678
738
727
652
519
336
141
3
0
0
0
0
0
0
0
0
0
0
0
0
13
169
320
455
564
509
565
585
525
388
167
12
0
0
0
0
0
0
0
0
0
0
0
0
14
207
417
594
723
787
779
710
565
376
165
5
0
0
0
0
0
0
0
0
0
0
0
0
15
192
395
540
678
727
693
595
484
325
135
2
0
0
0
0
0
0
0
0
0
0
0
0
15
198
390
551
655
697
688
615
481
309
131
2
0
0
0
0
0
0
0
0
0
0
0
0
15
208
404
572
710
757
758
684
548
364
166
5
0
0
0
0
0
0
0
0
0
0
0
0
6
163
363
571
685
659
588
455
347
368
182
21
0
0
0
0
0
0
0
0
0
0
0
0
18
198
374
528
675
764
768
693
524
344
158
5
0
0
0
0
0
0
0
0
0
0
0
0
21
220
426
586
687
721
724
660
514
343
144
5
0
0
0
0
0
0
0
0
0
0
0
0
20
224
422
596
726
787
780
700
564
378
171
6
0
0
0
0
0
0
0
0
0
0
0
0
23
237
437
609
736
797
792
714
571
383
175
5
0
0
0
0
0
0
0
0
0
0
0
0
16
134
259
380
497
557
706
698
626
441
206
17
0
0
0
0
0
0
0
0
0
0
0
0
10
85
163
221
261
282
278
253
207
141
67
2
0
0
0
0
0
0
0
0
0
0
0
0
28
238
436
597
701
755
726
692
558
368
179
9
0
0
0
0
0
0
0
0
0
0
0
0
29
243
453
621
740
801
789
708
576
384
177
8
0
0
0
0
0
0
0
0
0
0
0
0
35
279
499
679
806
860
848
764
618
420
199
7
0
0
0
0
0
0
0
0
0
0
0
0
34
244
431
590
690
735
735
666
529
382
178
7
0
0
0
0
0
0
0
0
0
0
0
0
79
287
506
686
810
867
850
767
619
424
204
9
0
0
0
0
0
0
0
0
0
0
0
0
76
272
482
646
764
822
796
719
579
389
185
7
0
0
0
0
0
0
0
0
0
0
0
0
84
290
502
684
810
866
852
775
637
440
218
13
0
0
0
0
0
0
0
0
0
0
0
0
87
287
499
681
809
865
851
770
627
431
214
13
0
0
0
0
0
0
0
0
0
0
0
0
75
250
420
569
706
795
739
606
498
321
171
8
0
0
0
0
0
0
0
0
0
0
0
0
54
207
347
391
507
592
412
319
268
269
112
3
0
0
0
0
0
0
0
0
0
0
0
0
94
293
501
672
797
856
848
776
624
432
216
15
0
0
0
0
0
0
0
0
0
0
0
0
100
309
525
704
821
878
863
785
636
445
223
15
0
0
0
0
0
0
0
0
0
0
0
0
104
316
533
715
838
895
882
801
654
451
227
16
0
0
0
0
0
0
0
0
0
0
0
0
104
309
519
693
814
865
847
766
620
429
217
15
0
0
0
0
0
0
0
0
0
0
0
0
114
335
557
745
874
936
923
837
683
474
244
20
0
0
0
0
0
0
0
0
0
0
0
0
112
319
519
684
802
846
840
758
613
419
212
14
0
0
0
0
0
0
0
0
0
0
0
0
103
290
440
580
703
735
735
663
554
394
202
15
0
0
0
0
0
0
0
0
0
0
0
1
136
392
635
841
581
585
553
484
414
289
134
4
0
0
0
0
0
0
0
0
0
0
0
1
117
309
513
668
757
804
800
711
568
402
212
19
0
0
0
0
0
0
0
0
0
0
0
1
127
337
524
695
804
853
827
736
604
424
213
15
0
0
0
0
0
0
0
0
0
0
0
1
130
337
555
728
840
870
855
767
623
437
220
17
0
0
0
0
0
0
0
0
0
0
0
1
133
347
558
732
850
901
889
811
665
468
245
23
0
0
0
0
0
0
0
0
0
0
0
2
137
354
569
747
864
914
903
815
673
473
249
25
0
0
0
0
0
0
0
0
0
0
0
2
123
317
492
637
761
803
834
757
596
397
186
11
0
0
0
0
0
0
0
0
0
0
0
2
135
347
549
723
828
874
857
764
625
432
225
19
0
0
0
0
0
0
0
0
0
0
0
3
147
357
564
724
840
890
873
785
641
457
241
24
0
0
0
0
0
0
0
0
0
0
0
3
159
383
600
773
889
938
917
831
678
482
257
27
0
0
0
0
0
0
0
0
0
0
0
4
157
374
576
744
848
889
879
790
645
448
239
24
0
0
0
0
0
0
0
0
0
0
0
4
157
349
531
685
803
849
839
763
660
487
265
34
0
0
0
0
0
0
0
0
0
0
0
5
189
431
658
841
960
1011
989
897
737
527
287
32
0
0
0
0
0
0
0
0
0
0
0
5
187
420
638
815
930
981
955
859
704
499
267
28
0
0
0
0
0
0
0
0
0
0
0
6
176
400
619
791
911
963
943
855
699
497
270
34
0
0
0
0
0
0
0
0
0
0
0
7
184
409
624
795
914
961
937
840
686
481
257
27
0
0
0
0
0
0
0
0
0
0
0
8
190
418
638
809
921
968
940
852
700
501
271
33
0
0
0
0
0
0
0
0
0
0
0
8
195
424
636
808
926
973
953
866
713
512
281
37
0
0
0
0
0
0
0
0
0
0
0
9
192
414
626
793
901
949
923
830
675
486
264
33
0
0
0
0
0
0
0
0
0
0
0
9
187
397
588
745
852
905
883
810
657
471
265
36
0
0
0
0
0
0
0
0
0
0
0
10
191
409
612
768
874
926
913
836
694
496
279
44
0
0
0
0
0
0
0
0
0
0
0
11
200
420
627
784
894
935
922
830
680
489
273
76
0
0
0
0
0
0
0
0
0
0
0
12
200
425
634
785
899
946
927
832
676
482
266
74
0
0
0
0
0
0
0
0
0
0
0
14
211
435
643
797
893
939
919
822
674
483
266
74
0
0
0
0
0
0
0
0
0
0
0
13
199
414
608
763
879
924
904
819
677
486
268
79
0
0
0
0
0
0
0
0
0
0
0
16
215
437
647
815
919
960
935
844
703
505
280
81
0
0
0
0
0
0
0
0
0
0
0
16
210
408
584
743
849
886
884
811
677
474
269
77
0
0
0
0
0
0
0
0
0
0
0
16
206
395
579
745
852
891
890
783
624
443
244
72
0
0
0
0
0
0
0
0
0
0
0
16
128
317
519
664
711
724
713
734
441
380
236
39
0
0
0
0
0
0
0
0
0
0
0
11
196
386
600
612
757
731
776
706
638
376
147
74
0
0
0
0
0
0
0
0
0
0
0
18
213
407
578
694
796
868
820
798
653
462
269
88
0
0
0
0
0
0
0
0
0
0
0
20
213
417
619
772
861
914
900
834
700
502
283
91
0
0
0
0
0
0
0
0
0
0
0
23
214
355
489
657
780
876
872
687
528
365
230
63
0
0
0
0
0
0
0
0
0
0
0
33
170
239
424
467
439
94
474
781
672
418
288
108
1
0
0
0
0
0
0
0
0
0
0
17
186
365
597
708
830
759
779
633
544
468
280
92
0
0
0
0
0
0
0
0
0
0
0
5
94
200
312
417
515
583
472
438
339
289
184
63
0
0
0
0
0
0
0
0
0
0
0
28
229
421
609
749
864
902
872
815
678
509
292
98
0
0
0
0
0
0
0
0
0
0
0
30
243
458
656
814
915
955
929
840
692
500
286
93
0
0
0
0
0
0
0
0
0
0
0
32
248
460
655
804
892
938
918
836
696
511
293
96
0
0
0
0
0
0
0
0
0
0
0
64
246
454
644
792
882
942
910
821
672
490
286
98
0
0
0
0
0
0
0
0
0
0
0
67
248
461
666
819
926
967
939
855
713
521
306
107
1
0
0
0
0
0
0
0
0
0
0
65
235
433
600
709
817
821
829
761
650
483
281
105
1
0
0
0
0
0
0
0
0
0
0
73
256
466
651
808
914
952
933
855
714
530
317
112
1
0
0
0
0
0
0
0
0
0
0
75
258
467
663
815
927
957
927
844
702
513
306
106
1
0
0
0
0
0
0
0
0
0
0
65
222
400
556
682
755
789
764
697
586
432
256
88
0
0
0
0
0
0
0
0
0
0
0
78
260
471
668
825
924
954
921
836
698
513
301
103
0
0
0
0
0
0
0
0
0
0
0
80
266
479
671
820
915
949
925
838
691
502
293
102
0
0
0
0
0
0
0
0
0
0
0
81
268
480
663
799
893
912
907
811
677
499
295
105
0
0
0
0
0
0
0
0
0
0
0
80
261
465
646
806
894
923
893
814
665
499
290
101
1
0
0
0
0
0
0
0
0
0
0
79
254
467
648
797
888
930
898
817
679
494
291
103
1
0
0
0
0
0
0
0
0
0
0
85
270
480
672
825
936
979
953
867
723
535
319
119
1
0
0
0
0
0
0
0
0
0
0
90
283
502
693
848
953
1003
980
897
753
565
344
129
2
0
0
0
0
0
0
0
0
0
0
89
273
478
665
816
909
945
920
837
699
515
310
115
1
0
0
0
0
0
0
0
0
0
0
90
278
502
696
841
914
952
921
859
694
524
324
120
1
0
0
0
0
0
0
0
0
0
0
87
269
465
653
796
884
932
901
822
662
492
295
112
2
0
0
0
0
0
0
0
0
0
0
81
248
433
601
736
810
851
827
766
648
486
297
116
2
0
0
0
0
0
0
0
0
0
0
86
261
429
548
718
789
829
762
644
588
479
303
134
4
0
0
0
0
0
0
0
0
0
0
106
315
539
741
902
999
1033
1003
906
754
557
336
129
1
0
0
0
0
0
0
0
0
0
0
103
301
519
712
866
965
1000
970
877
735
546
333
131
2
0
0
0
0
0
0
0
0
0
0
92
279
473
635
758
851
889
853
790
658
477
288
114
1
0
0
0
0
0
0
0
0
0
0
88
264
466
644
778
855
887
867
810
685
509
308
121
2
0
0
0
0
0
0
0
0
0
1
99
288
496
685
839
912
949
934
848
704
530
326
130
3
0
0
0
0
0
0
0
0
0
1
111
316
536
736
892
990
1026
1004
912
762
569
355
142
3
0
0
0
0
0
0
0
0
0
1
109
308
526
719
874
973
1009
991
900
758
570
356
146
3
0
0
0
0
0
0
0
0
0
1
105
296
497
678
815
910
939
914
841
700
535
336
139
3
0
0
0
0
0
0
0
0
0
1
88
245
450
609
691
787
843
845
793
682
551
332
134
5
0
0
0
0
0
0
0
0
0
1
106
300
512
704
847
937
972
951
873
735
548
337
138
3
0
0
0
0
0
0
0
0
0
1
100
275
470
647
798
899
934
919
834
709
539
333
136
4
0
0
0
0
0
0
0
0
0
1
105
295
500
689
834
928
956
931
850
712
531
325
133
3
0
0
0
0
0
0
0
0
0
1
106
296
501
684
824
918
960
946
867
723
540
336
139
3
0
0
0
0
0
0
0
0
0
1
104
292
496
678
824
939
956
933
848
706
526
322
132
3
0
0
0
0
0
0
0
0
0
1
109
186
312
407
670
685
752
903
847
619
549
277
122
4
0
0
0
0
0
0
0
0
0
1
111
304
516
702
853
941
976
948
858
724
546
339
142
4
0
0
0
0
0
0
0
0
0
1
116
316
532
726
883
976
1016
989
900
758
572
357
151
4
0
0
0
0
0
0
0
0
0
1
110
302
513
704
863
968
1000
974
895
756
575
365
155
6
0
0
0
0
0
0
0
0
0
1
107
299
505
685
831
929
961
932
846
715
545
339
141
4
0
0
0
0
0
0
0
0
0
1
100
296
445
590
714
776
876
843
755
618
449
289
130
4
0
0
0
0
0
0
0
0
0
1
78
195
309
461
549
590
617
532
527
462
352
215
97
2
0
0
0
0
0
0
0
0
0
1
44
147
229
313
367
402
433
462
377
272
227
148
59
2
0
0
0
0
0
0
0
0
0
1
114
308
517
705
855
947
988
962
875
742
560
356
155
6
0
0
0
0
0
0
0
0
0
2
94
225
435
657
786
833
845
785
719
629
478
294
125
2
0
0
0
0
0
0
0
0
0
1
110
301
511
697
852
944
991
964
885
746
569
363
160
7
0
0
0
0
0
0
0
0
0
1
97
262
445
610
767
855
893
871
830
706
539
360
158
9
0
0
0
0
0
0
0
0
0
1
104
283
478
652
799
893
933
914
861
729
560
371
163
8
0
0
0
0
0
0
0
0
0
1
105
287
480
660
799
890
945
916
839
720
551
348
159
9
0
0
0
0
0
0
0
0
0
1
88
239
439
609
733
781
798
779
747
644
494
322
152
9
0
0
0
0
0
0
0
0
0
1
53
155
266
391
522
619
630
618
597
495
388
250
104
2
0
0
0
0
0
0
0
0
0
1
103
285
489
681
820
920
963
937
860
722
551
350
154
6
0
0
0
0
0
0
0
0
0
1
100
268
446
612
737
834
882
885
848
724
547
359
160
9
0
0
0
0
0
0
0
0
0
1
107
316
435
592
618
641
723
814
705
632
574
349
148
12
0
0
0
0
0
0
0
0
0
1
94
256
438
627
755
862
945
943
878
725
551
353
157
9
0
0
0
0
0
0
0
0
0
1
98
271
468
631
755
863
868
870
805
706
532
353
159
8
0
0
0
0
0
0
0
0
0
1
94
260
457
646
793
889
921
915
831
696
527
333
146
6
0
0
0
0
0
0
0
0
0
1
98
275
491
676
814
913
950
925
843
700
521
326
146
5
0
0
0
0
0
0
0
0
0
1
102
289
499
683
829
918
949
942
863
735
555
357
163
8
0
0
0
0
0
0
0
0
0
1
98
278
461
618
726
809
862
872
840
709
544
349
154
10
0
0
0
0
0
0
0
0
0
0
71
198
345
500
617
684
717
742
674
550
417
275
126
6
0
0
0
0
0
0
0
0
0
1
96
259
441
609
758
831
902
869
827
682
516
333
144
5
0
0
0
0
0
0
0
0
0
1
101
285
495
689
849
936
978
970
893
754
581
370
169
10
0
0
0
0
0
0
0
0
0
1
91
263
458
629
772
864
918
891
820
690
526
329
152
7
0
0
0
0
0
0
0
0
0
1
92
256
450
604
755
836
866
829
741
615
461
293
119
2
0
0
0
0
0
0
0
0
0
1
89
258
445
616
756
834
885
869
775
676
527
355
170
12
0
0
0
0
0
0
0
0
0
1
93
258
463
640
792
872
913
863
816
673
514
314
145
3
0
0
0
0
0
0
0
0
0
1
83
242
427
575
748
855
931
912
812
665
497
328
158
10
0
0
0
0
0
0
0
0
0
0
80
243
429
609
754
874
923
913
840
711
556
362
166
11
0
0
0
0
0
0
0
0
0
0
92
274
471
661
827
902
944
938
866
731
549
359
166
9
0
0
0
0
0
0
0
0
0
0
90
269
462
645
791
898
918
902
839
728
559
366
164
9
0
0
0
0
0
0
0
0
0
0
85
256
451
632
779
881
930
912
836
716
543
355
165
10
0
0
0
0
0
0
0
0
0
0
87
257
436
616
780
867
944
914
838
690
536
341
151
8
0
0
0
0
0
0
0
0
0
0
77
235
414
580
718
808
848
842
775
654
500
321
143
7
0
0
0
0
0
0
0
0
0
0
87
265
474
665
817
886
911
891
830
713
553
357
158
8
0
0
0
0
0
0
0
0
0
0
71
220
393
554
686
768
808
793
732
628
480
306
136
7
0
0
0
0
0
0
0
0
0
0
73
168
320
513
741
764
809
719
784
716
576
364
154
10
0
0
0
0
0
0
0
0
0
0
79
233
433
565
729
821
782
791
825
655
448
312
144
10
0
0
0
0
0
0
0
0
0
0
65
201
400
513
624
744
713
794
835
687
559
378
167
10
0
0
0
0
0
0
0
0
0
0
77
238
440
610
758
851
864
846
792
655
482
294
119
2
0
0
0
0
0
0
0
0
0
0
72
243
438
634
782
885
903
891
836
678
503
316
132
3
0
0
0
0
0
0
0
0
0
0
67
232
410
602
741
862
901
873
831
709
530
332
143
4
0
0
0
0
0
0
0
0
0
0
64
218
395
580
720
807
920
859
774
655
520
339
150
6
0
0
0
0
0
0
0
0
0
0
16
77
121
184
195
176
183
230
264
237
177
92
30
2
0
0
0
0
0
0
0
0
0
0
67
217
400
583
746
848
902
886
825
706
544
348
152
6
0
0
0
0
0
0
0
0
0
0
68
232
403
601
729
824
864
857
817
704
540
349
165
10
0
0
0
0
0
0
0
0
0
0
72
234
420
517
711
808
899
871
775
683
469
292
125
2
0
0
0
0
0
0
0
0
0
0
67
215
387
536
626
687
696
702
666
580
447
265
102
2
0
0
0
0
0
0
0
0
0
0
45
161
296
471
578
623
698
692
587
463
354
208
84
2
0
0
0
0
0
0
0
0
0
0
57
200
365
523
654
738
778
767
681
554
421
264
102
1
0
0
0
0
0
0
0
0
0
0
41
158
302
446
532
550
579
565
502
416
300
201
94
1
0
0
0
0
0
0
0
0
0
0
64
234
452
649
806
915
958
949
852
723
539
341
143
4
0
0
0
0
0
0
0
0
0
0
56
208
407
602
725
870
884
842
796
660
491
306
121
1
0
0
0
0
0
0
0
0
0
0
68
245
450
686
874
666
603
657
467
369
239
171
51
1
0
0
0
0
0
0
0
0
0
0
59
221
427
619
782
883
943
925
865
725
538
343
146
6
0
0
0
0
0
0
0
0
0
0
25
187
316
518
730
791
863
757
723
663
461
328
148
6
0
0
0
0
0
0
0
0
0
0
29
239
457
664
805
578
613
600
536
450
337
211
87
2
0
0
0
0
0
0
0
0
0
0
15
114
235
338
410
468
494
461
415
343
288
160
72
1
0
0
0
0
0
0
0
0
0
0
23
170
324
458
591
660
702
687
660
567
419
261
98
1
0
0
0
0
0
0
0
0
0
0
27
208
407
608
748
854
894
910
810
709
533
319
123
3
0
0
0
0
0
0
0
0
0
0
24
220
425
616
762
870
911
891
807
669
495
291
112
1
0
0
0
0
0
0
0
0
0
0
5
39
82
106
134
164
166
168
135
121
86
52
22
1
0
0
0
0
0
0
0
0
0
0
16
176
357
523
686
792
863
875
845
647
462
284
103
2
0
0
0
0
0
0
0
0
0
0
19
188
370
533
667
755
824
784
703
575
430
245
94
1
0
0
0
0
0
0
0
0
0
0
23
216
424
614
770
875
918
901
817
679
490
295
113
2
0
0
0
0
0
0
0
0
0
0
24
214
418
600
739
862
904
910
817
688
519
313
121
2
0
0
0
0
0
0
0
0
0
0
19
209
407
595
759
871
920
915
834
698
508
298
111
1
0
0
0
0
0
0
0
0
0
0
17
184
363
533
685
781
822
809
727
595
440
258
94
1
0
0
0
0
0
0
0
0
0
0
18
167
323
497
607
678
723
704
648
521
378
221
75
0
0
0
0
0
0
0
0
0
0
0
16
168
335
499
631
720
759
747
668
557
401
237
81
0
0
0
0
0
0
0
0
0
0
0
16
194
392
579
724
840
885
879
794
647
478
275
97
0
0
0
0
0
0
0
0
0
0
0
31
231
385
688
614
798
614
708
238
256
54
25
9
0
0
0
0
0
0
0
0
0
0
0
14
166
332
480
611
698
691
682
617
533
390
227
73
0
0
0
0
0
0
0
0
0
0
0
19
163
378
491
612
761
886
802
638
639
449
224
66
0
0
0
0
0
0
0
0
0
0
0
15
194
403
591
722
799
850
887
801
662
487
281
93
0
0
0
0
0
0
0
0
0
0
0
14
190
399
598
758
861
910
900
808
666
489
282
93
0
0
0
0
0
0
0
0
0
0
0
15
179
376
566
745
831
892
888
800
649
460
258
84
0
0
0
0
0
0
0
0
0
0
0
15
198
403
606
768
889
940
917
829
681
501
284
91
0
0
0
0
0
0
0
0
0
0
0
14
193
400
593
763
880
929
903
818
669
482
274
88
0
0
0
0
0
0
0
0
0
0
0
13
177
364
554
750
851
895
850
777
631
439
247
72
0
0
0
0
0
0
0
0
0
0
0
9
129
289
444
609
733
881
803
665
600
517
271
81
0
0
0
0
0
0
0
0
0
0
0
13
178
291
360
369
408
486
521
550
657
503
271
75
0
0
0
0
0
0
0
0
0
0
0
12
136
273
397
532
583
703
694
674
541
425
249
82
0
0
0
0
0
0
0
0
0
0
0
10
140
292
380
502
579
531
460
450
305
38
42
9
0
0
0
0
0
0
0
0
0
0
0
11
173
373
579
731
836
879
864
787
646
466
264
73
0
0
0
0
0
0
0
0
0
0
0
10
185
393
592
747
856
899
881
797
658
465
255
37
0
0
0
0
0
0
0
0
0
0
0
12
181
344
516
695
761
746
774
713
604
435
238
29
0
0
0
0
0
0
0
0
0
0
0
8
170
399
546
703
742
788
779
759
605
433
243
29
0
0
0
0
0
0
0
0
0
0
0
6
84
271
526
513
976
923
374
254
114
43
21
5
0
0
0
0
0
0
0
0
0
0
0
7
155
307
505
706
770
858
863
712
519
342
170
7
0
0
0
0
0
0
0
0
0
0
0
8
139
314
496
555
593
746
706
719
650
488
255
49
0
0
0
0
0
0
0
0
0
0
0
8
170
378
571
733
835
879
839
764
617
419
224
22
0
0
0
0
0
0
0
0
0
0
0
9
171
374
565
728
834
879
847
758
619
430
232
25
0
0
0
0
0
0
0
0
0
0
0
5
134
286
511
547
601
654
355
256
244
252
193
53
0
0
0
0
0
0
0
0
0
0
0
9
168
368
554
716
828
820
778
684
554
364
182
13
0
0
0
0
0
0
0
0
0
0
0
7
165
358
556
703
790
835
764
687
559
377
191
13
0
0
0
0
0
0
0
0
0
0
0
7
172
380
580
741
849
894
865
779
636
446
230
22
0
0
0
0
0
0
0
0
0
0
0
6
158
357
532
695
802
825
810
742
608
423
212
16
0
0
0
0
0
0
0
0
0
0
0
4
183
326
479
535
560
708
821
640
567
360
171
10
0
0
0
0
0
0
0
0
0
0
0
5
140
317
433
569
696
717
748
712
560
401
196
12
0
0
0
0
0
0
0
0
0
0
0
7
161
360
546
702
803
828
800
719
572
382
189
10
0
0
0
0
0
0
0
0
0
0
0
4
149
334
518
678
787
845
805
714
572
398
197
13
0
0
0
0
0
0
0
0
0
0
0
5
166
369
560
719
820
834
784
698
571
389
180
7
0
0
0
0
0
0
0
0
0
0
0
5
154
348
528
663
756
791
743
714
559
381
172
10
0
0
0
0
0
0
0
0
0
0
0
5
164
363
562
724
812
849
812
715
573
385
178
7
0
0
0
0
0
0
0
0
0
0
0
5
172
386
588
747
844
886
853
753
598
400
181
7
0
0
0
0
0
0
0
0
0
0
0
4
148
347
542
680
793
797
761
638
515
345
147
2
0
0
0
0
0
0
0
0
0
0
0
8
122
408
665
776
638
481
335
451
416
234
147
16
0
0
0
0
0
0
0
0
0
0
0
4
164
378
583
748
854
890
859
754
594
389
173
5
0
0
0
0
0
0
0
0
0
0
0
3
114
264
404
469
555
559
548
458
317
232
98
1
0
0
0
0
0
0
0
0
0
0
0
3
104
237
364
462
536
525
467
413
322
201
75
1
0
0
0
0
0
0
0
0
0
0
0
3
140
327
499
653
753
796
765
656
528
340
149
5
0
0
0
0
0
0
0
0
0
0
0
3
87
178
288
371
458
445
427
375
254
166
74
1
0
0
0
0
0
0
0
0
0
0
0
3
132
310
485
627
702
701
668
593
460
289
118
1
0
0
0
0
0
0
0
0
0
0
0
3
140
337
530
682
766
781
748
654
515
338
136
2
0
0
0
0
0
0
0
0
0
0
0
3
136
323
500
644
733
763
716
629
486
304
115
1
0
0
0
0
0
0
0
0
0
0
0
1
111
262
395
547
648
735
721
636
526
340
133
3
0
0
0
0
0
0
0
0
0
0
0
2
139
342
527
674
761
789
757
655
501
310
118
1
0
0
0
0
0
0
0
0
0
0
0
2
146
360
566
727
826
864
822
715
548
342
129
1
0
0
0
0
0
0
0
0
0
0
0
2
124
310
484
632
722
745
702
615
471
289
107
1
0
0
0
0
0
0
0
0
0
0
0
2
119
299
450
591
689
712
726
663
463
270
102
1
0
0
0
0
0
0
0
0
0
0
0
2
120
303
485
621
695
729
702
612
460
282
102
0
0
0
0
0
0
0
0
0
0
0
0
2
125
323
497
646
730
758
717
630
483
293
105
0
0
0
0
0
0
0
0
0
0
0
0
1
130
325
509
662
755
784
753
659
504
315
112
1
0
0
0
0
0
0
0
0
0
0
0
1
133
342
543
699
795
826
786
678
514
309
106
0
0
0
0
0
0
0
0
0
0
0
0
1
128
331
530
685
783
812
777
672
509
304
102
0
0
0
0
0
0
0
0
0
0
0
0
1
124
319
501
630
732
771
719
603
436
254
82
0
0
0
0
0
0
0
0
0
0
0
0
1
97
265
427
567
653
653
678
600
437
266
87
0
0
0
0
0
0
0
0
0
0
0
0
1
104
250
445
452
606
688
625
583
418
242
69
0
0
0
0
0
0
0
0
0
0
0
0
1
118
317
515
670
763
798
752
649
482
287
91
0
0
0
0
0
0
0
0
0
0
0
0
1
120
325
523
666
762
782
736
628
473
272
83
0
0
0
0
0
0
0
0
0
0
0
0
2
125
298
285
441
523
527
543
424
348
209
79
0
0
0
0
0
0
0
0
0
0
0
0
1
51
129
275
457
491
656
712
636
416
225
53
0
0
0
0
0
0
0
0
0
0
0
0
1
108
296
487
617
726
736
683
575
419
235
65
0
0
0
0
0
0
0
0
0
0
0
0
1
104
292
471
635
725
745
694
595
431
241
30
0
0
0
0
0
0
0
0
0
0
0
0
0
99
274
462
622
708
711
664
574
421
240
38
0
0
0
0
0
0
0
0
0
0
0
0
0
95
276
439
596
719
728
668
581
429
243
33
0
0
0
0
0
0
0
0
0
0
0
0
0
100
283
473
617
738
749
712
606
465
263
39
0
0
0
0
0
0
0
0
0
0
0
0
0
91
253
430
570
668
680
658
550
407
228
34
0
0
0
0
0
0
0
0
0
0
0
0
0
80
222
373
515
644
668
485
441
317
162
5
0
0
0
0
0
0
0
0
0
0
0
0
0
92
275
460
604
697
723
664
549
390
210
19
0
0
0
0
0
0
0
0
0
0
0
0
0
93
283
462
602
693
728
688
582
425
234
26
0
0
0
0
0
0
0
0
0
0
0
0
0
64
228
381
409
362
408
198
181
36
47
5
0
0
0
0
0
0
0
0
0
0
0
0
0
54
168
287
381
437
460
398
306
234
118
4
0
0
0
0
0
0
0
0
0
0
0
0
0
56
199
355
498
569
682
629
535
382
201
23
0
0
0
0
0
0
0
0
0
0
0
0
0
83
268
455
608
702
731
694
583
415
219
21
0
0
0
0
0
0
0
0
0
0
0
0
0
75
218
348
449
633
649
596
445
319
153
6
0
0
0
0
0
0
0
0
0
0
0
0
0
82
267
435
560
643
685
605
517
353
177
13
0
0
0
0
0
0
0
0
0
0
0
0
0
75
245
411
556
647
672
631
543
379
201
13
0
0
0
0
0
0
0
0
0
0
0
0
0
80
268
461
610
700
727
687
584
419
220
17
0
0
0
0
0
0
0
0
0
0
0
0
0
69
238
424
546
603
634
619
531
365
183
10
0
0
0
0
0
0
0
0
0
0
0
0
0
73
258
448
602
696
723
677
568
404
211
15
0
0
0
0
0
0
0
0
0
0
0
0
0
37
257
445
596
686
707
662
550
391
200
13
0
0
0
0
0
0
0
0
0
0
0
0
0
31
238
420
578
672
700
654
552
388
195
13
0
0
0
0
0
0
0
0
0
0
0
0
0
31
237
422
570
669
701
654
545
380
192
12
0
0
0
0
0
0
0
0
0
0
0
0
0
25
216
372
516
615
689
574
462
290
139
6
0
0
0
0
0
0
0
0
0
0
0
0
0
24
210
361
507
588
586
552
426
292
131
3
0
0
0
0
0
0
0
0
0
0
0
0
0
26
220
400
555
641
663
617
524
374
194
13
0
0
0
0
0
0
0
0
0
0
0
0
0
27
240
431
586
674
697
656
545
382
189
9
0
0
0
0
0
0
0
0
0
0
0
0
0
26
233
424
567
659
684
640
532
376
187
10
0
0
0
0
0
0
0
0
0
0
0
0
0
24
228
412
560
646
661
616
503
349
170
7
0
0
0
0
0
0
0
0
0
0
0
0
0
23
172
314
437
561
629
603
475
303
158
2
0
0
0
0
0
0
0
0
0
0
0
0
0
19
206
377
526
628
618
592
469
323
148
2
0
0
0
0
0
0
0
0
0
0
0
0
0
20
216
402
554
654
680
634
529
371
179
9
0
0
0
0
0
0
0
0
0
0
0
0
0
19
211
394
532
621
635
608
494
337
160
5
0
0
0
0
0
0
0
0
0
0
0
0
0
14
148
270
361
448
497
459
384
235
119
2
0
0
0
0
0
0
0
0
0
0
0
0
0
14
168
337
428
493
587
583
477
345
158
5
0
0
0
0
0
0
0
0
0
0
0
0
0
15
192
368
515
606
633
588
479
335
155
5
0
0
0
0
0
0
0
0
0
0
0
0
0
18
190
362
481
571
599
545
441
315
144
6
0
0
0
0
0
0
0
0
0
0
0
0
0
15
195
375
524
628
648
602
484
332
162
7
0
0
0
0
0
0
0
0
0
0
0
0
0
14
195
378
521
616
637
602
511
358
175
8
0
0
0
0
0
0
0
0
0
0
0
0
0
14
206
394
546
642
674
639
533
373
181
7
0
0
0
0
0
0
0
0
0
0
0
0
0
13
201
389
542
637
669
630
529
374
181
8
0
0
0
0
0
0
0
0
0
0
0
0
0
11
188
368
516
609
643
602
506
362
179
9
0
0
0
0
0
0
0
0
0
0
0
0
0
9
171
343
482
558
596
574
482
322
153
5
0
0
0
0
0
0
0
0
0
0
0
0
0
10
183
365
514
600
630
593
497
342
162
6
0
0
0
0
0
0
0
0
0
0
0
0
0
9
182
363
512
605
635
596
500
350
166
7
0
0
0
0
0
0
0
0
0
0
0
0
0
9
186
377
531
635
667
628
523
364
174
7
0
0
0
0
0
0
0
0
0
0
0
0
0
9
174
353
497
587
605
575
469
326
152
4
0
0
0
0
0
0
0
0
0
0
0
0
0
8
164
336
485
583
614
575
483
335
162
6
0
0
0
0
0
0
0
0
0
0
0
0
0
7
156
333
467
562
580
546
451
322
153
5
0
0
0
0
0
0
0
0
0
0
0
0
0
6
167
348
488
592
615
580
481
330
156
5
0
0
0
0
0
0
0
0
0
0
0
0
0
5
167
325
466
534
495
464
380
266
144
6
0
0
0
0
0
0
0
0
0
0
0
0
0
5
154
325
472
557
590
565
474
335
158
6
0
0
0
0
0
0
0
0
0
0
0
0
0
5
152
318
471
545
590
565
469
319
152
5
0
0
0
0
0
0
0
0
0
0
0
0
0
5
158
343
499
596
624
593
490
338
162
6
0
0
0
0
0
0
0
0
0
0
0
0
0
2
94
241
340
437
478
474
388
267
132
7
0
0
0
0
0
0
0
0
0
0
0
0
0
4
137
303
435
533
572
557
459
310
147
5
0
0
0
0
0
0
0
0
0
0
0
0
0
4
148
330
487
581
605
574
470
327
154
5
0
0
0
0
0
0
0
0
0
0
0
0
0
4
151
338
491
594
625
594
496
347
168
7
0
0
0
0
0
0
0
0
0
0
0
0
0
4
144
318
463
570
601
577
490
344
166
7
0
0
0
0
0
0
0
0
0
0
0
0
0
3
140
319
465
566
597
573
486
338
161
7
0
0
0
0
0
0
0
0
0
0
0
0
0
3
141
318
470
569
607
591
502
353
170
8
0
0
0
0
0
0
0
0
0
0
0
0
0
3
141
318
469
557
606
563
464
317
153
5
0
0
0
0
0
0
0
0
0
0
0
0
0
2
122
265
424
525
603
571
457
322
141
5
0
0
0
0
0
0
0
0
0
0
0
0
0
3
131
302
438
537
578
529
440
313
142
3
0
0
0
0
0
0
0
0
0
0
0
0
0
3
136
310
456
559
596
568
483
345
171
8
0
0
0
0
0
0
0
0
0
0
0
0
0
3
134
302
451
552
586
562
468
322
154
6
0
0
0
0
0
0
0
0
0
0
0
0
0
2
122
282
415
516
567
540
455
320
162
11
0
0
0
0
0
0
0
0
0
0
0
0
0
1
112
249
368
476
538
524
478
339
164
9
0
0
0
0
0
0
0
0
0
0
0
0
0
2
129
308
463
560
608
592
506
359
178
10
0
0
0
0
0
0
0
0
0
0
0
0
0
3
116
299
418
491
487
510
419
231
95
2
0
0
0
0
0
0
0
0
0
0
0
0
0
2
129
306
466
573
612
591
503
360
180
9
0
0
0
0
0
0
0
0
0
0
0
0
0
2
116
283
420
525
577
561
482
352
177
11
0
0
0
0
0
0
0
0
0
0
0
0
0
2
116
285
436
537
582
566
478
329
165
9
0
0
0
0
0
0
0
0
0
0
0
0
0
1
106
259
393
504
518
517
441
297
154
5
0
0
0
0
0
0
0
0
0
0
0
0
0
2
107
262
398
520
563
555
472
351
176
13
0
0
0
0
0
0
0
0
0
0
0
0
0
2
126
305
438
539
578
553
465
335
172
8
0
0
0
0
0
0