0
0
0
0
0
0
0
8
159
311
435
520
536
494
401
264
107
1
0
0
0
0
0
0
0
0
0
0
0
0
0
9
182
359
498
582
604
562
459
308
129
1
0
0
0
0
0
0
0
0
0
0
0
0
0
9
200
394
549
645
668
623
510
342
144
1
0
0
0
0
0
0
0
0
0
0
0
0
0
9
187
368
513
603
625
581
481
325
139
2
0
0
0
0
0
0
0
0
0
0
0
0
0
7
164
323
455
513
554
501
416
284
120
2
0
0
0
0
0
0
0
0
0
0
0
0
0
9
192
383
535
627
649
604
497
333
142
1
0
0
0
0
0
0
0
0
0
0
0
0
0
9
190
378
528
623
650
609
501
339
149
2
0
0
0
0
0
0
0
0
0
0
0
0
0
9
187
374
525
615
645
608
505
347
154
3
0
0
0
0
0
0
0
0
0
0
0
0
0
8
176
351
494
579
608
574
472
324
145
3
0
0
0
0
0
0
0
0
0
0
0
0
0
9
190
381
536
632
659
618
510
351
159
3
0
0
0
0
0
0
0
0
0
0
0
0
0
8
190
378
531
628
656
617
507
348
156
3
0
0
0
0
0
0
0
0
0
0
0
0
0
8
174
351
494
575
606
568
477
326
148
3
0
0
0
0
0
0
0
0
0
0
0
0
0
9
184
369
525
622
651
616
514
357
165
5
0
0
0
0
0
0
0
0
0
0
0
0
0
8
178
354
501
594
624
588
492
341
159
4
0
0
0
0
0
0
0
0
0
0
0
0
0
8
180
361
504
597
626
586
492
342
161
5
0
0
0
0
0
0
0
0
0
0
0
0
0
7
183
340
444
459
481
468
389
321
160
8
0
0
0
0
0
0
0
0
0
0
0
0
0
9
183
364
510
606
633
598
502
352
170
6
0
0
0
0
0
0
0
0
0
0
0
0
0
10
192
383
539
637
672
636
535
377
182
7
0
0
0
0
0
0
0
0
0
0
0
0
0
9
178
359
503
595
625
592
500
351
175
8
0
0
0
0
0
0
0
0
0
0
0
0
0
9
165
333
472
562
594
561
465
334
162
6
0
0
0
0
0
0
0
0
0
0
0
0
0
10
202
402
564
666
700
660
555
388
189
7
0
0
0
0
0
0
0
0
0
0
0
0
0
11
203
400
560
660
696
659
555
392
195
8
0
0
0
0
0
0
0
0
0
0
0
0
0
11
208
404
557
652
685
651
551
395
203
10
0
0
0
0
0
0
0
0
0
0
0
0
0
12
210
407
563
664
697
666
565
407
210
11
0
0
0
0
0
0
0
0
0
0
0
0
0
11
201
391
547
646
683
648
552
395
203
12
0
0
0
0
0
0
0
0
0
0
0
0
0
12
212
413
577
680
714
680
576
412
212
12
0
0
0
0
0
0
0
0
0
0
0
0
0
12
205
402
562
671
709
678
574
410
210
13
0
0
0
0
0
0
0
0
0
0
0
0
0
13
207
401
559
657
694
660
563
405
210
13
0
0
0
0
0
0
0
0
0
0
0
0
0
13
208
404
567
670
706
672
576
417
219
16
0
0
0
0
0
0
0
0
0
0
0
0
0
14
215
414
575
677
714
680
578
418
222
16
0
0
0
0
0
0
0
0
0
0
0
0
0
12
189
354
502
591
621
556
493
374
198
18
0
0
0
0
0
0
0
0
0
0
0
0
0
13
188
362
510
601
629
606
512
362
194
16
0
0
0
0
0
0
0
0
0
0
0
0
0
13
184
348
440
569
610
604
508
363
191
12
0
0
0
0
0
0
0
0
0
0
0
0
0
16
210
395
549
642
673
654
554
398
219
21
0
0
0
0
0
0
0
0
0
0
0
0
0
17
224
424
586
690
726
693
590
431
236
20
0
0
0
0
0
0
0
0
0
0
0
0
0
17
218
416
475
472
428
497
490
389
174
15
0
0
0
0
0
0
0
0
0
0
0
0
0
19
238
445
610
710
744
707
604
443
244
22
0
0
0
0
0
0
0
0
0
0
0
0
0
20
236
437
602
706
745
715
612
456
256
28
0
0
0
0
0
0
0
0
0
0
0
0
0
21
232
431
592
694
726
694
598
443
249
26
0
0
0
0
0
0
0
0
0
0
0
0
0
22
236
433
590
693
733
709
612
454
257
30
0
0
0
0
0
0
0
0
0
0
0
0
0
24
255
465
634
743
782
746
638
475
269
30
0
0
0
0
0
0
0
0
0
0
0
0
0
23
239
432
590
692
725
688
597
449
259
33
0
0
0
0
0
0
0
0
0
0
0
0
0
26
243
431
579
678
715
689
603
457
265
36
0
0
0
0
0
0
0
0
0
0
0
0
0
12
115
216
295
312
326
299
235
174
99
7
0
0
0
0
0
0
0
0
0
0
0
0
0
17
136
241
253
358
368
397
329
311
184
7
0
0
0
0
0
0
0
0
0
0
0
0
0
50
63
172
187
119
610
422
378
250
219
10
0
0
0
0
0
0
0
0
0
0
0
0
0
38
306
529
704
815
853
817
709
537
318
94
0
0
0
0
0
0
0
0
0
0
0
0
0
33
260
451
603
702
745
718
626
474
284
87
0
0
0
0
0
0
0
0
0
0
0
0
0
38
286
495
660
768
804
768
670
511
306
95
0
0
0
0
0
0
0
0
0
0
0
0
0
41
294
501
662
764
805
772
670
511
307
96
0
0
0
0
0
0
0
0
0
0
0
0
0
36
237
411
537
636
677
640
567
439
261
94
0
0
0
0
0
0
0
0
0
0
0
0
0
87
298
513
684
792
828
796
693
529
318
102
0
0
0
0
0
0
0
0
0
0
0
0
0
84
282
480
641
744
779
742
645
491
295
96
0
0
0
0
0
0
0
0
0
0
0
0
0
89
293
497
658
761
802
771
672
516
312
103
0
0
0
0
0
0
0
0
0
0
0
0
0
95
306
513
676
780
818
788
686
526
318
106
0
0
0
0
0
0
0
0
0
0
0
0
0
96
299
497
657
766
804
778
681
524
321
110
0
0
0
0
0
0
0
0
0
0
0
0
0
108
334
557
733
843
880
843
731
553
332
110
0
0
0
0
0
0
0
0
0
0
0
0
0
90
281
459
600
710
753
714
621
479
289
100
0
0
0
0
0
0
0
0
0
0
0
0
0
85
283
479
602
663
729
628
460
293
208
67
0
0
0
0
0
0
0
0
0
0
0
0
0
114
337
553
725
834
872
836
730
561
346
122
0
0
0
0
0
0
0
0
0
0
0
0
0
112
326
535
697
800
837
803
698
537
331
118
0
0
0
0
0
0
0
0
0
0
0
0
0
121
340
550
715
818
853
819
714
550
343
125
0
0
0
0
0
0
0
0
0
0
0
0
0
123
341
545
709
814
853
826
724
563
355
133
1
0
0
0
0
0
0
0
0
0
0
0
1
127
348
557
725
827
864
829
728
565
354
132
1
0
0
0
0
0
0
0
0
0
0
0
1
131
353
562
728
833
867
830
728
563
353
132
1
0
0
0
0
0
0
0
0
0
0
0
1
133
350
553
711
809
841
804
704
544
341
129
1
0
0
0
0
0
0
0
0
0
0
0
1
155
395
619
792
900
935
896
784
608
385
148
1
0
0
0
0
0
0
0
0
0
0
0
1
145
370
574
733
832
865
827
725
562
357
139
1
0
0
0
0
0
0
0
0
0
0
0
2
160
396
613
781
884
917
877
767
595
378
148
1
0
0
0
0
0
0
0
0
0
0
0
1
114
300
492
625
664
654
583
503
495
362
176
5
0
0
0
0
0
0
0
0
0
0
0
2
169
407
624
793
896
926
883
774
600
381
151
1
0
0
0
0
0
0
0
0
0
0
0
3
174
410
627
793
896
928
891
783
613
394
159
1
0
0
0
0
0
0
0
0
0
0
0
3
168
397
610
771
876
906
869
760
593
381
154
2
0
0
0
0
0
0
0
0
0
0
0
3
172
402
614
778
877
908
865
757
592
380
154
2
0
0
0
0
0
0
0
0
0
0
0
4
174
400
607
766
868
899
862
752
585
373
153
2
0
0
0
0
0
0
0
0
0
0
0
4
178
401
603
756
851
882
846
744
588
383
161
3
0
0
0
0
0
0
0
0
0
0
0
5
195
435
652
823
928
959
920
808
634
412
173
3
0
0
0
0
0
0
0
0
0
0
0
5
188
417
624
783
882
914
876
771
606
396
168
3
0
0
0
0
0
0
0
0
0
0
0
6
182
394
586
734
825
855
821
724
569
364
156
3
0
0
0
0
0
0
0
0
0
0
0
7
199
427
632
786
889
919
876
773
609
398
171
3
0
0
0
0
0
0
0
0
0
0
0
7
185
395
582
721
813
828
779
682
529
343
146
1
0
0
0
0
0
0
0
0
0
0
0
9
209
436
638
794
888
909
862
759
596
391
170
3
0
0
0
0
0
0
0
0
0
0
0
9
203
422
616
773
861
884
840
743
584
381
166
3
0
0
0
0
0
0
0
0
0
0
0
11
215
437
638
787
881
903
865
763
597
393
174
3
0
0
0
0
0
0
0
0
0
0
0
12
223
450
650
801
890
920
872
769
607
398
174
4
0
0
0
0
0
0
0
0
0
0
0
14
225
454
659
815
909
934
898
799
637
423
190
6
0
0
0
0
0
0
0
0
0
0
0
15
245
487
703
867
966
993
945
830
653
432
192
4
0
0
0
0
0
0
0
0
0
0
0
18
190
400
550
614
653
683
682
579
463
297
116
2
0
0
0
0
0
0
0
0
0
0
0
17
191
368
550
670
731
770
658
626
479
312
137
2
0
0
0
0
0
0
0
0
0
0
0
19
248
477
684
835
931
955
910
802
638
424
194
6
0
0
0
0
0
0
0
0
0
0
0
21
250
478
679
833
926
950
908
800
637
428
197
7
0
0
0
0
0
0
0
0
0
0
0
22
254
480
678
824
913
932
889
782
617
416
193
6
0
0
0
0
0
0
0
0
0
0
0
25
267
499
701
855
942
961
917
809
641
432
203
7
0
0
0
0
0
0
0
0
0
0
0
28
273
502
698
845
935
956
912
806
643
436
208
8
0
0
0
0
0
0
0
0
0
0
0
30
287
524
730
885
979
1001
955
839
668
451
215
8
0
0
0
0
0
0
0
0
0
0
0
30
267
488
681
822
908
926
887
781
615
414
195
7
0
0
0
0
0
0
0
0
0
0
0
33
278
508
709
864
958
985
940
832
666
451
216
11
0
0
0
0
0
0
0
0
0
0
0
36
289
521
723
872
962
988
944
828
660
446
214
10
0
0
0
0
0
0
0
0
0
0
0
37
278
493
681
824
902
922
880
779
625
427
210
11
0
0
0
0
0
0
0
0
0
0
0
40
292
517
712
855
944
969
922
813
644
436
210
10
0
0
0
0
0
0
0
0
0
0
0
86
302
531
730
881
968
989
942
832
665
453
221
11
0
0
0
0
0
0
0
0
0
0
0
84
285
494
682
812
887
908
857
757
606
413
203
10
0
0
0
0
0
0
0
0
0
0
0
102
337
584
795
953
1045
1068
1016
894
713
487
238
11
0
0
0
0
0
0
0
0
0
0
0
84
270
464
647
784
842
860
816
733
593
411
210
14
0
0
0
0
0
0
0
0
0
0
0
93
301
519
707
849
934
956
909
804
644
444
220
14
0
0
0
0
0
0
0
0
0
0
0
95
303
517
703
842
926
944
900
796
639
439
216
13
0
0
0
0
0
0
0
0
0
0
0
105
323
547
739
885
967
984
935
825
660
452
226
13
0
0
0
0
0
0
0
0
0
0
0
106
318
540
730
875
955
968
922
810
647
444
222
14
0
0
0
0
0
0
0
0
0
0
0
116
346
584
787
940
1026
1042
986
866
687
468
231
13
0
0
0
0
0
0
0
0
0
0
0
96
298
451
556
674
798
830
771
609
470
344
175
4
0
0
0
0
0
0
0
0
0
0
0
109
314
527
710
850
933
952
905
807
654
450
231
19
0
0
0
0
0
0
0
0
0
0
0
112
318
531
721
858
943
964
920
818
656
457
235
20
0
0
0
0
0
0
0
0
0
0
0
62
192
317
477
569
584
548
453
390
323
229
108
4
0
0
0
0
0
0
0
0
0
0
1
128
350
578
771
911
992
1007
950
834
658
452
228
15
0
0
0
0
0
0
0
0
0
0
1
135
361
587
781
922
1003
1019
973
854
684
474
243
19
0
0
0
0
0
0
0
0
0
0
1
124
329
537
724
857
938
958
915
815
659
458
239
23
0
0
0
0
0
0
0
0
0
0
1
117
305
510
685
802
875
880
843
737
595
407
208
18
0
0
0
0
0
0
0
0
0
0
1
118
299
493
671
798
886
863
807
716
590
409
215
19
0
0
0
0
0
0
0
0
0
0
1
131
338
550
735
876
957
979
941
836
672
468
246
26
0
0
0
0
0
0
0
0
0
0
2
153
391
625
828
975
1059
1072
1017
896
719
497
259
22
0
0
0
0
0
0
0
0
0
0
2
141
354
563
738
872
945
966
916
805
648
452
235
23
0
0
0
0
0
0
0
0
0
0
2
144
360
581
766
907
989
1007
962
851
687
483
259
30
0
0
0
0
0
0
0
0
0
0
3
168
409
646
849
995
1078
1089
1033
908
729
506
268
25
0
0
0
0
0
0
0
0
0
0
3
169
405
637
832
971
1052
1065
1012
892
715
500
266
26
0
0
0
0
0
0
0
0
0
0
3
160
383
605
795
934
1017
1032
983
875
709
501
272
33
0
0
0
0
0
0
0
0
0
0
4
170
402
629
819
964
1044
1062
1007
893
722
508
274
31
0
0
0
0
0
0
0
0
0
0
3
146
338
532
706
825
902
925
904
809
653
464
258
37
0
0
0
0
0
0
0
0
0
0
1
107
269
428
617
652
817
847
673
645
534
392
191
13
0
0
0
0
0
0
0
0
0
0
5
136
324
533
707
790
839
836
783
758
606
396
202
20
0
0
0
0
0
0
0
0
0
0
5
157
358
553
726
855
926
951
912
815
653
465
253
34
0
0
0
0
0
0
0
0
0
0
2
98
145
226
389
500
532
655
492
309
220
129
82
6
0
0
0
0
0
0
0
0
0
0
5
171
391
606
783
912
983
999
956
851
692
491
270
75
0
0
0
0
0
0
0
0
0
0
8
128
395
710
938
1035
490
511
677
228
344
307
24
7
0
0
0
0
0
0
0
0
0
0
6
173
387
594
768
901
974
990
950
851
693
496
278
82
0
0
0
0
0
0
0
0
0
0
7
185
416
637
824
962
1043
1057
1006
895
724
514
285
82
0
0
0
0
0
0
0
0
0
0
7
179
398
616
801
934
1016
1027
978
871
712
507
283
83
0
0
0
0
0
0
0
0
0
0
7
187
414
635
828
967
1043
1057
1007
890
722
514
287
84
0
0
0
0
0
0
0
0
0
0
9
206
449
684
879
1022
1099
1113
1057
935
757
535
296
86
0
0
0
0
0
0
0
0
0
0
9
162
363
536
685
801
848
870
817
752
618
454
249
80
0
0
0
0
0
0
0
0
0
0
9
197
422
640
821
954
1029
1049
999
890
726
524
301
94
0
0
0
0
0
0
0
0
0
0
8
168
365
562
729
846
923
940
913
816
663
486
282
92
0
0
0
0
0
0
0
0
0
0
10
199
429
653
840
977
1053
1063
1009
897
728
519
294
91
0
0
0
0
0
0
0
0
0
0
10
190
403
609
781
902
971
989
946
843
684
489
279
88
0
0
0
0
0
0
0
0
0
0
11
203
431
648
828
960
1034
1046
994
886
723
520
299
96
0
0
0
0
0
0
0
0
0
0
11
194
410
619
800
935
1013
1030
984
881
724
529
310
103
0
0
0
0
0
0
0
0
0
0
12
215
449
672
861
1000
1079
1095
1045
934
768
559
326
109
0
0
0
0
0
0
0
0
0
0
12
214
447
672
862
1002
1082
1098
1049
938
771
562
328
110
0
0
0
0
0
0
0
0
0
0
10
184
388
590
761
889
963
987
948
850
703
514
306
104
1
0
0
0
0
0
0
0
0
0
11
197
418
634
813
948
1024
1040
991
887
729
531
310
106
0
0
0
0
0
0
0
0
0
0
11
177
374
568
734
852
926
938
897
806
676
494
288
98
1
0
0
0
0
0
0
0
0
0
10
194
414
673
858
1079
542
426
306
400
398
299
183
75
1
0
0
0
0
0
0
0
0
0
12
200
422
640
824
960
1038
1053
1006
897
736
531
308
104
0
0
0
0
0
0
0
0
0
0
12
188
395
593
763
886
961
981
936
834
688
503
295
103
1
0
0
0
0
0
0
0
0
0
13
201
421
635
815
946
1024
1043
997
891
734
536
316
110
0
0
0
0
0
0
0
0
0
0
12
196
408
614
790
917
990
1005
963
859
704
515
302
106
0
0
0
0
0
0
0
0
0
0
13
206
431
649
836
972
1050
1064
1017
908
745
541
317
111
0
0
0
0
0
0
0
0
0
0
13
198
413
625
802
935
1016
1033
989
881
724
526
309
109
1
0
0
0
0
0
0
0
0
0
12
181
377
575
752
878
954
971
926
839
698
513
306
112
1
0
0
0
0
0
0
0
0
0
12
180
371
563
724
839
907
917
881
790
653
476
284
102
1
0
0
0
0
0
0
0
0
0
13
194
402
608
774
901
974
987
949
847
699
512
304
110
1
0
0
0
0
0
0
0
0
0
14
209
435
653
839
976
1053
1069
1022
914
753
551
326
117
1
0
0
0
0
0
0
0
0
0
13
200
421
639
824
958
1040
1057
1013
912
754
554
331
122
1
0
0
0
0
0
0
0
0
0
13
203
422
637
819
954
1031
1047
999
894
736
537
318
115
1
0
0
0
0
0
0
0
0
0
13
196
410
615
790
918
991
1010
967
870
717
526
313
115
1
0
0
0
0
0
0
0
0
0
10
165
343
544
684
738
797
833
829
743
598
455
270
103
1
0
0
0
0
0
0
0
0
0
11
175
377
561
729
845
910
918
883
796
661
485
287
111
1
0
0
0
0
0
0
0
0
0
13
195
408
616
794
928
1002
1017
973
873
720
526
316
118
1
0
0
0
0
0
0
0
0
0
13
193
405
608
781
910
984
999
958
859
707
519
308
114
1
0
0
0
0
0
0
0
0
0
12
191
408
625
807
944
1027
1045
1002
900
743
547
328
123
2
0
0
0
0
0
0
0
0
0
11
179
383
580
747
873
953
961
904
818
671
486
286
104
1
0
0
0
0
0
0
0
0
0
12
195
412
627
809
943
1022
1042
994
888
730
535
319
118
1
0
0
0
0
0
0
0
0
0
11
189
401
612
795
929
1008
1024
981
873
719
523
309
113
1
0
0
0
0
0
0
0
0
0
12
189
405
621
807
945
1026
1048
1005
902
748
551
329
125
2
0
0
0
0
0
0
0
0
0
10
179
389
597
777
914
997
1020
981
877
727
534
321
121
2
0
0
0
0
0
0
0
0
0
11
186
399
613
798
937
1022
1046
1002
902
747
552
334
127
2
0
0
0
0
0
0
0
0
0
10
168
351
541
697
831
904
918
903
817
695
512
314
123
2
0
0
0
0
0
0
0
0
0
10
177
378
583
750
877
956
974
922
822
676
499
297
110
1
0
0
0
0
0
0
0
0
0
10
174
376
575
754
887
969
992
956
856
706
519
310
118
1
0
0
0
0
0
0
0
0
0
5
107
204
486
556
616
566
597
639
744
610
422
306
140
10
0
0
0
0
0
0
0
0
0
9
169
369
567
741
873
947
970
950
861
717
532
323
124
2
0
0
0
0
0
0
0
0
0
9
171
377
585
768
905
985
1016
977
882
732
543
326
127
2
0
0
0
0
0
0
0
0
0
8
166
368
571
751
888
972
998
959
860
713
530
322
126
2
0
0
0
0
0
0
0
0
0
9
172
380
589
775
913
993
1020
985
890
738
549
332
128
2
0
0
0
0
0
0
0
0
0
8
160
361
561
740
875
967
989
953
871
729
539
324
126
3
0
0
0
0
0
0
0
0
0
8
173
386
600
788
929
1011
1032
991
892
739
545
325
124
2
0
0
0
0
0
0
0
0
0
8
168
376
587
770
910
992
1011
972
876
724
529
317
118
1
0
0
0
0
0
0
0
0
0
8
180
399
618
808
947
1027
1048
1005
901
749
555
337
129
2
0
0
0
0
0
0
0
0
0
8
179
396
614
801
937
1019
1039
998
899
745
548
330
125
1
0
0
0
0
0
0
0
0
0
8
178
393
606
791
930
1015
1034
997
901
751
556
337
130
2
0
0
0
0
0
0
0
0
0
7
155
348
543
710
837
907
924
880
789
650
474
285
105
1
0
0
0
0
0
0
0
0
0
7
166
375
592
778
917
1010
1038
1004
909
758
560
339
130
2
0
0
0
0
0
0
0
0
0
6
163
373
589
776
924
1006
1026
986
885
735
537
320
118
1
0
0
0
0
0
0
0
0
0
6
163
379
597
787
925
1001
1013
971
867
715
521
307
113
1
0
0
0
0
0
0
0
0
0
6
160
370
582
764
904
984
1003
966
871
723
526
313
116
1
0
0
0
0
0
0
0
0
0
5
139
328
532
707
844
929
941
909
793
649
476
292
108
1
0
0
0
0
0
0
0
0
0
4
131
317
479
656
776
834
838
782
697
608
442
255
85
1
0
0
0
0
0
0
0
0
0
14
118
123
112
556
502
545
875
867
612
646
407
293
114
2
0
0
0
0
0
0
0
0
0
5
148
355
569
759
903
989
1014
971
873
718
523
307
112
1
0
0
0
0
0
0
0
0
0
4
136
320
527
707
843
908
940
905
814
680
490
294
109
1
0
0
0
0
0
0
0
0
0
4
143
345
555
744
889
980
1006
964
864
716
520
303
111
1
0
0
0
0
0
0
0
0
0
4
133
325
534
706
836
926
948
897
812
672
492
286
102
1
0
0
0
0
0
0
0
0
0
4
144
351
563
749
893
984
1005
965
860
712
521
310
113
1
0
0
0
0
0
0
0
0
0
4
145
353
569
754
893
984
1014
973
881
729
537
320
116
1
0
0
0
0
0
0
0
0
0
3
136
332
533
704
838
911
922
885
798
657
476
277
97
0
0
0
0
0
0
0
0
0
0
4
136
310
482
639
744
818
834
829
764
623
446
263
102
1
0
0
0
0
0
0
0
0
0
3
141
351
568
757
900
987
1011
974
870
715
518
302
104
0
0
0
0
0
0
0
0
0
0
3
129
323
533
711
851
936
958
935
839
693
498
290
99
1
0
0
0
0
0
0
0
0
0
2
120
306
504
675
805
891
917
880
785
643
462
267
89
0
0
0
0
0
0
0
0
0
0
2
126
326
539
722
866
959
990
950
853
708
519
300
104
1
0
0
0
0
0
0
0
0
0
2
121
318
530
717
859
946
974
937
827
677
485
278
93
0
0
0
0
0
0
0
0
0
0
2
129
339
559
753
878
970
988
948
837
690
496
295
100
0
0
0
0
0
0
0
0
0
0
2
128
334
552
744
885
972
1000
956
862
707
509
293
96
0
0
0
0
0
0
0
0
0
0
2
121
320
533
714
846
932
957
916
831
684
490
279
91
0
0
0
0
0
0
0
0
0
0
2
119
314
521
707
856
933
963
928
840
684
492
281
90
0
0
0
0
0
0
0
0
0
0
1
117
309
509
688
826
904
927
896
807
664
477
271
86
0
0
0
0
0
0
0
0
0
0
1
130
348
575
775
928
1018
1037
993
885
723
516
289
88
0
0
0
0
0
0
0
0
0
0
1
124
336
558
753
905
993
1016
970
867
713
512
289
90
0
0
0
0
0
0
0
0
0
0
1
115
314
529
714
856
942
970
938
839
687
493
276
85
0
0
0
0
0
0
0
0
0
0
1
117
325
543
739
889
981
1013
970
864
705
504
281
84
0
0
0
0
0
0
0
0
0
0
1
114
317
530
722
869
956
988
945
854
697
497
280
84
0
0
0
0
0
0
0
0
0
0
1
111
306
512
703
848
925
949
910
815
662
470
262
77
0
0
0
0
0
0
0
0
0
0
1
108
306
516
697
833
918
945
907
814
658
467
257
72
0
0
0
0
0
0
0
0
0
0
1
103
289
493
676
810
906
937
895
799
663
467
253
70
0
0
0
0
0
0
0
0
0
0
1
110
322
549
747
896
988
1014
972
866
701
497
272
74
0
0
0
0
0
0
0
0
0
0
0
107
308
523
713
862
956
978
934
821
669
470
254
67
0
0
0
0
0
0
0
0
0
0
0
109
322
555
759
912
997
1033
986
874
705
486
258
27
0
0
0
0
0
0
0
0
0
0
0
81
253
449
626
718
788
855
777
748
587
409
230
36
0
0
0
0
0
0
0
0
0
0
0
108
321
546
743
895
982
1005
960
856
691
478
252
27
0
0
0
0
0
0
0
0
0
0
0
84
248
430
584
703
765
788
753
665
536
374
196
23
0
0
0
0
0
0
0
0
0
0
0
110
327
549
770
949
1010
1024
975
870
688
504
262
27
0
0
0
0
0
0
0
0
0
0
0
105
325
569
760
873
979
1007
944
830
674
464
232
15
0
0
0
0
0
0
0
0
0
0
0
108
326
567
767
909
1007
1021
983
875
703
479
237
15
0
0
0
0
0
0
0
0
0
0
0
94
294
510
699
841
926
949
908
806
648
448
232
22
0
0
0
0
0
0
0
0
0
0
0
96
306
530
735
880
978
996
953
839
676
464
236
20
0
0
0
0
0
0
0
0
0
0
0
88
279
489
673
823
907
931
890
800
644
444
231
22
0
0
0
0
0
0
0
0
0
0
0
82
260
455
627
753
842
865
830
736
611
419
215
22
0
0
0
0
0
0
0
0
0
0
0
94
306
534
735
884
973
995
950
842
672
460
231
18
0
0
0
0
0
0
0
0
0
0
0
90
295
517
709
856
939
959
917
808
645
442
220
16
0
0
0
0
0
0
0
0
0
0
0
87
282
495
684
817
900
923
876
776
615
419
209
14
0
0
0
0
0
0
0
0
0
0
0
88
293
514
713
855
947
967
923
814
648
442
220
15
0
0
0
0
0
0
0
0
0
0
0
88
296
522
720
864
950
971
914
806
637
426
201
10
0
0
0
0
0
0
0
0
0
0
0
88
298
526
728
877
963
976
927
810
643
430
203
9
0
0
0
0
0
0
0
0
0
0
0
74
262
468
651
791
883
908
867
765
618
413
204
15
0
0
0
0
0
0
0
0
0
0
0
84
287
508
703
852
937
956
911
801
635
425
203
11
0
0
0
0
0
0
0
0
0
0
0
83
289
514
711
860
950
973
930
814
645
432
204
10
0
0
0
0
0
0
0
0
0
0
0
77
275
491
673
817
901
915
859
751
589
391
178
6
0
0
0
0
0
0
0
0
0
0
0
78
282
508
706
857
943
969
920
808
642
424
196
9
0
0
0
0
0
0
0
0
0
0
0
60
287
571
505
589
342
210
336
537
338
277
208
15
0
0
0
0
0
0
0
0
0
0
0
43
199
376
429
464
492
618
540
540
553
404
204
12
0
0
0
0
0
0
0
0
0
0
0
69
256
458
634
770
842
852
809
695
536
353
150
3
0
0
0
0
0
0
0
0
0
0
0
36
275
499
700
849
936
953
900
780
608
396
173
5
0
0
0
0
0
0
0
0
0
0
0
34
264
481
676
820
905
919
873
760
590
381
165
5
0
0
0
0
0
0
0
0
0
0
0
35
274
496
692
835
917
933
883
767
594
383
161
3
0
0
0
0
0
0
0
0
0
0
0
34
268
485
677
819
900
916
863
748
579
374
156
3
0
0
0
0
0
0
0
0
0
0
0
77
301
546
759
917
1008
82
969
842
653
420
175
15
0
0
0
0
0
0
0
0
0
0
0
33
284
517
722
871
954
967
912
792
613
392
160
2
0
0
0
0
0
0
0
0
0
0
0
28
244
451
622
752
830
854
813
714
559
355
144
3
0
0
0
0
0
0
0
0
0
0
0
26
212
412
583
731
798
817
766
674
506
316
123
2
0
0
0
0
0
0
0
0
0
0
0
30
271
499
699
845
928
941
887
768
589
371
144
1
0
0
0
0
0
0
0
0
0
0
0
29
269
497
697
843
926
937
882
759
578
358
135
1
0
0
0
0
0
0
0
0
0
0
0
27
262
489
686
832
913
925
865
741
561
343
126
1
0
0
0
0
0
0
0
0
0
0
0
28
274
507
708
858
936
946
890
765
584
360
132
1
0
0
0
0
0
0
0
0
0
0
0
25
254
472
657
792
865
879
827
707
537
332
121
1
0
0
0
0
0
0
0
0
0
0
0
24
248
463
652
797
872
882
834
720
546
339
123
1
0
0
0
0
0
0
0
0
0
0
0
23
244
458
646
782
857
870
813
699
528
321
112
0
0
0
0
0
0
0
0
0
0
0
0
23
254
477
665
804
883
890
833
718
540
325
111
0
0
0
0
0
0
0
0
0
0
0
0
5
153
277
364
496
644
670
576
474
312
208
90
1
0
0
0
0
0
0
0
0
0
0
0
19
214
396
576
698
767
776
740
626
484
285
99
0
0
0
0
0
0
0
0
0
0
0
0
21
216
410
548
573
667
721
719
533
379
224
64
0
0
0
0
0
0
0
0
0
0
0
0
19
237
458
650
788
864
870
812
691
514
296
91
0
0
0
0
0
0
0
0
0
0
0
0
10
21
94
564
423
95
455
550
797
343
69
8
0
0
0
0
0
0
0
0
0
0
0
0
16
220
429
608
735
793
803
747
629
460
263
77
0
0
0
0
0
0
0
0
0
0
0
0
18
239
462
654
794
873
878
816
691
508
292
85
0
0
0
0
0
0
0
0
0
0
0
0
7
253
493
702
855
939
948
449
741
549
313
88
0
0
0
0
0
0
0
0
0
0
0
0
16
231
453
650
794
877
888
829
701
519
298
43
0
0
0
0
0
0
0
0
0
0
0
0
16
240
470
671
817
892
901
830
696
504
280
32
0
0
0
0
0
0
0
0
0
0
0
0
15
234
463
663
809
887
895
836
706
516
290
35
0
0
0
0
0
0
0
0
0
0
0
0
13
213
427
614
751
830
842
778
655
477
262
31
0
0
0
0
0
0
0
0
0
0
0
0
13
197
388
564
686
749
736
689
587
412
227
21
0
0
0
0
0
0
0
0
0
0
0
0
12
190
385
547
658
743
754
696
583
423
229
24
0
0
0
0
0
0
0
0
0
0
0
0
13
222
442
632
763
838
843
779
651
468
253
22
0
0
0
0
0
0
0
0
0
0
0
0
11
218
434
622
755
825
830
765
641
456
244
20
0
0
0
0
0
0
0
0
0
0
0
0
12
180
356
513
653
732
735
639
547
371
207
20
0
0
0
0
0
0
0
0
0
0
0
0
5
155
280
430
521
584
664
668
527
392
185
16
0
0
0
0
0
0
0
0
0
0
0
0
9
196
403
586
715
780
782
724
605
431
224
16
0
0
0
0
0
0
0
0
0
0
0
0
3
126
338
490
500
544
497
459
395
310
141
5
0
0
0
0
0
0
0
0
0
0
0
0
9
205
424
618
756
828
834
764
632
447
228
14
0
0
0
0
0
0
0
0
0
0
0
0
8
193
402
581
706
778
788
718
599
421
212
11
0
0
0
0
0
0
0
0
0
0
0
0
7
187
393
573
697
770
779
717
595
414
207
12
0
0
0
0
0
0
0
0
0
0
0
0
7
155
324
494
640
646
668
624
516
348
176
11
0
0
0
0
0
0
0
0
0
0
0
0
4
150
318
491
637
682
712
633
540
377
183
10
0
0
0
0
0
0
0
0
0
0
0
0
6
168
365
531
645
722
718
658
546
378
185
8
0
0
0
0
0
0
0
0
0
0
0
0
5
169
370
546
678
750
751
688
563
387
186
8
0
0
0
0
0
0
0
0
0
0
0
0
5
152
338
510
624
673
685
617
516
364
176
8
0
0
0
0
0
0
0
0
0
0
0
0
5
170
374
555
686
752
753
694
568
390
186
8
0
0
0
0
0
0
0
0
0
0
0
0
5
171
380
561
693
770
773
710
579
396
187
7
0
0
0
0
0
0
0
0
0
0
0
0
4
174
389
577
710
779
782
715
581
397
185
5
0
0
0
0
0
0
0
0
0
0
0
0
2
103
221
328
417
496
496
435
349
238
107
2
0
0
0
0
0
0
0
0
0
0
0
0
4
145
330
473
557
642
660
556
465
313
140
4
0
0
0
0
0
0
0
0
0
0
0
0
2
104
244
368
463
499
477
435
352
234
105
2
0
0
0
0
0
0
0
0
0
0
0
0
1
79
205
307
407
440
449
428
336
232
95
2
0
0
0
0
0
0
0
0
0
0
0
0
2
145
339
517
641
708
712
652
522
353
156
4
0
0
0
0
0
0
0
0
0
0
0
0
2
131
318
456
599
654
614
576
467
322
129
2
0
0
0
0
0
0
0
0
0
0
0
0
2
156
370
560
698
770
770
697
560
372
160
2
0
0
0
0
0
0
0
0
0
0
0
0
4
159
381
530
725
801
736
730
580
336
141
1
0
0
0
0
0
0
0
0
0
0
0
0
2
152
365
553
689
761
761
692
557
371
159
2
0
0
0
0
0
0
0
0
0
0
0
0
2
141
345
527
658
724
728
665
538
359
155
3
0
0
0
0
0
0
0
0
0
0
0
0
1
144
354
540
671
746
745
678
546
361
153
2
0
0
0
0
0
0
0
0
0
0
0
0
1
136
335
513
640
706
709
646
519
343
144
2
0
0
0
0
0
0
0
0
0
0
0
0
1
114
272
419
539
583
571
521
411
278
115
1
0
0
0
0
0
0
0
0
0
0
0
0
1
129
326
504
633
704
703
641
513
337
138
1
0
0
0
0
0
0
0
0
0
0
0
0
1
125
324
505
637
710
714
647
518
337
136
1
0
0
0
0
0
0
0
0
0
0
0
0
1
122
320
496
626
693
700
632
509
334
134
1
0
0
0
0
0
0
0
0
0
0
0
0
1
117
310
484
608
668
672
607
485
314
125
1
0
0
0
0
0
0
0
0
0
0
0
0
0
105
283
444
561
625
620
558
446
289
113
1
0
0
0
0
0
0
0
0
0
0
0
0
0
105
287
455
579
650
652
599
475
310
126
1
0
0
0
0
0
0
0
0
0
0
0
0
0
116
315
496
627
698
700
632
505
328
129
1
0
0
0
0
0
0
0
0
0
0
0
0
1
109
298
562
560
340
362
347
225
209
53
0
0
0
0
0
0
0
0
0
0
0
0
0
0
109
305
484
616
685
689
623
498
323
126
1
0
0
0
0
0
0
0
0
0
0
0
0
0
109
307
488
621
690
693
628
501
322
125
0
0
0
0
0
0
0
0
0
0
0
0
0
0
9
27
129
349
459
500
433
415
254
139
5
0
0
0
0
0
0
0
0
0
0
0
0
0
69
243
393
549
579
496
485
341
216
69
0
0
0
0
0
0
0
0
0
0
0
0
0
0
90
269
439
569
642
648
592
474
306
118
1
0
0
0
0
0
0
0
0
0
0
0
0
0
89
276
453
587
655
660
595
471
296
109
0
0
0
0
0
0
0
0
0
0
0
0
0
0
81
256
421
547
612
612
556
440
270
99
0
0
0
0
0
0
0
0
0
0
0
0
0
0
39
141
245
361
443
548
447
307
227
115
1
0
0
0
0
0
0
0
0
0
0
0
0
0
75
221
355
273
480
476
427
312
261
126
1
0
0
0
0
0
0
0
0
0
0
0
0
0
86
280
463
599
673
681
621
494
316
117
0
0
0
0
0
0
0
0
0
0
0
0
0
0
80
261
430
552
610
613
555
440
280
104
0
0
0
0
0
0
0
0
0
0
0
0
0
0
81
272
452
584
656
664
605
481
309
115
0
0
0
0
0
0
0
0
0
0
0
0
0
0
41
284
472
611
687
694
629
498
316
115
0
0
0
0
0
0
0
0
0
0
0
0
0
0
38
274
463
604
678
683
618
492
312
113
0
0
0
0
0
0
0
0
0
0
0
0
0
0
30
224
380
502
561
563
523
421
266
97
0
0
0
0
0
0
0
0
0
0
0
0
0
0
27
218
379
508
557
582
515
404
257
94
0
0
0
0
0
0
0
0
0
0
0
0
0
0
30
245
422
554
627
635
580
463
294
107
0
0
0
0
0
0
0
0
0
0
0
0
0
0
26
213
383
527
553
540
510
384
236
82
0
0
0
0
0
0
0
0
0
0
0
0
0
0
30
257
385
604
584
696
633
490
318
114
1
0
0
0
0
0
0
0
0
0
0
0
0
0
26
241
422
560
638
653
593
470
297
106
0
0
0
0
0
0
0
0
0
0
0
0
0
0
24
231
406
541
619
627
567
457
293
106
0
0
0
0
0
0
0
0
0
0
0
0
0
0
25
241
422
557
637
646
587
465
296
107
0
0
0
0
0
0
0
0
0
0
0
0
0
0
22
215
375
499
569
576
529
423
272
98
0
0
0
0
0
0
0
0
0
0
0
0
0
0
4
79
178
293
266
295
309
248
121
54
0
0
0
0
0
0
0
0
0
0
0
0
0
0
21
226
405
543
622
633
581
462
294
106
0
0
0
0
0
0
0
0
0
0
0
0
0
0
21
231
417
558
636
647
591
469
299
108
0
0
0
0
0
0
0
0
0
0
0
0
0
0
18
216
395
534
610
628
576
458
291
106
0
0
0
0
0
0
0
0
0
0
0
0
0
0
17
194
351
467
555
560
505
391
255
90
0
0
0
0
0
0
0
0
0
0
0
0
0
0
17
221
402
542
622
634
579
459
288
104
0
0
0
0
0
0
0
0
0
0
0
0
0
0
18
225
411
554
639
653
601
481
308
113
0
0
0
0
0
0
0
0
0
0
0
0
0
0
44
230
317
441
168
216
310
184
196
44
0
0
0
0
0
0
0
0
0
0
0
0
0
0
12
182
333
433
488
535
496
408
261
101
0
0
0
0
0
0
0
0
0
0
0
0
0
0
9
125
186
227
501
381
240
179
270
122
2
0
0
0
0
0
0
0
0
0
0
0
0
0
14
208
388
529
613
628
577
465
298
111
0
0
0
0
0
0
0
0
0
0
0
0
0
0
13
201
377
514
593
609
559
449
290
109
0
0
0
0
0
0
0
0
0
0
0
0
0
0
13
212
400
546
632
649
596
480
311
118
0
0
0
0
0
0
0
0
0
0
0
0
0
0
13
204
388
531
618
640
591
479
313
120
1
0
0
0
0
0
0
0
0
0
0
0
0
0
12
200
381
522
605
620
574
465
304
118
1
0
0
0
0
0
0
0
0
0
0
0
0
0
10
168
315
444
530
550
513
418
269
101
0
0
0
0
0
0
0
0
0
0
0
0
0
0
10
177
338
461
536
553
511
414
270
105
0
0
0
0
0
0
0
0
0
0
0
0
0
0
11
194
373
513
598
616
568
461
301
117
1
0
0
0
0
0
0
0
0
0
0
0
0
0
10
179
340
475
567
584
543
442
293
118
1
0
0
0
0
0
0
0
0
0
0
0
0
0
10
181
340
459
535
551
512
410
274
110
1
0
0
0
0
0
0
0
0
0
0
0
0
0
9
179
349
488
576
599
554
461
305
125
1
0
0
0
0
0
0
0
0
0
0
0
0
0
9
179
352
495
582
599
558
458
301
121
1
0
0
0
0
0
0
0
0
0
0
0
0
0
9
181
352
490
575
591
545
441
293
120
1
0
0
0
0
0
0
0
0
0
0
0
0
0
10
195
382
530
619
643
601
493
328
136
1
0
0
0
0
0
0