0
0
0
0
0
0
0
1
64
166
259
351
357
351
285
195
72
0
0
0
0
0
0
0
0
0
0
0
0
0
0
2
115
268
399
480
501
477
387
252
97
0
0
0
0
0
0
0
0
0
0
0
0
0
0
2
118
274
406
477
515
472
387
257
101
1
0
0
0
0
0
0
0
0
0
0
0
0
0
2
127
298
441
531
555
519
425
277
110
0
0
0
0
0
0
0
0
0
0
0
0
0
0
2
112
254
370
474
497
478
378
244
102
1
0
0
0
0
0
0
0
0
0
0
0
0
0
2
95
220
351
397
460
483
363
262
108
1
0
0
0
0
0
0
0
0
0
0
0
0
0
1
83
201
299
333
366
337
299
191
76
1
0
0
0
0
0
0
0
0
0
0
0
0
0
2
125
292
441
538
568
539
446
301
126
2
0
0
0
0
0
0
0
0
0
0
0
0
0
2
117
267
404
495
526
495
413
276
118
1
0
0
0
0
0
0
0
0
0
0
0
0
0
1
137
293
376
334
354
361
294
288
135
4
0
0
0
0
0
0
0
0
0
0
0
0
0
2
114
264
392
489
509
482
401
273
123
2
0
0
0
0
0
0
0
0
0
0
0
0
0
2
81
207
321
400
434
407
318
234
99
1
0
0
0
0
0
0
0
0
0
0
0
0
0
1
91
220
352
408
425
415
336
217
91
1
0
0
0
0
0
0
0
0
0
0
0
0
0
2
115
274
403
475
516
483
421
275
115
2
0
0
0
0
0
0
0
0
0
0
0
0
0
1
91
219
325
391
413
393
316
212
104
2
0
0
0
0
0
0
0
0
0
0
0
0
0
3
143
343
287
150
48
200
309
274
52
1
0
0
0
0
0
0
0
0
0
0
0
0
0
2
96
266
419
489
468
431
376
251
124
1
0
0
0
0
0
0
0
0
0
0
0
0
0
2
117
266
407
499
513
456
398
285
142
6
0
0
0
0
0
0
0
0
0
0
0
0
0
2
118
243
390
498
548
465
380
258
105
2
0
0
0
0
0
0
0
0
0
0
0
0
0
3
121
333
504
435
448
355
166
97
30
2
0
0
0
0
0
0
0
0
0
0
0
0
0
3
132
304
447
547
583
557
466
328
156
5
0
0
0
0
0
0
0
0
0
0
0
0
0
3
138
315
466
564
607
577
485
340
164
6
0
0
0
0
0
0
0
0
0
0
0
0
0
2
94
219
310
377
376
350
302
226
103
2
0
0
0
0
0
0
0
0
0
0
0
0
0
3
123
301
376
472
516
396
374
282
132
4
0
0
0
0
0
0
0
0
0
0
0
0
0
4
121
280
534
577
326
103
42
30
15
2
0
0
0
0
0
0
0
0
0
0
0
0
0
1
104
252
378
442
455
454
351
214
88
2
0
0
0
0
0
0
0
0
0
0
0
0
0
17
154
256
366
435
339
314
139
82
57
2
0
0
0
0
0
0
0
0
0
0
0
0
0
1
99
200
310
357
389
399
345
249
123
7
0
0
0
0
0
0
0
0
0
0
0
0
0
3
120
265
385
464
509
482
410
276
134
3
0
0
0
0
0
0
0
0
0
0
0
0
0
5
140
305
461
545
573
522
441
317
165
10
0
0
0
0
0
0
0
0
0
0
0
0
0
6
101
204
302
361
406
423
370
273
67
3
0
0
0
0
0
0
0
0
0
0
0
0
0
5
156
333
481
581
612
602
513
366
194
14
0
0
0
0
0
0
0
0
0
0
0
0
0
7
156
315
450
535
514
485
446
325
168
10
0
0
0
0
0
0
0
0
0
0
0
0
0
3
134
292
467
569
546
543
459
311
161
5
0
0
0
0
0
0
0
0
0
0
0
0
0
6
155
321
464
569
607
579
499
348
190
16
0
0
0
0
0
0
0
0
0
0
0
0
0
7
169
353
509
612
651
630
535
393
210
18
0
0
0
0
0
0
0
0
0
0
0
0
0
6
157
297
448
532
578
529
453
333
189
21
0
0
0
0
0
0
0
0
0
0
0
0
0
2
70
140
249
327
318
297
245
171
96
8
0
0
0
0
0
0
0
0
0
0
0
0
0
12
105
216
210
275
276
323
289
122
76
4
0
0
0
0
0
0
0
0
0
0
0
0
0
2
15
31
45
54
58
456
480
434
252
48
0
0
0
0
0
0
0
0
0
0
0
0
0
10
107
201
325
355
283
248
219
186
110
5
0
0
0
0
0
0
0
0
0
0
0
0
0
5
66
153
213
230
217
170
144
114
67
5
0
0
0
0
0
0
0
0
0
0
0
0
0
11
147
330
488
551
589
534
477
331
192
18
0
0
0
0
0
0
0
0
0
0
0
0
0
10
182
349
487
541
587
588
512
395
204
20
0
0
0
0
0
0
0
0
0
0
0
0
0
12
186
362
512
612
670
659
571
429
254
41
0
0
0
0
0
0
0
0
0
0
0
0
0
14
202
388
543
646
690
656
570
425
250
35
0
0
0
0
0
0
0
0
0
0
0
0
0
6
98
201
288
252
495
507
488
401
292
86
0
0
0
0
0
0
0
0
0
0
0
0
0
6
53
91
104
184
180
209
139
111
61
15
0
0
0
0
0
0
0
0
0
0
0
0
0
15
182
346
487
599
634
638
529
402
249
76
0
0
0
0
0
0
0
0
0
0
0
0
0
17
185
349
472
498
579
600
481
379
250
83
0
0
0
0
0
0
0
0
0
0
0
0
0
20
217
399
562
660
687
654
565
432
260
80
0
0
0
0
0
0
0
0
0
0
0
0
0
16
193
424
588
558
432
340
342
217
108
27
0
0
0
0
0
0
0
0
0
0
0
0
0
22
214
392
545
661
711
686
595
451
273
88
0
0
0
0
0
0
0
0
0
0
0
0
0
19
191
340
433
576
652
623
571
438
244
85
0
0
0
0
0
0
0
0
0
0
0
0
0
25
218
395
543
649
669
655
575
422
251
84
0
0
0
0
0
0
0
0
0
0
0
0
0
27
220
392
545
636
679
667
596
451
272
93
0
0
0
0
0
0
0
0
0
0
0
0
0
45
269
483
660
715
524
348
219
39
23
16
0
0
0
0
0
0
0
0
0
0
0
0
0
6
63
280
325
406
281
211
135
196
24
24
0
0
0
0
0
0
0
0
0
0
0
0
0
64
229
404
548
641
676
653
570
435
264
93
0
0
0
0
0
0
0
0
0
0
0
0
0
74
258
455
610
712
752
731
634
493
301
108
0
0
0
0
0
0
0
0
0
0
0
0
0
77
260
458
618
718
753
734
646
496
306
112
1
0
0
0
0
0
0
0
0
0
0
0
0
52
180
295
406
513
549
532
433
328
198
70
0
0
0
0
0
0
0
0
0
0
0
0
0
67
217
361
470
536
595
580
499
385
233
88
0
0
0
0
0
0
0
0
0
0
0
0
0
79
256
451
617
800
746
526
405
245
97
34
1
0
0
0
0
0
0
0
0
0
0
0
0
52
168
280
375
408
427
400
409
292
191
69
1
0
0
0
0
0
0
0
0
0
0
0
0
91
276
465
616
707
761
742
641
493
309
119
1
0
0
0
0
0
0
0
0
0
0
0
0
101
294
486
644
745
780
762
677
525
335
130
1
0
0
0
0
0
0
0
0
0
0
0
0
104
299
492
644
747
785
750
657
504
317
125
1
0
0
0
0
0
0
0
0
0
0
0
0
96
314
581
600
519
482
627
278
46
30
12
1
0
0
0
0
0
0
0
0
0
0
0
1
113
312
508
665
767
804
770
673
522
333
132
1
0
0
0
0
0
0
0
0
0
0
0
1
123
331
534
696
795
830
796
697
544
348
142
2
0
0
0
0
0
0
0
0
0
0
0
1
125
330
526
681
782
822
796
701
551
355
148
2
0
0
0
0
0
0
0
0
0
0
0
1
58
157
246
351
424
447
429
383
291
162
69
1
0
0
0
0
0
0
0
0
0
0
0
1
90
235
375
500
581
607
579
512
405
268
119
3
0
0
0
0
0
0
0
0
0
0
0
1
109
271
436
561
650
694
672
595
455
281
116
1
0
0
0
0
0
0
0
0
0
0
0
2
88
231
361
453
504
505
481
456
355
222
84
1
0
0
0
0
0
0
0
0
0
0
0
2
138
331
526
687
784
822
793
696
548
356
156
4
0
0
0
0
0
0
0
0
0
0
0
3
145
348
544
699
807
840
804
709
559
374
166
5
0
0
0
0
0
0
0
0
0
0
0
3
151
355
552
706
812
837
799
703
558
361
160
4
0
0
0
0
0
0
0
0
0
0
0
4
161
374
575
734
838
873
841
736
581
382
169
5
0
0
0
0
0
0
0
0
0
0
0
4
158
364
557
707
805
832
804
708
564
374
169
5
0
0
0
0
0
0
0
0
0
0
0
2
78
223
318
403
508
533
483
454
345
240
110
4
0
0
0
0
0
0
0
0
0
0
0
7
145
324
475
623
706
711
684
554
450
286
130
2
0
0
0
0
0
0
0
0
0
0
0
7
140
285
457
604
613
674
604
550
422
278
112
2
0
0
0
0
0
0
0
0
0
0
0
23
198
443
516
699
481
408
251
64
51
59
16
2
0
0
0
0
0
0
0
0
0
0
0
16
207
411
491
565
577
772
503
530
401
206
106
3
0
0
0
0
0
0
0
0
0
0
0
10
151
311
492
622
753
810
713
621
513
298
150
5
0
0
0
0
0
0
0
0
0
0
0
3
17
36
109
82
85
543
899
825
601
62
56
2
0
0
0
0
0
0
0
0
0
0
0
9
165
348
528
667
777
783
759
682
530
353
171
11
0
0
0
0
0
0
0
0
0
0
0
9
170
358
515
681
780
785
750
704
539
337
152
6
0
0
0
0
0
0
0
0
0
0
0
14
206
414
590
724
809
836
793
699
546
375
185
10
0
0
0
0
0
0
0
0
0
0
0
17
236
453
654
810
554
613
568
475
319
227
105
3
0
0
0
0
0
0
0
0
0
0
0
15
192
352
517
579
679
778
712
678
564
421
223
23
0
0
0
0
0
0
0
0
0
0
0
19
219
422
599
734
823
852
812
716
592
408
204
14
0
0
0
0
0
0
0
0
0
0
0
21
235
449
646
789
882
915
880
775
623
429
213
14
0
0
0
0
0
0
0
0
0
0
0
14
175
374
489
682
723
734
738
692
545
403
200
21
0
0
0
0
0
0
0
0
0
0
0
22
159
307
407
530
583
589
487
428
340
224
110
4
0
0
0
0
0
0
0
0
0
0
0
22
207
368
529
640
710
798
728
640
542
378
177
16
0
0
0
0
0
0
0
0
0
0
0
25
144
78
56
68
352
484
520
554
654
504
256
45
0
0
0
0
0
0
0
0
0
0
0
30
238
445
635
781
868
897
869
781
630
437
225
21
0
0
0
0
0
0
0
0
0
0
0
35
267
487
682
833
924
952
912
810
653
451
232
19
0
0
0
0
0
0
0
0
0
0
0
74
270
486
676
820
916
942
898
801
646
447
229
19
0
0
0
0
0
0
0
0
0
0
0
74
263
466
646
787
877
908
870
778
627
440
229
21
0
0
0
0
0
0
0
0
0
0
0
84
295
521
738
888
492
533
518
461
360
237
122
4
0
0
0
0
0
0
0
0
0
0
0
46
156
215
305
423
511
513
380
269
208
114
20
4
0
0
0
0
0
0
0
0
0
0
0
78
212
263
434
703
984
655
444
88
50
142
59
9
0
0
0
0
0
0
0
0
0
0
0
90
291
505
704
849
942
965
923
817
660
462
245
26
0
0
0
0
0
0
0
0
0
0
0
92
287
495
683
821
905
931
896
800
650
458
242
26
0
0
0
0
0
0
0
0
0
0
0
90
269
468
636
750
847
870
834
719
595
425
222
25
0
0
0
0
0
0
0
0
0
0
0
76
212
349
506
653
705
833
742
677
567
359
174
24
0
0
0
0
0
0
0
0
0
0
0
45
144
231
356
406
495
467
435
394
287
179
96
5
0
0
0
0
0
0
0
0
0
0
0
96
283
484
666
780
858
895
859
755
619
428
230
30
0
0
0
0
0
0
0
0
0
0
1
104
300
509
691
830
914
940
898
798
644
451
240
30
0
0
0
0
0
0
0
0
0
0
1
99
266
450
655
779
819
853
766
705
557
382
192
16
0
0
0
0
0
0
0
0
0
0
1
100
282
479
648
766
833
866
838
718
579
422
233
34
0
0
0
0
0
0
0
0
0
0
1
101
278
464
637
721
813
832
802
711
570
398
215
56
0
0
0
0
0
0
0
0
0
0
1
104
294
494
669
795
874
882
850
758
621
431
239
67
0
0
0
0
0
0
0
0
0
0
1
114
304
496
680
803
885
891
865
741
602
418
224
62
0
0
0
0
0
0
0
0
0
0
1
115
305
512
689
814
882
897
867
785
637
444
246
71
0
0
0
0
0
0
0
0
0
0
1
83
236
340
455
568
627
616
545
504
426
307
179
55
0
0
0
0
0
0
0
0
0
0
1
118
350
544
816
939
486
388
430
361
266
217
152
49
0
0
0
0
0
0
0
0
0
0
1
112
278
471
626
748
791
733
729
680
580
373
200
60
0
0
0
0
0
0
0
0
0
0
3
136
334
538
713
843
918
934
896
803
657
466
264
80
0
0
0
0
0
0
0
0
0
0
3
125
305
476
640
761
827
897
848
742
605
434
234
70
0
0
0
0
0
0
0
0
0
0
2
103
268
431
584
754
830
804
788
716
576
414
237
75
0
0
0
0
0
0
0
0
0
0
4
151
362
572
754
890
973
994
954
852
695
500
284
90
0
0
0
0
0
0
0
0
0
0
4
141
337
538
715
845
927
947
907
814
676
489
283
94
0
0
0
0
0
0
0
0
0
0
4
143
340
540
713
850
937
958
931
834
683
489
279
92
0
0
0
0
0
0
0
0
0
0
4
138
326
511
677
799
877
908
876
782
637
458
262
86
0
0
0
0
0
0
0
0
0
0
2
138
266
439
633
616
762
822
655
563
465
354
222
67
0
0
0
0
0
0
0
0
0
0
2
55
190
212
340
391
453
639
742
588
521
289
164
36
1
0
0
0
0
0
0
0
0
0
6
152
344
532
697
828
913
936
897
794
644
466
269
92
0
0
0
0
0
0
0
0
0
0
6
147
333
525
695
834
904
928
889
802
662
479
280
97
1
0
0
0
0
0
0
0
0
0
8
169
377
601
757
878
526
560
523
465
399
309
165
61
1
0
0
0
0
0
0
0
0
0
2
181
397
394
836
985
611
206
285
72
59
43
142
45
0
0
0
0
0
0
0
0
0
0
12
116
219
454
678
975
746
996
433
291
78
179
24
18
0
0
0
0
0
0
0
0
0
0
8
166
369
577
756
896
976
1004
962
858
711
522
309
111
1
0
0
0
0
0
0
0
0
0
9
175
385
593
776
908
990
1014
971
875
724
530
317
117
1
0
0
0
0
0
0
0
0
0
9
173
374
577
749
878
964
992
947
849
701
518
311
116
1
0
0
0
0
0
0
0
0
0
7
117
240
381
511
604
628
636
625
557
431
322
182
59
1
0
0
0
0
0
0
0
0
0
5
97
190
288
388
450
521
471
508
443
309
245
146
59
1
0
0
0
0
0
0
0
0
0
9
142
304
462
599
713
776
792
744
662
544
384
234
89
1
0
0
0
0
0
0
0
0
0
11
180
386
593
768
907
981
996
955
856
707
519
312
119
2
0
0
0
0
0
0
0
0
0
11
181
382
584
755
892
972
995
957
859
712
525
320
125
2
0
0
0
0
0
0
0
0
0
12
186
392
594
767
890
974
989
953
856
711
525
320
124
2
0
0
0
0
0
0
0
0
0
13
192
399
601
777
912
990
1010
971
874
727
540
330
131
2
0
0
0
0
0
0
0
0
0
13
189
394
596
771
901
977
996
955
857
709
523
320
125
2
0
0
0
0
0
0
0
0
0
12
177
368
559
721
848
918
937
898
813
675
496
302
117
2
0
0
0
0
0
0
0
0
0
13
166
351
543
695
818
887
927
873
807
672
490
293
120
2
0
0
0
0
0
0
0
0
0
14
180
373
559
730
852
922
929
881
789
634
466
282
109
1
0
0
0
0
0
0
0
0
0
14
178
364
555
717
829
895
911
875
795
662
492
304
121
2
0
0
0
0
0
0
0
0
0
13
160
326
487
676
783
859
916
841
690
576
429
254
109
2
0
0
0
0
0
0
0
0
0
14
174
362
552
710
838
909
933
886
800
670
502
310
127
4
0
0
0
0
0
0
0
0
0
15
190
395
598
777
911
992
1014
978
881
737
551
342
143
5
0
0
0
0
0
0
0
0
0
15
193
400
607
781
917
999
1026
987
895
747
559
348
146
5
0
0
0
0
0
0
0
0
0
16
195
401
610
790
922
1001
1019
985
881
728
536
329
133
3
0
0
0
0
0
0
0
0
0
15
188
391
594
768
900
981
1002
965
869
722
534
331
139
5
0
0
0
0
0
0
0
0
0
14
172
354
540
698
831
918
953
908
819
692
528
333
145
7
0
0
0
0
0
0
0
0
0
17
204
415
621
804
938
1023
1039
999
902
751
563
350
146
4
0
0
0
0
0
0
0
0
0
15
177
368
559
724
855
930
951
909
813
680
514
318
137
5
0
0
0
0
0
0
0
0
0
16
195
400
605
783
913
988
1012
972
878
728
542
338
143
4
0
0
0
0
0
0
0
0
0
15
174
360
556
708
838
931
952
922
839
709
530
337
148
8
0
0
0
0
0
0
0
0
0
16
190
393
591
766
895
980
1009
979
893
745
558
354
153
7
0
0
0
0
0
0
0
0
0
17
197
405
609
787
921
999
1021
985
886
739
553
346
149
5
0
0
0
0
0
0
0
0
0
17
200
408
612
791
921
1000
1017
979
884
736
549
345
148
5
0
0
0
0
0
0
0
0
0
16
185
383
575
745
867
938
952
921
831
698
529
335
145
5
0
0
0
0
0
0
0
0
0
16
187
388
590
759
895
979
1000
970
875
735
551
349
152
7
0
0
0
0
0
0
0
0
0
15
176
364
558
718
845
917
929
900
814
658
494
308
136
4
0
0
0
0
0
0
0
0
0
14
168
352
535
697
838
908
938
897
806
689
524
329
145
7
0
0
0
0
0
0
0
0
0
14
167
351
523
691
799
870
901
881
788
648
497
311
133
5
0
0
0
0
0
0
0
0
0
15
174
361
559
721
827
885
914
924
834
697
529
334
147
8
0
0
0
0
0
0
0
0
0
14
175
369
565
736
865
946
975
935
845
711
535
336
148
7
0
0
0
0
0
0
0
0
0
14
180
377
581
754
892
978
1001
963
867
723
544
341
151
7
0
0
0
0
0
0
0
0
0
12
166
347
544
714
838
909
924
913
819
685
513
327
142
7
0
0
0
0
0
0
0
0
0
14
178
374
573
745
876
952
977
945
863
723
541
344
151
7
0
0
0
0
0
0
0
0
0
14
178
368
565
740
872
960
986
953
858
721
541
343
153
8
0
0
0
0
0
0
0
0
0
14
183
380
582
754
879
959
973
944
850
704
527
330
144
5
0
0
0
0
0
0
0
0
0
14
173
360
557
740
866
944
969
923
838
703
527
329
145
6
0
0
0
0
0
0
0
0
0
13
175
364
558
727
859
944
958
924
833
698
530
338
149
7
0
0
0
0
0
0
0
0
0
12
175
369
565
734
859
940
965
938
847
705
530
330
144
6
0
0
0
0
0
0
0
0
0
12
164
343
524
706
833
876
917
876
796
673
487
295
128
4
0
0
0
0
0
0
0
0
0
13
181
386
594
778
914
995
1020
984
890
742
552
346
150
5
0
0
0
0
0
0
0
0
0
12
179
378
582
756
896
979
1005
976
888
744
561
355
158
7
0
0
0
0
0
0
0
0
0
12
175
375
581
765
902
988
1015
986
899
754
568
359
160
8
0
0
0
0
0
0
0
0
0
11
176
380
587
769
912
999
1027
996
905
761
574
364
161
8
0
0
0
0
0
0
0
0
0
11
178
384
592
776
914
997
1024
988
893
747
561
353
155
6
0
0
0
0
0
0
0
0
0
11
183
392
602
787
929
1021
1050
1015
920
776
586
373
167
8
0
0
0
0
0
0
0
0
0
11
184
395
606
790
931
1018
1046
1010
914
765
578
367
162
6
0
0
0
0
0
0
0
0
0
11
186
400
614
799
942
1030
1058
1022
929
780
590
374
167
6
0
0
0
0
0
0
0
0
0
10
175
383
596
782
924
1009
1034
996
899
752
562
351
151
5
0
0
0
0
0
0
0
0
0
6
147
382
598
755
911
1019
1049
1016
923
716
510
345
154
3
0
0
0
0
0
0
0
0
0
9
169
374
583
770
909
996
1026
995
899
750
560
352
152
5
0
0
0
0
0
0
0
0
0
9
166
368
577
764
909
996
1028
996
906
761
573
361
158
8
0
0
0
0
0
0
0
0
0
8
170
377
592
780
923
1011
1039
1002
902
755
565
352
151
4
0
0
0
0
0
0
0
0
0
8
157
356
560
740
878
965
991
957
869
728
545
341
146
5
0
0
0
0
0
0
0
0
0
7
159
361
566
754
893
979
1010
980
886
745
560
354
153
6
0
0
0
0
0
0
0
0
0
7
157
359
567
754
898
991
1024
991
900
754
566
355
153
7
0
0
0
0
0
0
0
0
0
7
152
349
553
737
881
972
1002
973
883
742
553
348
149
5
0
0
0
0
0
0
0
0
0
6
156
358
567
750
898
987
1014
982
887
739
552
340
142
3
0
0
0
0
0
0
0
0
0
6
145
338
541
719
859
947
980
955
857
712
533
328
137
4
0
0
0
0
0
0
0
0
0
6
148
348
556
740
890
984
1014
983
891
745
557
347
146
6
0
0
0
0
0
0
0
0
0
5
146
342
544
723
873
969
1019
996
904
754
567
353
149
10
0
0
0
0
0
0
0
0
0
5
154
361
572
763
905
993
1018
987
896
751
564
350
146
4
0
0
0
0
0
0
0
0
0
5
143
342
549
739
880
976
1034
1009
916
767
575
358
150
10
0
0
0
0
0
0
0
0
0
5
148
354
569
760
907
998
1024
979
880
731
537
327
130
1
0
0
0
0
0
0
0
0
0
4
144
349
559
749
898
991
1018
991
899
755
564
349
144
5
0
0
0
0
0
0
0
0
0
4
137
335
545
728
871
964
986
957
862
710
523
319
126
2
0
0
0
0
0
0
0
0
0
3
132
324
530
715
860
945
984
958
869
727
542
331
134
4
0
0
0
0
0
0
0
0
0
3
132
328
535
718
857
950
976
943
848
704
516
312
123
2
0
0
0
0
0
0
0
0
0
3
132
325
531
718
860
949
979
948
858
714
526
320
127
2
0
0
0
0
0
0
0
0
0
3
131
327
531
715
861
951
987
953
862
716
528
318
124
2
0
0
0
0
0
0
0
0
0
3
133
335
547
738
884
976
1000
971
876
724
534
320
123
2
0
0
0
0
0
0
0
0
0
2
130
329
540
724
861
948
972
937
845
702
514
308
117
1
0
0
0
0
0
0
0
0
0
2
123
315
520
707
850
943
966
934
846
702
517
312
120
2
0
0
0
0
0
0
0
0
0
2
121
313
519
702
847
938
968
941
852
714
531
323
125
2
0
0
0
0
0
0
0
0
0
2
122
317
524
710
852
939
971
934
836
695
511
305
115
1
0
0
0
0
0
0
0
0
0
2
119
311
519
707
850
939
973
943
856
712
525
314
118
2
0
0
0
0
0
0
0
0
0
1
113
302
511
696
838
932
962
925
835
692
506
301
111
1
0
0
0
0
0
0
0
0
0
1
113
302
508
693
834
919
944
905
812
667
484
282
100
1
0
0
0
0
0
0
0
0
0
1
113
307
513
696
840
931
966
930
837
691
506
299
108
1
0
0
0
0
0
0
0
0
0
1
107
296
498
680
822
912
944
914
825
678
499
296
107
1
0
0
0
0
0
0
0
0
0
1
106
291
496
681
828
917
954
923
836
696
509
302
106
1
0
0
0
0
0
0
0
0
0
1
104
289
494
676
818
903
929
899
806
660
480
279
95
0
0
0
0
0
0
0
0
0
0
1
101
285
488
669
808
895
921
888
796
653
471
269
90
0
0
0
0
0
0
0
0
0
0
1
102
289
495
681
822
909
939
904
804
662
477
273
90
0
0
0
0
0
0
0
0
0
0
1
97
281
482
666
810
898
932
909
813
666
482
277
92
0
0
0
0
0
0
0
0
0
0
0
96
279
482
667
808
902
939
911
818
684
496
285
92
0
0
0
0
0
0
0
0
0
0
0
97
287
496
679
826
921
950
916
819
671
483
271
87
0
0
0
0
0
0
0
0
0
0
0
95
281
488
673
814
900
930
895
800
657
473
265
82
0
0
0
0
0
0
0
0
0
0
0
97
291
504
692
835
920
949
920
826
674
484
272
83
0
0
0
0
0
0
0
0
0
0
0
93
281
490
676
818
906
932
899
802
652
461
255
76
0
0
0
0
0
0
0
0
0
0
0
91
282
489
673
819
908
937
902
806
654
462
255
75
0
0
0
0
0
0
0
0
0
0
0
87
272
479
671
813
904
936
898
797
648
453
248
71
0
0
0
0
0
0
0
0
0
0
0
84
267
470
651
789
872
896
860
771
626
440
239
66
0
0
0
0
0
0
0
0
0
0
0
87
275
489
677
819
902
922
885
785
631
437
233
27
0
0
0
0
0
0
0
0
0
0
0
82
266
472
665
811
900
926
889
794
643
447
239
31
0
0
0
0
0
0
0
0
0
0
0
83
271
486
673
817
910
936
890
792
637
441
233
26
0
0
0
0
0
0
0
0
0
0
0
85
277
489
677
822
908
932
890
786
625
430
223
21
0
0
0
0
0
0
0
0
0
0
0
81
271
484
673
819
902
923
879
780
624
435
226
23
0
0
0
0
0
0
0
0
0
0
0
78
263
472
662
803
891
915
877
777
621
429
222
21
0
0
0
0
0
0
0
0
0
0
0
74
255
462
649
792
879
892
859
758
607
417
213
20
0
0
0
0
0
0
0
0
0
0
0
78
266
479
669
812
894
918
876
772
613
418
209
15
0
0
0
0
0
0
0
0
0
0
0
71
253
462
651
800
888
915
875
777
623
426
215
19
0
0
0
0
0
0
0
0
0
0
0
56
189
370
554
630
825
806
625
530
399
264
114
4
0
0
0
0
0
0
0
0
0
0
0
69
253
462
651
801
887
913
867
767
611
418
209
17
0
0
0
0
0
0
0
0
0
0
0
71
257
469
661
802
883
906
864
761
605
409
200
13
0
0
0
0
0
0
0
0
0
0
0
27
210
369
545
705
763
813
794
664
493
321
150
5
0
0
0
0
0
0
0
0
0
0
0
32
246
455
639
776
852
867
818
710
557
364
170
7
0
0
0
0
0
0
0
0
0
0
0
31
245
456
644
787
866
882
840
735
579
387
181
9
0
0
0
0
0
0
0
0
0
0
0
29
232
432
615
756
851
882
849
745
595
396
190
12
0
0
0
0
0
0
0
0
0
0
0
16
107
219
339
311
293
466
418
476
457
357
191
23
0
0
0
0
0
0
0
0
0
0
0
30
263
491
661
828
545
617
518
392
304
219
100
2
0
0
0
0
0
0
0
0
0
0
0
21
202
375
579
650
709
740
551
450
372
287
159
16
0
0
0
0
0
0
0
0
0
0
0
11
108
200
301
363
392
411
340
303
242
151
68
2
0
0
0
0
0
0
0
0
0
0
0
25
240
454
642
788
876
895
852
748
586
384
171
5
0
0
0
0
0
0
0
0
0
0
0
24
237
445
632
771
853
878
839
729
571
370
161
5
0
0
0
0
0
0
0
0
0
0
0
22
214
406
587
713
785
798
756
675
532
345
154
5
0
0
0
0
0
0
0
0
0
0
0
22
212
413
588
734
816
830
778
677
530
338
144
4
0
0
0
0
0
0
0
0
0
0
0
21
228
438
628
777
862
880
831
724
562
360
151
3
0
0
0
0
0
0
0
0
0
0
0
17
195
379
522
648
739
752
733
654
501
326
134
2
0
0
0
0
0
0
0
0
0
0
0
19
211
413
594
735
818
833
787
683
523
327
132
2
0
0
0
0
0
0
0
0
0
0
0
18
226
439
631
778
866
889
840
727
559
354
142
2
0
0
0
0
0
0
0
0
0
0
0
18
223
431
617
759
842
855
802
694
535
336
131
1
0
0
0
0
0
0
0
0
0
0
0
17
215
423
608
747
829
846
796
694
529
330
125
1
0
0
0
0
0
0
0
0
0
0
0
15
204
396
577
717
787
805
754
646
496
307
115
1
0
0
0
0
0
0
0
0
0
0
0
14
202
393
567
696
765
791
743
635
483
298
107
1
0
0
0
0
0
0
0
0
0
0
0
11
160
321
468
572
642
644
604
506
387
237
83
0
0
0
0
0
0
0
0
0
0
0
0
12
183
368
535
662
735
748
703
601
452
271
95
0
0
0
0
0
0
0
0
0
0
0
0
13
198
403
588
724
796
806
753
648
489
293
102
0
0
0
0
0
0
0
0
0
0
0
0
10
175
359
533
675
760
776
734
620
463
273
94
0
0
0
0
0
0
0
0
0
0
0
0
11
187
385
565
691
772
783
736
621
453
270
88
0
0
0
0
0
0
0
0
0
0
0
0
10
181
383
558
679
743
738
686
588
431
248
80
0
0
0
0
0
0
0
0
0
0
0
0
9
184
376
553
690
756
774
711
597
439
250
78
0
0
0
0
0
0
0
0
0
0
0
0
10
194
403
595
734
809
820
764
643
470
266
79
0
0
0
0
0
0
0
0
0
0
0
0
8
168
355
528
660
734
751
699
579
412
237
70
0
0
0
0
0
0
0
0
0
0
0
0
8
182
386
571
718
798
813
754
635
464
265
77
0
0
0
0
0
0
0
0
0
0
0
0
14
174
332
485
578
627
684
593
493
290
144
5
0
0
0
0
0
0
0
0
0
0
0
0
5
89
218
563
491
396
481
440
502
484
268
59
0
0
0
0
0
0
0
0
0
0
0
0
6
148
314
461
611
700
699
647
529
405
223
30
0
0
0
0
0
0
0
0
0
0
0
0
6
167
357
539
667
732
738
681
578
416
232
28
0
0
0
0
0
0
0
0
0
0
0
0
2
68
184
244
410
355
513
576
575
488
267
58
0
0
0
0
0
0
0
0
0
0
0
0
4
154
334
500
635
697
699
654
548
392
215
21
0
0
0
0
0
0
0
0
0
0
0
0
5
167
372
557
699
773
784
729
611
439
235
23
0
0
0
0
0
0
0
0
0
0
0
0
5
159
360
545
684
760
772
717
600
426
225
21
0
0
0
0
0
0
0
0
0
0
0
0
4
145
323
491
620
694
700
642
541
388
204
18
0
0
0
0
0
0
0
0
0
0
0
0
4
148
340
520
660
739
754
692
577
416
215
19
0
0
0
0
0
0
0
0
0
0
0
0
1
105
237
350
455
536
551
528
421
298
152
9
0
0
0
0
0
0
0
0
0
0
0
0
6
148
309
419
448
573
676
493
472
277
161
9
0
0
0
0
0
0
0
0
0
0
0
0
3
136
329
500
636
711
701
648
520
363
180
11
0
0
0
0
0
0
0
0
0
0
0
0
3
135
323
494
622
694
700
658
543
375
180
10
0
0
0
0
0
0
0
0
0
0
0
0
2
130
319
491
592
660
677
605
526
365
189
13
0
0
0
0
0
0
0
0
0
0
0
0
2
126
311
478
595
667
675
628
511
352
171
8
0
0
0
0
0
0
0
0
0
0
0
0
2
132
325
500
627
694
688
627
513
342
159
5
0
0
0
0
0
0
0
0
0
0
0
0
2
122
308
480
614
679
682
614
502
339
162
6
0
0
0
0
0
0
0
0
0
0
0
0
1
100
231
329
423
474
520
540
432
278
107
2
0
0
0
0
0
0
0
0
0
0
0
0
1
116
276
419
549
592
605
578
491
319
159
7
0
0
0
0
0
0
0
0
0
0
0
0
1
115
289
459
584
655
639
591
480
319
137
2
0
0
0
0
0
0
0
0
0
0
0
0
1
53
111
136
285
389
554
555
468
386
177
14
0
0
0
0
0
0
0
0
0
0
0
0
1
113
297
468
597
660
659
600
488
331
147
3
0
0
0
0
0
0
0
0
0
0
0
0
0
86
188
309
414
445
543
533
451
298
141
8
0
0
0
0
0
0
0
0
0
0
0
0
0
91
248
386
496
571
602
569
455
311
136
4
0
0
0
0
0
0
0
0
0
0
0
0
1
109
273
437
495
549
557
483
372
244
94
1
0
0
0
0
0
0
0
0
0
0
0
0
1
104
286
397
417
498
300
127
93
24
28
1
0
0
0
0
0
0
0
0
0
0
0
0
0
81
223
356
460
517
522
479
388
252
105
1
0
0
0
0
0
0
0
0
0
0
0
0
0
97
270
431
545
610
617
567
452
302
127
2
0
0
0
0
0
0
0
0
0
0
0
0
0
76
217
351
444
493
511
472
367
234
97
1
0
0
0
0
0
0
0
0
0
0
0
0
0
63
182
304
376
428
415
354
269
198
79
1
0
0
0
0
0
0
0
0
0
0
0
0
0
61
163
256
324
410
388
349
271
181
68
1
0
0
0
0
0
0
0
0
0
0
0
0
0
11
22
97
217
217
351
399
343
184
69
1
0
0
0
0
0
0
0
0
0
0
0
0
0
74
216
381
486
556
591
525
411
275
105
1
0
0
0
0
0
0
0
0
0
0
0
0
0
53
168
268
388
435
427
369
300
181
68
1
0
0
0
0
0
0
0
0
0
0
0
0
0
72
218
385
530
592
560
497
410
263
107
2
0
0
0
0
0
0
0
0
0
0
0
0
0
63
207
343
443
496
491
441
340
205
77
1
0
0
0
0
0
0
0
0
0
0
0
0
0
57
192
326
424
472
483
436
359
234
87
0
0
0
0
0
0
0
0
0
0
0
0
0
0
66
221
374
490
553
559
504
399
254
96
0
0
0
0
0
0
0
0
0
0
0
0
0
0
59
207
368
487
552
567
526
427
271
108
1
0
0
0
0
0
0
0
0
0
0
0
0
0
32
225
383
505
567
575
519
413
263
99
0
0
0
0
0
0
0
0
0
0
0
0
0
0
25
202
358
425
525
433
353
341
171
74
0
0
0
0
0
0
0
0
0
0
0
0
0
0
28
215
374
494
556
567
512
402
254
94
0
0
0
0
0
0
0
0
0
0
0
0
0
0
28
225
391
517
587
596
541
428
270
99
0
0
0
0
0
0
0
0
0
0
0
0
0
0
22
204
400
577
554
426
257
197
35
8
0
0
0
0
0
0
0
0
0
0
0
0
0
0
22
204
345
456
478
537
497
390
221
93
1
0
0
0
0
0
0
0
0
0
0
0
0
0
18
202
298
442
399
475
421
361
182
50
0
0
0
0
0
0
0
0
0
0
0
0
0
0
17
194
325
413
471
472
439
378
203
54
0
0
0
0
0
0
0
0
0
0
0
0
0
0
21
203
355
468
519
512
480
376
237
84
0
0
0
0
0
0
0
0
0
0
0
0
0
0
18
191
350
487
545
550
490
388
228
76
0
0
0
0
0
0
0
0
0
0
0
0
0
0
18
190
346
468
541
563
510
397
245
83
0
0
0
0
0
0
0
0
0
0
0
0
0
0
17
195
360
486
562
570
521
412
259
90
0
0
0
0
0
0
0
0
0
0
0
0
0
0
16
199
361
479
549
560
506
399
248
86
0
0
0
0
0
0
0
0
0
0
0
0
0
0
15
197
363
492
566
576
526
419
260
89
0
0
0
0
0
0
0
0
0
0
0
0
0
0
12
174
328
441
514
513
455
365
230
78
0
0
0
0
0
0
0
0
0
0
0
0
0
0
13
187
355
488
560
574
523
411
255
87
0
0
0
0
0
0
0
0
0
0
0
0
0
0
12
177
340
461
531
543
493
383
231
77
0
0
0
0
0
0
0
0
0
0
0
0
0
0
15
169
328
383
510
430
373
277
179
44
0
0
0
0
0
0
0
0
0
0
0
0
0
0
22
160
384
386
208
229
226
175
132
46
0
0
0
0
0
0
0
0
0
0
0
0
0
0
2
103
182
369
362
366
351
368
173
65
0
0
0
0
0
0
0
0
0
0
0
0
0
0
20
19
69
362
412
294
242
206
206
36
0
0
0
0
0
0
0
0
0
0
0
0
0
0
8
154
311
428
513
528
482
375
236
76
0
0
0
0
0
0
0
0
0
0
0
0
0
0
6
106
187
215
338
389
390
385
268
73
0
0
0
0
0
0
0
0
0
0
0
0
0
0
5
145
308
426
480
456
404
349
211
75
0
0
0
0
0
0
0
0
0
0
0
0
0
0
2
92
161
271
274
292
291
238
146
44
0
0
0
0
0
0
0
0
0
0
0
0
0
0
2
13
88
153
375
392
129
107
20
7
0
0
0
0
0
0
0
0
0
0
0
0
0
0
2
13
26
37
295
388
490
382
20
7
0
0
0
0
0
0
0
0
0
0
0
0
0
0
5
144
302
432
499
512
457
342
203
66
0
0
0
0
0
0
0
0
0
0
0
0
0
0
5
137
294
420
503
520
474
369
230
76
0
0
0
0
0
0
0
0
0
0
0
0
0
0
5
136
281
398
472
502
452
349
217
69
0
0
0
0
0
0
0
0
0
0
0
0
0
0
5
133
260
371
459
462
423
346
234
79
0
0
0
0
0
0
0
0
0
0
0
0
0
0
2
61
124
152
182
181
264
304
225
86
0
0
0
0
0
0
0
0
0
0
0
0
0
0
5
42
25
50
84
109
424
312
196
73
0
0
0
0
0
0
0
0
0
0
0
0
0
0
3
97
214
330
395
446
405
302
167
46
0
0
0
0
0
0
0
0
0
0
0
0
0
0
2
97
275
324
375
444
444
326
176
65
0
0
0
0
0
0
0
0
0
0
0
0
0
0
3
130
278
411
489
498
467
385
237
84
0
0
0
0
0
0
0
0
0
0
0
0
0
0
3
124
273
413
490
515
470
375
231
80
0
0
0
0
0
0
0
0
0
0
0
0
0
0
3
130
293
423
502
520
476
387
236
83
0
0
0
0
0
0
0
0
0
0
0
0
0
0
3
118
258
377
424
463
425
357
227
85
0
0
0
0
0
0
0
0
0
0
0
0
0
0
3
95
231
353
361
367
351
320
219
86
1
0
0
0
0
0
0
0
0
0
0
0
0
0
3
123
276
403
496
516
490
393
250
89
0
0
0
0
0
0
0
0
0
0
0
0
0
0
2
123
281
410
489
524
486
395
254
93
0
0
0
0
0
0
0
0
0
0
0
0
0
0
2
126
290
425
519
541
500
402
255
93
0
0
0
0
0
0
0
0
0
0
0
0
0
0
1
75
165
234
308
333
271
228
147
52
0
0
0
0
0
0
0
0
0
0
0
0
0
0
1
66
168
312
386
465
410
324
274
97
1
0
0
0
0
0
0
0
0
0
0
0
0
0
3
104
278
326
262
372
356
217
126
13
0
0
0
0
0
0
0
0
0
0
0
0
0
0
1
92
229
359
417
431
428
344
215
83
1
0
0
0
0
0
0
0
0
0
0
0
0
0
1
99
234
343
409
428
401
326
207
78
0
0
0
0
0
0
0
0
0
0
0
0
0
0
1
59
135
206
237
261
244
199
119
42
0
0
0
0
0
0
0