0
0
0
0
0
0
0
0
2
14
186
255
293
216
228
157
99
24
0
0
0
0
0
0
0
0
0
0
0
0
0
0
7
88
256
279
371
442
389
440
199
63
0
0
0
0
0
0
0
0
0
0
0
0
0
0
9
176
346
481
564
578
525
410
252
82
0
0
0
0
0
0
0
0
0
0
0
0
0
0
7
160
316
446
514
526
488
380
241
82
0
0
0
0
0
0
0
0
0
0
0
0
0
0
7
137
288
416
504
532
471
376
239
77
0
0
0
0
0
0
0
0
0
0
0
0
0
0
2
49
151
239
289
242
399
454
240
91
0
0
0
0
0
0
0
0
0
0
0
0
0
0
8
161
320
448
527
539
491
386
243
82
0
0
0
0
0
0
0
0
0
0
0
0
0
0
9
150
279
411
447
371
341
325
199
44
0
0
0
0
0
0
0
0
0
0
0
0
0
0
2
122
279
502
505
425
273
34
22
8
0
0
0
0
0
0
0
0
0
0
0
0
0
0
2
100
208
317
354
353
374
313
215
82
0
0
0
0
0
0
0
0
0
0
0
0
0
0
8
169
340
469
553
576
532
428
273
101
0
0
0
0
0
0
0
0
0
0
0
0
0
0
8
158
311
436
509
522
478
385
247
91
0
0
0
0
0
0
0
0
0
0
0
0
0
0
8
160
325
458
531
554
518
414
268
104
1
0
0
0
0
0
0
0
0
0
0
0
0
0
7
145
287
405
478
497
454
364
234
89
0
0
0
0
0
0
0
0
0
0
0
0
0
0
8
154
304
421
492
509
471
381
248
96
0
0
0
0
0
0
0
0
0
0
0
0
0
0
9
178
351
491
571
597
555
450
295
116
1
0
0
0
0
0
0
0
0
0
0
0
0
0
9
158
295
406
486
498
473
363
236
91
1
0
0
0
0
0
0
0
0
0
0
0
0
0
10
181
358
503
590
609
563
455
298
119
1
0
0
0
0
0
0
0
0
0
0
0
0
0
10
180
354
490
566
589
545
445
292
121
1
0
0
0
0
0
0
0
0
0
0
0
0
0
10
174
338
463
550
575
542
443
301
126
2
0
0
0
0
0
0
0
0
0
0
0
0
0
9
168
331
467
558
586
542
444
297
129
2
0
0
0
0
0
0
0
0
0
0
0
0
0
6
95
216
285
335
343
333
253
166
64
1
0
0
0
0
0
0
0
0
0
0
0
0
0
12
198
378
523
611
636
593
489
331
145
2
0
0
0
0
0
0
0
0
0
0
0
0
0
13
201
387
534
624
648
605
498
339
150
3
0
0
0
0
0
0
0
0
0
0
0
0
0
13
201
384
527
618
642
597
489
330
144
2
0
0
0
0
0
0
0
0
0
0
0
0
0
12
188
368
511
597
622
581
474
320
140
3
0
0
0
0
0
0
0
0
0
0
0
0
0
11
151
287
383
425
430
418
348
231
98
1
0
0
0
0
0
0
0
0
0
0
0
0
0
13
184
344
473
551
579
541
447
289
126
2
0
0
0
0
0
0
0
0
0
0
0
0
0
14
186
355
505
597
629
587
480
323
149
5
0
0
0
0
0
0
0
0
0
0
0
0
0
3
18
81
212
351
385
326
328
255
129
2
0
0
0
0
0
0
0
0
0
0
0
0
0
12
158
298
410
478
465
407
324
255
108
2
0
0
0
0
0
0
0
0
0
0
0
0
0
17
214
400
551
640
666
624
518
356
165
5
0
0
0
0
0
0
0
0
0
0
0
0
0
14
186
340
441
530
575
560
465
308
139
3
0
0
0
0
0
0
0
0
0
0
0
0
0
6
109
190
278
328
304
222
239
164
65
2
0
0
0
0
0
0
0
0
0
0
0
0
0
9
95
183
251
290
288
289
221
178
76
2
0
0
0
0
0
0
0
0
0
0
0
0
0
4
30
62
98
118
502
382
345
234
113
2
0
0
0
0
0
0
0
0
0
0
0
0
0
12
104
203
290
310
324
311
233
162
75
2
0
0
0
0
0
0
0
0
0
0
0
0
0
4
18
33
45
52
210
275
333
286
138
10
0
0
0
0
0
0
0
0
0
0
0
0
0
25
211
346
487
564
560
526
399
291
147
3
0
0
0
0
0
0
0
0
0
0
0
0
0
22
212
380
508
601
582
575
471
328
161
7
0
0
0
0
0
0
0
0
0
0
0
0
0
25
223
399
553
630
667
616
510
360
187
11
0
0
0
0
0
0
0
0
0
0
0
0
0
27
222
399
532
619
645
614
519
363
186
12
0
0
0
0
0
0
0
0
0
0
0
0
0
5
66
165
224
410
486
545
421
374
223
33
0
0
0
0
0
0
0
0
0
0
0
0
0
8
60
104
136
161
173
166
140
100
50
3
0
0
0
0
0
0
0
0
0
0
0
0
0
32
230
418
535
594
624
612
522
371
184
13
0
0
0
0
0
0
0
0
0
0
0
0
0
28
212
392
525
562
622
564
429
308
172
10
0
0
0
0
0
0
0
0
0
0
0
0
0
72
251
434
583
682
706
669
555
406
219
19
0
0
0
0
0
0
0
0
0
0
0
0
0
66
208
348
469
495
524
455
379
273
180
4
0
0
0
0
0
0
0
0
0
0
0
0
0
81
269
456
607
700
729
686
581
426
231
22
0
0
0
0
0
0
0
0
0
0
0
0
0
77
250
429
570
642
660
617
518
383
203
21
0
0
0
0
0
0
0
0
0
0
0
0
0
85
271
452
597
682
709
665
563
415
227
22
0
0
0
0
0
0
0
0
0
0
0
0
0
80
259
441
592
661
678
642
554
403
222
24
0
0
0
0
0
0
0
0
0
0
0
0
0
87
120
179
435
355
373
580
624
353
235
31
0
0
0
0
0
0
0
0
0
0
0
0
0
43
130
198
251
280
283
304
251
161
79
5
0
0
0
0
0
0
0
0
0
0
0
0
0
93
265
426
572
664
687
668
579
431
231
30
0
0
0
0
0
0
0
0
0
0
0
0
0
95
279
459
602
689
714
675
575
423
237
30
0
0
0
0
0
0
0
0
0
0
0
0
0
104
300
490
639
730
756
714
604
441
248
30
0
0
0
0
0
0
0
0
0
0
0
0
0
98
283
466
608
703
719
670
568
415
234
30
0
0
0
0
0
0
0
0
0
0
0
0
0
111
311
508
656
745
768
727
624
461
262
36
0
0
0
0
0
0
0
0
0
0
0
0
1
111
305
491
642
725
750
704
593
443
250
70
0
0
0
0
0
0
0
0
0
0
0
0
0
101
272
457
576
636
627
598
529
387
230
66
0
0
0
0
0
0
0
0
0
0
0
0
1
128
334
532
689
783
812
763
659
493
286
86
0
0
0
0
0
0
0
0
0
0
0
0
1
116
295
470
600
686
714
691
592
437
249
74
0
0
0
0
0
0
0
0
0
0
0
0
1
20
52
78
104
108
117
116
92
65
41
14
0
0
0
0
0
0
0
0
0
0
0
0
2
121
308
482
615
722
764
709
608
440
257
81
0
0
0
0
0
0
0
0
0
0
0
0
1
102
311
472
433
288
197
256
158
87
36
12
0
0
0
0
0
0
0
0
0
0
0
0
1
110
271
438
556
638
676
626
536
416
253
85
0
0
0
0
0
0
0
0
0
0
0
0
1
115
277
439
537
601
610
558
528
400
229
76
0
0
0
0
0
0
0
0
0
0
0
0
4
77
201
319
375
526
561
618
550
450
278
119
1
0
0
0
0
0
0
0
0
0
0
0
4
171
392
593
748
838
862
813
699
528
316
106
0
0
0
0
0
0
0
0
0
0
0
0
3
144
304
382
405
576
672
646
567
468
288
101
1
0
0
0
0
0
0
0
0
0
0
0
5
135
308
513
655
737
691
643
541
400
253
87
1
0
0
0
0
0
0
0
0
0
0
0
7
141
315
374
464
473
789
600
587
390
206
49
0
0
0
0
0
0
0
0
0
0
0
0
6
165
359
529
686
781
785
737
633
476
291
105
0
0
0
0
0
0
0
0
0
0
0
0
7
89
85
247
146
359
435
544
517
338
348
125
3
0
0
0
0
0
0
0
0
0
0
0
2
16
35
206
333
951
698
504
575
477
282
136
4
0
0
0
0
0
0
0
0
0
0
0
2
92
217
310
390
434
418
393
324
263
161
54
1
0
0
0
0
0
0
0
0
0
0
0
8
48
37
138
156
568
832
597
377
613
241
11
1
0
0
0
0
0
0
0
0
0
0
0
3
75
180
255
348
409
386
367
338
290
160
64
1
0
0
0
0
0
0
0
0
0
0
0
11
240
223
334
604
678
215
341
417
180
52
40
1
0
0
0
0
0
0
0
0
0
0
0
3
146
324
334
513
649
667
562
532
445
297
104
2
0
0
0
0
0
0
0
0
0
0
0
16
222
440
630
774
862
885
838
731
563
357
141
2
0
0
0
0
0
0
0
0
0
0
0
16
222
436
626
770
847
870
824
713
545
342
132
1
0
0
0
0
0
0
0
0
0
0
0
19
233
451
643
794
879
890
838
725
556
351
138
1
0
0
0
0
0
0
0
0
0
0
0
18
214
404
582
709
775
785
737
628
494
310
120
1
0
0
0
0
0
0
0
0
0
0
0
21
224
427
604
754
837
860
816
705
546
346
141
2
0
0
0
0
0
0
0
0
0
0
0
22
220
423
597
733
816
831
774
670
524
335
138
3
0
0
0
0
0
0
0
0
0
0
0
24
202
380
532
661
738
820
804
660
489
324
135
4
0
0
0
0
0
0
0
0
0
0
0
26
233
431
602
744
833
834
784
678
525
331
141
2
0
0
0
0
0
0
0
0
0
0
0
28
230
421
597
749
794
769
746
653
494
314
132
2
0
0
0
0
0
0
0
0
0
0
0
38
292
525
671
521
568
578
585
470
398
228
108
1
0
0
0
0
0
0
0
0
0
0
0
33
242
442
611
735
782
794
749
647
502
323
142
3
0
0
0
0
0
0
0
0
0
0
0
68
242
441
609
733
823
825
776
668
516
334
144
3
0
0
0
0
0
0
0
0
0
0
0
82
294
502
686
560
518
511
580
530
337
275
159
9
0
0
0
0
0
0
0
0
0
0
0
90
303
527
720
864
944
956
903
782
608
394
171
3
0
0
0
0
0
0
0
0
0
0
0
69
135
262
431
451
622
539
610
731
568
368
187
20
0
0
0
0
0
0
0
0
0
0
0
86
266
444
597
706
751
702
701
616
497
320
143
5
0
0
0
0
0
0
0
0
0
0
0
82
255
461
602
731
797
812
761
668
510
349
157
7
0
0
0
0
0
0
0
0
0
0
0
92
282
483
655
779
858
870
829
726
571
378
173
7
0
0
0
0
0
0
0
0
0
0
0
88
253
449
601
730
799
782
737
618
470
289
134
3
0
0
0
0
0
0
0
0
0
0
0
102
297
505
684
815
885
891
841
719
563
371
168
5
0
0
0
0
0
0
0
0
0
0
0
77
211
328
446
523
558
557
488
399
303
219
97
2
0
0
0
0
0
0
0
0
0
0
1
106
307
474
614
682
696
780
733
659
491
343
175
7
0
0
0
0
0
0
0
0
0
0
1
105
295
468
599
673
729
759
750
700
543
363
168
8
0
0
0
0
0
0
0
0
0
0
0
46
126
221
286
342
365
372
334
314
238
146
72
2
0
0
0
0
0
0
0
0
0
0
1
113
296
479
626
757
828
814
761
680
530
367
178
10
0
0
0
0
0
0
0
0
0
0
1
112
305
490
648
776
850
852
827
731
578
391
184
11
0
0
0
0
0
0
0
0
0
0
2
106
266
437
559
673
721
721
663
562
433
283
132
3
0
0
0
0
0
0
0
0
0
0
2
96
277
351
462
603
748
743
733
533
426
268
126
2
0
0
0
0
0
0
0
0
0
0
1
96
248
394
522
616
667
664
632
547
427
258
114
3
0
0
0
0
0
0
0
0
0
0
1
106
257
401
549
725
784
816
786
702
564
382
190
14
0
0
0
0
0
0
0
0
0
0
2
134
337
541
725
856
929
936
882
775
610
410
198
14
0
0
0
0
0
0
0
0
0
0
3
130
317
511
686
813
879
882
829
720
562
375
179
10
0
0
0
0
0
0
0
0
0
0
3
138
336
529
696
819
893
873
805
707
543
355
168
7
0
0
0
0
0
0
0
0
0
0
5
128
306
496
600
737
813
766
713
627
506
355
171
6
0
0
0
0
0
0
0
0
0
0
14
78
60
47
62
335
340
420
682
544
705
466
114
44
0
0
0
0
0
0
0
0
0
0
3
77
188
287
375
400
437
469
388
320
253
154
66
3
0
0
0
0
0
0
0
0
0
0
5
156
361
570
746
877
947
953
902
788
621
417
205
16
0
0
0
0
0
0
0
0
0
0
6
147
338
525
692
807
880
887
832
752
582
390
194
18
0
0
0
0
0
0
0
0
0
0
4
112
244
361
499
563
602
623
574
493
357
227
99
4
0
0
0
0
0
0
0
0
0
0
9
191
428
659
861
593
594
575
598
446
330
239
118
8
0
0
0
0
0
0
0
0
0
0
11
147
393
496
581
613
703
818
846
633
440
302
177
10
0
0
0
0
0
0
0
0
0
0
9
183
399
611
786
910
983
984
926
803
638
435
221
19
0
0
0
0
0
0
0
0
0
0
9
182
397
606
775
895
963
964
907
794
634
434
221
20
0
0
0
0
0
0
0
0
0
0
10
198
440
673
879
610
631
579
523
443
349
245
126
11
0
0
0
0
0
0
0
0
0
0
5
90
203
218
328
300
450
424
412
408
278
197
97
5
0
0
0
0
0
0
0
0
0
0
8
152
320
497
665
788
870
892
878
762
618
422
220
28
0
0
0
0
0
0
0
0
0
0
11
154
309
495
669
786
795
793
772
669
483
339
159
4
0
0
0
0
0
0
0
0
0
0
12
186
393
588
755
879
944
957
894
793
632
430
228
27
0
0
0
0
0
0
0
0
0
0
13
186
394
587
752
867
927
938
883
772
606
413
213
20
0
0
0
0
0
0
0
0
0
0
16
211
439
655
813
478
527
482
514
410
303
211
114
15
0
0
0
0
0
0
0
0
0
0
4
91
182
348
366
536
582
508
393
418
260
207
107
5
0
0
0
0
0
0
0
0
0
0
12
192
365
584
602
756
751
745
757
653
434
306
177
19
0
0
0
0
0
0
0
0
0
0
10
79
269
264
417
431
457
538
399
441
317
271
75
5
0
0
0
0
0
0
0
0
0
0
4
17
95
379
448
483
559
528
453
404
229
154
128
41
0
0
0
0
0
0
0
0
0
0
15
171
354
549
671
763
850
861
795
711
588
381
211
60
0
0
0
0
0
0
0
0
0
0
19
189
391
591
748
850
894
888
845
735
604
419
219
63
0
0
0
0
0
0
0
0
0
0
36
233
449
570
745
796
731
738
583
599
451
259
141
38
0
0
0
0
0
0
0
0
0
0
19
78
91
53
64
155
235
356
673
633
450
257
203
49
0
0
0
0
0
0
0
0
0
0
9
130
259
368
510
606
689
672
653
666
569
408
243
86
0
0
0
0
0
0
0
0
0
0
17
174
343
532
716
779
852
889
841
694
583
399
228
69
0
0
0
0
0
0
0
0
0
0
21
203
394
591
744
856
893
896
859
739
602
418
222
65
0
0
0
0
0
0
0
0
0
0
20
198
386
576
734
854
924
937
875
788
644
457
256
81
0
0
0
0
0
0
0
0
0
0
25
232
447
652
827
951
1017
1020
969
854
691
489
275
85
0
0
0
0
0
0
0
0
0
0
25
227
437
637
799
917
987
991
938
829
671
476
267
83
0
0
0
0
0
0
0
0
0
0
16
170
331
510
692
721
701
749
742
760
531
355
179
64
0
0
0
0
0
0
0
0
0
0
23
204
397
579
715
829
891
878
817
732
578
370
216
69
0
0
0
0
0
0
0
0
0
0
32
190
284
409
567
837
808
719
516
525
595
483
253
97
1
0
0
0
0
0
0
0
0
0
26
199
330
484
672
731
709
784
766
710
585
418
214
59
0
0
0
0
0
0
0
0
0
0
27
215
415
603
766
884
957
962
912
810
653
461
261
84
0
0
0
0
0
0
0
0
0
0
27
218
416
610
768
879
937
938
887
784
642
461
263
88
0
0
0
0
0
0
0
0
0
0
25
203
391
574
727
836
895
899
852
753
609
432
245
81
0
0
0
0
0
0
0
0
0
0
29
227
434
641
814
937
1005
1012
963
854
691
495
286
96
0
0
0
0
0
0
0
0
0
0
28
220
411
598
765
881
924
937
886
775
635
458
255
89
0
0
0
0
0
0
0
0
0
0
28
216
410
596
752
865
925
929
880
780
634
453
260
89
0
0
0
0
0
0
0
0
0
0
30
234
444
645
813
936
1001
1012
959
849
689
490
280
95
0
0
0
0
0
0
0
0
0
0
28
220
419
612
774
882
947
960
903
798
647
462
266
91
0
0
0
0
0
0
0
0
0
0
58
219
419
610
772
890
955
963
909
802
648
464
266
91
0
0
0
0
0
0
0
0
0
0
58
206
387
535
674
762
770
851
807
701
589
383
238
88
1
0
0
0
0
0
0
0
0
0
42
155
294
408
540
657
687
719
697
587
449
313
178
58
0
0
0
0
0
0
0
0
0
0
70
245
379
526
640
361
594
698
664
422
350
327
241
117
6
0
0
0
0
0
0
0
0
0
52
189
360
525
659
752
799
808
768
682
559
405
236
83
0
0
0
0
0
0
0
0
0
0
58
220
413
602
752
864
918
929
874
784
649
467
269
96
1
0
0
0
0
0
0
0
0
0
63
237
447
651
825
946
1013
1018
967
860
703
507
299
108
1
0
0
0
0
0
0
0
0
0
56
209
392
566
714
819
877
885
840
741
605
436
256
93
1
0
0
0
0
0
0
0
0
0
59
222
421
619
774
881
944
958
910
806
662
484
284
104
1
0
0
0
0
0
0
0
0
0
42
176
330
534
606
683
750
556
484
465
463
414
326
120
3
0
0
0
0
0
0
0
0
0
49
186
328
493
644
745
796
794
754
661
522
385
229
84
1
0
0
0
0
0
0
0
0
0
10
18
50
157
437
773
748
636
850
812
652
439
217
77
2
0
0
0
0
0
0
0
0
0
52
198
382
545
698
823
882
911
884
782
649
468
268
105
1
0
0
0
0
0
0
0
0
0
56
212
408
598
754
871
941
949
898
808
657
469
279
104
1
0
0
0
0
0
0
0
0
0
32
233
444
644
866
556
593
587
522
519
417
286
172
67
1
0
0
0
0
0
0
0
0
0
31
238
458
675
859
451
473
415
422
395
292
187
112
45
1
0
0
0
0
0
0
0
0
0
25
198
391
573
730
866
931
937
878
782
632
455
265
99
2
0
0
0
0
0
0
0
0
0
28
222
428
631
800
919
991
998
952
841
691
501
293
107
1
0
0
0
0
0
0
0
0
0
26
209
406
594
764
898
945
954
907
815
681
503
301
116
2
0
0
0
0
0
0
0
0
0
27
216
422
622
793
923
996
1010
957
857
702
513
304
114
2
0
0
0
0
0
0
0
0
0
25
202
391
586
760
877
931
930
867
766
631
452
263
99
1
0
0
0
0
0
0
0
0
0
24
210
403
595
762
871
943
939
885
785
636
464
273
103
1
0
0
0
0
0
0
0
0
0
24
200
391
574
711
788
856
870
839
765
625
453
283
105
2
0
0
0
0
0
0
0
0
0
21
185
361
547
709
838
893
907
885
773
626
462
283
109
1
0
0
0
0
0
0
0
0
0
24
202
395
573
736
848
933
955
912
802
660
481
287
108
2
0
0
0
0
0
0
0
0
0
24
209
410
608
777
905
972
984
929
823
670
481
281
102
1
0
0
0
0
0
0
0
0
0
21
196
381
577
719
839
916
926
884
779
641
481
280
104
2
0
0
0
0
0
0
0
0
0
21
194
390
580
744
859
936
960
916
819
679
496
298
115
2
0
0
0
0
0
0
0
0
0
22
204
405
604
773
897
977
995
948
846
691
506
300
113
2
0
0
0
0
0
0
0
0
0
21
198
397
586
741
854
915
934
884
792
659
483
289
112
2
0
0
0
0
0
0
0
0
0
22
215
425
633
808
938
1017
1035
988
881
727
531
319
121
2
0
0
0
0
0
0
0
0
0
22
215
425
630
804
931
1006
1022
976
876
722
532
320
122
2
0
0
0
0
0
0
0
0
0
20
194
391
587
758
883
953
968
921
827
687
501
298
111
2
0
0
0
0
0
0
0
0
0
17
175
352
518
659
767
828
836
801
715
579
422
248
90
1
0
0
0
0
0
0
0
0
0
17
193
383
575
735
863
925
934
875
786
637
455
266
97
1
0
0
0
0
0
0
0
0
0
17
182
371
559
710
843
914
922
871
764
632
464
264
98
1
0
0
0
0
0
0
0
0
0
18
197
397
599
762
887
960
978
939
837
684
495
290
106
1
0
0
0
0
0
0
0
0
0
15
183
374
571
740
848
920
918
879
780
633
453
260
93
1
0
0
0
0
0
0
0
0
0
15
177
366
572
745
866
916
937
879
767
622
450
257
90
1
0
0
0
0
0
0
0
0
0
13
166
358
526
674
789
879
916
876
742
606
443
249
98
1
0
0
0
0
0
0
0
0
0
14
171
347
535
710
827
882
902
862
780
631
456
267
94
1
0
0
0
0
0
0
0
0
0
14
179
374
569
737
858
929
945
897
797
650
466
266
93
0
0
0
0
0
0
0
0
0
0
11
156
333
520
684
815
860
891
858
741
616
440
257
87
0
0
0
0
0
0
0
0
0
0
12
173
366
568
739
868
939
956
913
813
664
480
279
98
1
0
0
0
0
0
0
0
0
0
12
168
356
550
717
838
911
933
904
812
663
473
275
98
1
0
0
0
0
0
0
0
0
0
12
183
388
594
769
901
973
994
946
847
691
497
286
100
1
0
0
0
0
0
0
0
0
0
11
175
366
564
732
859
934
948
908
808
655
465
267
91
0
0
0
0
0
0
0
0
0
0
12
175
373
562
733
858
939
943
892
797
642
460
266
92
0
0
0
0
0
0
0
0
0
0
10
170
368
564
734
863
938
955
903
806
657
470
265
90
0
0
0
0
0
0
0
0
0
0
9
160
349
549
724
863
943
961
928
828
673
482
271
92
1
0
0
0
0
0
0
0
0
0
9
149
321
500
668
806
864
881
866
806
643
474
273
86
0
0
0
0
0
0
0
0
0
0
8
151
336
524
687
808
880
891
849
758
614
436
245
80
0
0
0
0
0
0
0
0
0
0
7
146
325
509
665
783
853
867
832
741
602
427
241
79
0
0
0
0
0
0
0
0
0
0
7
148
324
507
676
817
907
919
888
784
631
459
260
85
0
0
0
0
0
0
0
0
0
0
7
161
364
573
755
885
957
975
940
839
680
485
270
86
0
0
0
0
0
0
0
0
0
0
6
147
333
513
691
816
876
868
843
751
605
426
227
69
0
0
0
0
0
0
0
0
0
0
6
148
335
530
699
817
892
900
863
762
615
429
241
73
0
0
0
0
0
0
0
0
0
0
6
138
321
509
665
792
870
894
853
772
639
464
263
83
0
0
0
0
0
0
0
0
0
0
6
151
347
553
724
856
929
949
901
798
641
453
251
76
0
0
0
0
0
0
0
0
0
0
6
145
334
533
705
829
897
909
873
770
612
433
238
71
0
0
0
0
0
0
0
0
0
0
5
145
337
538
710
849
923
943
908
811
659
464
259
76
0
0
0
0
0
0
0
0
0
0
5
134
306
513
657
796
857
873
820
741
601
414
224
64
0
0
0
0
0
0
0
0
0
0
5
134
314
506
671
793
871
895
855
773
625
443
239
68
0
0
0
0
0
0
0
0
0
0
4
140
330
523
699
833
901
917
867
764
608
421
222
60
0
0
0
0
0
0
0
0
0
0
4
143
346
553
738
876
957
973
926
821
658
458
246
67
0
0
0
0
0
0
0
0
0
0
4
137
322
502
644
758
828
853
806
733
587
406
213
27
0
0
0
0
0
0
0
0
0
0
3
129
308
513
670
790
873
882
831
744
576
380
193
21
0
0
0
0
0
0
0
0
0
0
3
124
307
492
652
774
845
866
834
725
589
404
213
25
0
0
0
0
0
0
0
0
0
0
3
117
301
471
632
759
829
857
820
700
605
429
219
30
0
0
0
0
0
0
0
0
0
0
3
127
321
519
696
823
911
931
892
784
632
437
230
29
0
0
0
0
0
0
0
0
0
0
2
130
324
525
708
843
908
914
866
757
606
419
215
21
0
0
0
0
0
0
0
0
0
0
2
122
309
505
671
800
864
893
855
740
576
386
193
14
0
0
0
0
0
0
0
0
0
0
2
130
332
540
716
849
916
927
871
767
609
418
213
19
0
0
0
0
0
0
0
0
0
0
2
127
328
540
721
862
949
967
917
811
649
443
224
23
0
0
0
0
0
0
0
0
0
0
2
116
306
506
673
806
875
888
837
733
581
388
195
17
0
0
0
0
0
0
0
0
0
0
2
123
324
531
715
847
933
951
902
784
623
422
209
17
0
0
0
0
0
0
0
0
0
0
1
108
289
479
652
769
832
829
791
727
555
359
168
11
0
0
0
0
0
0
0
0
0
0
1
116
311
520
700
833
909
924
870
761
596
396
190
13
0
0
0
0
0
0
0
0
0
0
1
90
250
419
579
749
805
839
769
657
533
374
192
17
0
0
0
0
0
0
0
0
0
0
1
81
226
372
505
583
657
701
647
548
440
294
142
8
0
0
0
0
0
0
0
0
0
0
1
102
275
462
621
757
817
832
789
706
567
384
187
12
0
0
0
0
0
0
0
0
0
0
0
97
272
466
617
754
811
834
798
744
592
395
188
13
0
0
0
0
0
0
0
0
0
0
1
110
305
502
679
808
878
883
836
725
574
382
175
9
0
0
0
0
0
0
0
0
0
0
1
100
284
482
648
776
853
873
830
726
569
377
176
10
0
0
0
0
0
0
0
0
0
0
1
90
271
458
610
729
774
784
751
633
452
302
146
6
0
0
0
0
0
0
0
0
0
0
0
60
179
303
382
461
553
529
491
375
338
226
100
2
0
0
0
0
0
0
0
0
0
0
1
114
309
459
583
710
775
811
759
628
441
296
124
3
0
0
0
0
0
0
0
0
0
0
0
109
317
548
759
571
620
591
529
478
376
229
100
2
0
0
0
0
0
0
0
0
0
0
2
114
335
411
405
461
657
312
383
151
48
35
13
1
0
0
0
0
0
0
0
0
0
0
0
98
294
502
682
828
890
909
836
732
563
363
151
4
0
0
0
0
0
0
0
0
0
0
0
91
272
465
634
765
821
815
768
671
519
324
133
2
0
0
0
0
0
0
0
0
0
0
0
81
236
401
545
651
702
695
654
549
418
262
105
1
0
0
0
0
0
0
0
0
0
0
0
77
234
400
564
670
734
715
692
569
431
268
110
1
0
0
0
0
0
0
0
0
0
0
0
93
279
473
657
774
836
844
784
673
512
323
123
1
0
0
0
0
0
0
0
0
0
0
0
87
274
475
646
777
850
862
803
688
526
328
130
2
0
0
0
0
0
0
0
0
0
0
0
88
274
477
650
769
838
831
773
651
491
304
116
1
0
0
0
0
0
0
0
0
0
0
0
89
281
484
664
797
876
883
826
709
539
335
128
2
0
0
0
0
0
0
0
0
0
0
0
63
199
342
479
548
619
607
575
472
336
193
73
1
0
0
0
0
0
0
0
0
0
0
0
71
225
380
525
602
647
649
606
525
404
236
87
1
0
0
0
0
0
0
0
0
0
0
0
66
215
378
517
623
685
698
647
545
411
249
88
0
0
0
0
0
0
0
0
0
0
0
0
87
290
504
689
821
895
896
831
706
528
317
111
0
0
0
0
0
0
0
0
0
0
0
0
85
285
500
682
820
891
898
837
713
537
324
113
0
0
0
0
0
0
0
0
0
0
0
0
80
271
477
655
782
850
854
794
674
503
300
102
0
0
0
0
0
0
0
0
0
0
0
0
63
214
417
579
671
732
750
725
594
433
260
89
0
0
0
0
0
0
0
0
0
0
0
0
76
267
471
647
777
848
855
800
681
504
298
97
0
0
0
0
0
0
0
0
0
0
0
0
14
62
122
194
242
228
233
162
191
110
77
34
0
0
0
0
0
0
0
0
0
0
0
0
72
259
460
630
759
831
832
771
641
475
272
83
0
0
0
0
0
0
0
0
0
0
0
0
37
272
486
667
797
866
869
805
676
497
285
86
0
0
0
0
0
0
0
0
0
0
0
0
34
257
459
631
760
827
828
765
641
472
268
79
0
0
0
0
0
0
0
0
0
0
0
0
32
244
437
608
724
778
781
724
609
448
256
73
0
0
0
0
0
0
0
0
0
0
0
0
32
251
460
541
646
673
664
647
537
372
158
12
0
0
0
0
0
0
0
0
0
0
0
0
25
222
392
553
665
731
758
667
555
392
218
27
0
0
0
0
0
0
0
0
0
0
0
0
28
152
265
478
672
591
570
652
548
362
207
26
0
0
0
0
0
0
0
0
0
0
0
0
12
115
185
286
364
460
425
339
286
187
108
5
0
0
0
0
0
0
0
0
0
0
0
0
26
237
432
591
712
758
762
697
579
425
229
25
0
0
0
0
0
0
0
0
0
0
0
0
25
242
444
618
740
804
804
738
615
439
233
21
0
0
0
0
0
0
0
0
0
0
0
0
24
208
395
564
677
725
720
663
558
404
210
22
0
0
0
0
0
0
0
0
0
0
0
0
5
166
374
501
548
515
605
603
448
300
129
5
0
0
0
0
0
0
0
0
0
0
0
0
22
223
420
596
716
781
784
723
600
426
228
22
0
0
0
0
0
0
0
0
0
0
0
0
22
229
434
613
745
812
811
741
606
427
217
16
0
0
0
0
0
0
0
0
0
0
0
0
20
222
420
593
723
785
782
712
589
409
206
14
0
0
0
0
0
0
0
0
0
0
0
0
18
210
397
563
669
740
740
692
565
387
195
11
0
0
0
0
0
0
0
0
0
0
0
0
18
216
412
579
693
755
754
680
555
389
192
10
0
0
0
0
0
0
0
0
0
0
0
0
17
207
385
528
643
693
685
634
531
373
180
11
0
0
0
0
0
0
0
0
0
0
0
0
14
140
222
320
442
480
555
542
520
429
195
16
0
0
0
0
0
0
0
0
0
0
0
0
14
192
393
530
581
634
578
559
491
344
179
9
0
0
0
0
0
0
0
0
0
0
0
0
14
184
357
499
618
667
631
560
469
304
138
2
0
0
0
0
0
0
0
0
0
0
0
0
14
196
387
558
681
747
742
671
544
362
171
7
0
0
0
0
0
0
0
0
0
0
0
0
8
151
280
414
546
662
686
580
379
316
146
5
0
0
0
0
0
0
0
0
0
0
0
0
4
74
144
207
283
313
322
290
206
136
60
2
0
0
0
0
0
0
0
0
0
0
0
0
3
75
169
274
347
398
371
306
251
174
87
5
0
0
0
0
0
0
0
0
0
0
0
0
21
175
336
562
531
496
366
439
271
208
126
8
0
0
0
0
0
0
0
0
0
0
0
0
9
178
359
524
627
682
693
628
498
327
144
4
0
0
0
0
0
0
0
0
0
0
0
0
9
186
385
559
682
739
729
658
521
338
144
3
0
0
0
0
0
0
0
0
0
0
0
0
9
185
381
552
676
733
728
654
519
342
147
3
0
0
0
0
0
0
0
0
0
0
0
0
6
152
320
474
568
622
613
548
427
273
113
1
0
0
0
0
0
0
0
0
0
0
0
0
5
127
260
384
515
596
555
483
365
224
112
1
0
0
0
0
0
0
0
0
0
0
0
0
7
174
367
535
657
717
709
635
505
330
138
2
0
0
0
0
0
0
0
0
0
0
0
0
6
160
344
505
620
668
669
600
482
313
130
2
0
0
0
0
0
0
0
0
0
0
0
0
6
156
334
493
603
657
645
562
448
292
115
1
0
0
0
0
0
0
0
0
0
0
0
0
5
144
313
467
555
606
628
579
453
309
126
2
0
0
0
0
0
0
0
0
0
0
0
0
4
119
267
399
487
537
530
470
366
228
88
1
0
0
0
0
0
0
0
0
0
0
0
0
5
137
293
432
511
566
572
521
426
265
100
1
0
0
0
0
0
0
0
0
0
0
0
0
4
150
333
492
604
659
652
576
449
277
107
1
0
0
0
0
0
0
0
0
0
0
0
0
4
139
312
468
577
629
617
547
426
265
99
0
0
0
0
0
0
0
0
0
0
0
0
0
4
138
309
466
576
622
598
528
416
266
99
1
0
0
0
0
0
0
0
0
0
0
0
0
3
133
307
474
572
625
618
562
436
276
99
0
0
0
0
0
0
0
0
0
0
0
0
0
3
116
283
444
436
541
596
390
323
286
95
1
0
0
0
0
0
0
0
0
0
0
0
0
2
133
310
474
591
657
649
586
462
287
105
0
0
0
0
0
0
0
0
0
0
0
0
0
2
136
324
494
617
676
670
595
465
292
104
0
0
0
0
0
0
0
0
0
0
0
0
0
2
126
303
458
570
636
631
567
436
272
96
0
0
0
0
0
0
0
0
0
0
0
0
0
1
95
175
284
322
407
461
407
326
197
68
0
0
0
0
0
0
0
0
0
0
0
0
0
2
125
307
473
596
654
648
572
441
268
92
0
0
0
0
0
0
0
0
0
0
0
0
0
1
124
307
474
591
656
650
581
447
276
93
0
0
0
0
0
0
0
0
0
0
0
0
0
1
83
202
326
407
480
467
411
319
187
61
0
0
0
0
0
0
0
0
0
0
0
0
0
1
93
239
403
465
576
573
559
396
258
83
0
0
0
0
0
0
0
0
0
0
0
0
0
1
92
228
355
447
487
463
422
342
210
66
0
0
0
0
0
0
0
0
0
0
0
0
0
0
79
213
346
427
469
464
413
314
189
57
0
0
0
0
0
0
0
0
0
0
0
0
0
1
103
271
427
549
611
607
538
422
249
78
0
0
0
0
0
0
0
0
0
0
0
0
0
0
106
286
444
561
625
620
544
419
249
76
0
0
0
0
0
0
0
0
0
0
0
0
0
0
99
266
416
533
581
584
504
379
229
68
0
0
0
0
0
0
0
0
0
0
0
0
0
0
89
244
388
490
538
527
463
354
208
62
0
0
0
0
0
0
0
0
0
0
0
0
0
0
92
247
416
532
570
548
441
322
174
13
0
0
0
0
0
0
0
0
0
0
0
0
0
0
95
270
435
555
617
610
546
413
240
34
0
0
0
0
0
0
0
0
0
0
0
0
0
0
97
222
303
456
368
355
319
192
227
75
0
0
0
0
0
0
0
0
0
0
0
0
0
0
67
236
351
417
459
551
469
335
190
19
0
0
0
0
0
0
0
0
0
0
0
0
0
0
74
250
426
483
538
456
342
317
152
10
0
0
0
0
0
0
0
0
0
0
0
0
0
0
6
170
329
286
429
589
368
264
101
16
0
0
0
0
0
0
0
0
0
0
0
0
0
0
76
235
393
512
569
571
502
387
226
34
0
0
0
0
0
0
0
0
0
0
0
0
0
0
70
230
362
460
535
534
468
365
212
28
0
0
0
0
0
0
0
0
0
0
0
0
0
0
60
198
333
451
482
522
465
375
222
35
0
0
0
0
0
0
0
0
0
0
0
0
0
0
75
238
393
510
564
562
500
386
223
29
0
0
0
0
0
0
0
0
0
0
0
0
0
0
75
245
409
533
592
588
524
398
233
29
0
0
0
0
0
0
0
0
0
0
0
0
0
0
39
140
250
286
337
322
276
207
116
5
0
0
0
0
0
0
0
0
0
0
0
0
0
0
31
213
371
466
513
517
461
350
199
19
0
0
0
0
0
0
0
0
0
0
0
0
0
0
32
230
392
512
572
572
503
382
218
26
0
0
0
0
0
0
0
0
0
0
0
0
0
0
30
223
380
500
554
553
488
369
214
26
0
0
0
0
0
0
0
0
0
0
0
0
0
0
28
215
368
481
545
538
473
360
209
25
0
0
0
0
0
0
0
0
0
0
0
0
0
0
29
227
389
512
574
568
500
381
218
25
0
0
0
0
0
0
0
0
0
0
0
0
0
0
25
211
366
479
550
544
493
374
216
26
0
0
0
0
0
0
0
0
0
0
0
0
0
0
26
212
366
490
527
504
434
321
183
19
0
0
0
0
0
0
0
0
0
0
0
0
0
0
22
196
365
481
532
533
461
352
198
22
0
0
0
0
0
0
0
0
0
0
0
0
0
0
22
205
367
488
550
547
481
365
211
23
0
0
0
0
0
0
0
0
0
0
0
0
0
0
22
184
309
430
478
466
455
293
170
5
0
0
0
0
0
0
0
0
0
0
0
0
0
0
21
180
323
403
476
487
466
332
192
21
0
0
0
0
0
0
0
0
0
0
0
0
0
0
17
176
301
440
521
514
461
329
176
13
0
0
0
0
0
0
0
0
0
0
0
0
0
0
17
180
254
314
469
454
428
314
204
30
0
0
0
0
0
0
0
0
0
0
0
0
0
0
4
170
255
358
508
406
317
241
149
4
0
0
0
0
0
0
0
0
0
0
0
0
0
0
5
73
98
253
437
463
522
297
154
23
0
0
0
0
0
0
0
0
0
0
0
0
0
0
12
164
335
421
475
467
420
326
172
23
0
0
0
0
0
0
0
0
0
0
0
0
0
0
13
171
324
445
500
530
466
352
207
24
0
0
0
0
0
0
0
0
0
0
0
0
0
0
13
173
332
454
516
521
460
343
198
23
0
0
0
0
0
0
0
0
0
0
0
0
0
0
14
161
269
395
427
445
406
332
210
23
0
0
0
0
0
0
0
0
0
0
0
0
0
0
13
170
328
453
525
534
477
360
205
26
0
0
0
0
0
0
0
0
0
0
0
0
0
0
7
154
131
289
460
452
379
236
210
11
0
0
0
0
0
0
0
0
0
0
0
0
0
0
7
117
255
363
371
451
436
332
192
44
0
0
0
0
0
0
0
0
0
0
0
0
0
0
3
70
132
151
190
275
308
215
135
25
0
0
0
0
0
0
0
0
0
0
0
0
0
0
11
156
297
433
509
504
447
348
215
30
0
0
0
0
0
0
0
0
0
0
0
0
0
0
10
170
328
455
528
534
481
369
217
28
0
0
0
0
0
0
0
0
0
0
0
0
0
0
6
106
202
312
384
418
465
350
194
38
0
0
0
0
0
0
0
0
0
0
0
0
0
0
9
121
228
288
340
370
368
212
81
5
0
0
0
0
0
0
0
0
0
0
0
0
0
0
10
164
322
433
492
490
442
332
195
30
0
0
0
0
0
0
0
0
0
0
0
0
0
0
9
166
327
456
525
530
483
373
218
30
0
0
0
0
0
0
0
0
0
0
0
0
0
0
9
169
331
458
537
554
505
391
235
36
0
0
0
0
0
0
0
0
0
0
0
0
0
0
9
150
294
407
474
480
469
358
203
65
0
0
0
0
0
0
0
0
0
0
0
0
0
0
9
159
321
454
532
543
483
367
215
65
0
0
0
0
0
0
0
0
0
0
0
0
0
0
9
169
334
465
531
543
486
376
226
71
0
0
0
0
0
0
0
0
0
0
0
0
0
0
8
132
275
380
478
509
448
350
227
71
0
0
0
0
0
0