0
0
0
0
0
0
0
2
48
115
174
233
233
227
181
121
40
0
0
0
0
0
0
0
0
0
0
0
0
0
0
1
119
282
408
317
401
334
385
209
61
0
0
0
0
0
0
0
0
0
0
0
0
0
0
4
137
278
407
489
510
470
383
243
89
0
0
0
0
0
0
0
0
0
0
0
0
0
0
4
125
287
404
487
510
454
379
240
88
0
0
0
0
0
0
0
0
0
0
0
0
0
0
4
143
292
402
440
458
431
343
243
93
1
0
0
0
0
0
0
0
0
0
0
0
0
0
4
144
306
440
528
546
506
407
261
100
0
0
0
0
0
0
0
0
0
0
0
0
0
0
5
136
295
430
510
539
498
405
262
99
1
0
0
0
0
0
0
0
0
0
0
0
0
0
4
119
258
373
445
467
432
345
227
87
0
0
0
0
0
0
0
0
0
0
0
0
0
0
4
128
273
391
464
484
449
365
234
90
0
0
0
0
0
0
0
0
0
0
0
0
0
0
5
152
322
463
548
576
535
433
281
110
1
0
0
0
0
0
0
0
0
0
0
0
0
0
4
122
264
391
456
473
446
358
229
89
0
0
0
0
0
0
0
0
0
0
0
0
0
0
4
139
301
431
531
560
531
429
276
108
1
0
0
0
0
0
0
0
0
0
0
0
0
0
4
125
271
387
449
479
442
375
238
92
1
0
0
0
0
0
0
0
0
0
0
0
0
0
5
155
329
477
569
596
555
458
305
126
2
0
0
0
0
0
0
0
0
0
0
0
0
0
4
140
303
426
491
522
492
403
263
117
2
0
0
0
0
0
0
0
0
0
0
0
0
0
4
142
294
421
496
517
485
402
265
110
1
0
0
0
0
0
0
0
0
0
0
0
0
0
5
153
323
468
550
570
531
434
293
124
2
0
0
0
0
0
0
0
0
0
0
0
0
0
4
124
271
407
486
499
481
383
232
100
2
0
0
0
0
0
0
0
0
0
0
0
0
0
5
144
302
415
517
547
523
427
286
123
2
0
0
0
0
0
0
0
0
0
0
0
0
0
6
154
327
409
436
416
442
400
286
108
2
0
0
0
0
0
0
0
0
0
0
0
0
0
5
130
301
446
521
516
477
402
268
123
2
0
0
0
0
0
0
0
0
0
0
0
0
0
6
162
339
485
579
612
583
483
328
148
4
0
0
0
0
0
0
0
0
0
0
0
0
0
7
170
348
492
586
616
577
473
327
150
3
0
0
0
0
0
0
0
0
0
0
0
0
0
7
178
362
514
610
640
601
502
349
164
5
0
0
0
0
0
0
0
0
0
0
0
0
0
7
153
281
431
538
585
493
400
270
110
2
0
0
0
0
0
0
0
0
0
0
0
0
0
7
165
342
488
571
600
561
459
316
147
4
0
0
0
0
0
0
0
0
0
0
0
0
0
6
125
257
329
428
446
444
361
281
133
2
0
0
0
0
0
0
0
0
0
0
0
0
0
18
87
219
285
278
602
466
396
256
158
2
0
0
0
0
0
0
0
0
0
0
0
0
0
8
153
316
451
542
588
560
469
323
156
7
0
0
0
0
0
0
0
0
0
0
0
0
0
8
147
312
426
511
497
454
390
290
127
2
0
0
0
0
0
0
0
0
0
0
0
0
0
10
155
337
425
519
558
451
408
297
138
5
0
0
0
0
0
0
0
0
0
0
0
0
0
4
132
286
411
472
479
473
363
219
89
2
0
0
0
0
0
0
0
0
0
0
0
0
0
11
188
370
516
608
641
611
517
366
183
10
0
0
0
0
0
0
0
0
0
0
0
0
0
35
198
340
470
548
451
417
224
141
87
3
0
0
0
0
0
0
0
0
0
0
0
0
0
9
148
292
407
480
519
488
411
274
131
3
0
0
0
0
0
0
0
0
0
0
0
0
0
13
130
284
406
451
492
467
383
248
148
6
0
0
0
0
0
0
0
0
0
0
0
0
0
14
175
334
470
555
592
573
487
350
156
10
0
0
0
0
0
0
0
0
0
0
0
0
0
5
97
192
303
362
331
329
275
180
91
3
0
0
0
0
0
0
0
0
0
0
0
0
0
9
141
278
393
449
435
397
364
238
109
3
0
0
0
0
0
0
0
0
0
0
0
0
0
19
125
239
239
302
302
339
298
135
79
4
0
0
0
0
0
0
0
0
0
0
0
0
0
13
135
255
333
365
398
385
295
196
100
4
0
0
0
0
0
0
0
0
0
0
0
0
0
14
109
194
297
324
273
242
209
168
94
4
0
0
0
0
0
0
0
0
0
0
0
0
0
4
58
127
185
113
380
395
390
320
233
39
0
0
0
0
0
0
0
0
0
0
0
0
0
4
66
199
294
571
342
670
622
167
155
21
0
0
0
0
0
0
0
0
0
0
0
0
0
21
220
409
552
647
683
651
555
395
214
19
0
0
0
0
0
0
0
0
0
0
0
0
0
24
229
415
565
670
706
674
577
426
236
26
0
0
0
0
0
0
0
0
0
0
0
0
0
27
243
433
589
692
729
693
594
439
246
29
0
0
0
0
0
0
0
0
0
0
0
0
0
27
225
407
519
614
620
578
528
387
223
28
0
0
0
0
0
0
0
0
0
0
0
0
0
28
231
413
555
648
688
656
571
423
236
28
0
0
0
0
0
0
0
0
0
0
0
0
0
30
244
428
571
662
684
626
540
400
226
27
0
0
0
0
0
0
0
0
0
0
0
0
0
29
233
413
553
667
671
611
518
379
220
29
0
0
0
0
0
0
0
0
0
0
0
0
0
30
209
374
525
620
644
623
543
424
231
38
0
0
0
0
0
0
0
0
0
0
0
0
0
54
200
365
535
622
632
570
472
378
209
31
0
0
0
0
0
0
0
0
0
0
0
0
0
72
235
419
525
625
675
608
492
377
224
60
0
0
0
0
0
0
0
0
0
0
0
0
0
75
250
436
583
676
723
701
596
445
252
75
0
0
0
0
0
0
0
0
0
0
0
0
0
78
252
429
578
658
693
649
577
424
249
76
0
0
0
0
0
0
0
0
0
0
0
0
0
76
242
416
572
623
673
653
522
382
224
71
0
0
0
0
0
0
0
0
0
0
0
0
0
35
96
243
374
433
507
448
361
331
228
92
0
0
0
0
0
0
0
0
0
0
0
0
0
87
257
496
340
423
456
376
466
372
287
91
0
0
0
0
0
0
0
0
0
0
0
0
0
51
213
290
149
326
252
292
467
383
293
94
1
0
0
0
0
0
0
0
0
0
0
0
1
81
172
224
297
468
279
257
136
40
77
23
0
0
0
0
0
0
0
0
0
0
0
0
0
38
107
216
228
390
359
300
423
368
246
99
1
0
0
0
0
0
0
0
0
0
0
0
0
105
300
493
650
741
765
732
631
485
289
96
0
0
0
0
0
0
0
0
0
0
0
0
0
108
299
490
640
739
767
735
636
479
287
97
0
0
0
0
0
0
0
0
0
0
0
0
1
108
297
484
607
702
667
621
540
445
265
94
0
0
0
0
0
0
0
0
0
0
0
0
1
87
281
363
491
637
662
635
498
325
200
50
0
0
0
0
0
0
0
0
0
0
0
0
1
135
299
569
496
638
288
171
53
40
25
9
0
0
0
0
0
0
0
0
0
0
0
0
1
125
323
508
645
732
756
733
622
480
295
105
0
0
0
0
0
0
0
0
0
0
0
0
2
135
341
540
698
793
825
796
701
539
340
127
1
0
0
0
0
0
0
0
0
0
0
0
2
127
307
489
627
714
704
682
587
450
271
103
1
0
0
0
0
0
0
0
0
0
0
0
2
126
310
485
617
697
719
691
610
465
283
106
1
0
0
0
0
0
0
0
0
0
0
0
2
133
320
476
596
698
717
706
628
472
297
118
2
0
0
0
0
0
0
0
0
0
0
0
2
136
327
518
648
731
757
717
633
483
297
111
1
0
0
0
0
0
0
0
0
0
0
0
3
141
328
507
652
747
778
742
643
497
319
120
1
0
0
0
0
0
0
0
0
0
0
0
4
148
344
536
681
755
780
741
651
503
314
122
1
0
0
0
0
0
0
0
0
0
0
0
7
186
424
564
605
830
660
378
59
46
52
17
1
0
0
0
0
0
0
0
0
0
0
0
4
114
271
354
471
401
478
597
459
427
298
153
7
0
0
0
0
0
0
0
0
0
0
0
6
149
331
512
609
662
712
687
568
417
336
143
4
0
0
0
0
0
0
0
0
0
0
0
7
171
375
566
723
802
830
799
699
532
341
140
2
0
0
0
0
0
0
0
0
0
0
0
6
160
350
498
653
755
717
719
652
508
313
133
3
0
0
0
0
0
0
0
0
0
0
0
8
146
311
502
583
725
716
673
611
499
317
144
4
0
0
0
0
0
0
0
0
0
0
0
10
205
427
628
786
881
908
866
754
589
380
159
3
0
0
0
0
0
0
0
0
0
0
0
11
195
404
600
745
834
856
822
715
544
345
142
2
0
0
0
0
0
0
0
0
0
0
0
12
205
421
615
766
853
881
839
731
568
366
154
3
0
0
0
0
0
0
0
0
0
0
0
12
187
378
564
699
779
791
783
687
542
353
149
4
0
0
0
0
0
0
0
0
0
0
0
8
183
333
486
581
639
685
723
555
356
257
113
1
0
0
0
0
0
0
0
0
0
0
0
7
163
216
356
427
492
471
486
351
396
268
166
13
0
0
0
0
0
0
0
0
0
0
0
15
196
392
568
696
790
811
784
692
543
356
160
6
0
0
0
0
0
0
0
0
0
0
0
16
204
404
586
731
819
846
808
715
563
373
170
8
0
0
0
0
0
0
0
0
0
0
0
15
164
330
462
591
643
617
624
555
435
273
111
2
0
0
0
0
0
0
0
0
0
0
0
16
197
385
553
657
732
767
742
646
484
305
133
2
0
0
0
0
0
0
0
0
0
0
0
26
253
478
674
825
914
940
889
776
602
394
175
5
0
0
0
0
0
0
0
0
0
0
0
25
230
412
588
727
791
819
765
684
539
352
154
5
0
0
0
0
0
0
0
0
0
0
0
5
21
75
55
67
179
646
541
866
684
456
154
2
0
0
0
0
0
0
0
0
0
0
0
15
156
270
412
464
502
521
456
369
296
184
73
2
0
0
0
0
0
0
0
0
0
0
0
30
237
435
605
729
803
827
800
729
563
366
171
8
0
0
0
0
0
0
0
0
0
0
0
72
263
478
670
806
890
915
869
758
598
394
182
8
0
0
0
0
0
0
0
0
0
0
0
77
272
489
681
824
910
930
886
775
610
405
189
8
0
0
0
0
0
0
0
0
0
0
0
80
273
481
669
801
885
903
855
746
591
390
182
8
0
0
0
0
0
0
0
0
0
0
0
79
261
461
617
731
811
853
792
683
526
358
170
7
0
0
0
0
0
0
0
0
0
0
0
85
278
491
681
821
904
928
891
782
621
422
206
13
0
0
0
0
0
0
0
0
0
0
0
92
291
506
691
832
922
944
898
794
630
430
211
14
0
0
0
0
0
0
0
0
0
0
0
97
302
517
705
837
915
932
879
768
613
410
196
9
0
0
0
0
0
0
0
0
0
0
0
62
113
214
232
394
207
319
258
353
538
456
224
22
0
0
0
0
0
0
0
0
0
0
0
95
285
486
662
791
871
885
840
738
582
393
191
11
0
0
0
0
0
0
0
0
0
0
0
81
245
400
562
653
720
727
659
575
468
303
138
3
0
0
0
0
0
0
0
0
0
0
0
110
317
537
725
865
947
963
912
796
629
425
206
12
0
0
0
0
0
0
0
0
0
0
1
110
312
527
715
859
941
964
916
815
653
446
226
19
0
0
0
0
0
0
0
0
0
0
1
112
312
518
697
829
913
925
880
769
607
404
197
12
0
0
0
0
0
0
0
0
0
0
0
65
169
326
419
521
594
595
570
488
399
268
141
12
0
0
0
0
0
0
0
0
0
0
2
127
348
548
731
827
479
532
447
411
293
211
91
7
0
0
0
0
0
0
0
0
0
0
1
112
297
485
660
775
852
866
824
737
595
403
205
18
0
0
0
0
0
0
0
0
0
0
1
101
300
469
645
723
721
714
726
700
577
396
185
11
0
0
0
0
0
0
0
0
0
0
1
54
158
262
377
379
442
444
409
384
282
189
86
4
0
0
0
0
0
0
0
0
0
0
1
119
272
454
602
772
846
838
809
665
541
346
159
10
0
0
0
0
0
0
0
0
0
0
3
126
310
504
630
698
763
793
686
681
553
339
197
16
0
0
0
0
0
0
0
0
0
0
3
86
244
297
458
821
900
663
617
442
353
261
169
7
0
0
0
0
0
0
0
0
0
0
3
123
317
515
697
822
887
910
841
737
587
395
195
14
0
0
0
0
0
0
0
0
0
0
2
111
292
495
661
808
842
839
785
711
555
377
200
23
0
0
0
0
0
0
0
0
0
0
3
125
275
456
637
735
757
799
727
678
575
402
222
46
0
0
0
0
0
0
0
0
0
0
1
109
319
507
696
786
816
795
763
585
461
354
187
11
0
0
0
0
0
0
0
0
0
0
3
136
331
495
663
776
847
844
799
714
522
312
149
5
0
0
0
0
0
0
0
0
0
0
5
158
369
578
757
891
962
978
933
823
661
461
246
31
0
0
0
0
0
0
0
0
0
0
5
149
339
536
710
840
917
914
848
751
611
411
217
23
0
0
0
0
0
0
0
0
0
0
6
144
324
516
676
790
878
878
859
736
582
398
214
28
0
0
0
0
0
0
0
0
0
0
7
102
279
384
483
464
499
322
353
351
192
199
84
6
0
0
0
0
0
0
0
0
0
0
6
80
217
358
429
566
517
556
464
437
254
186
75
6
0
0
0
0
0
0
0
0
0
0
2
46
93
147
186
198
228
234
162
156
126
110
59
16
0
0
0
0
0
0
0
0
0
0
8
169
374
580
762
891
968
977
926
825
669
470
257
74
0
0
0
0
0
0
0
0
0
0
6
125
336
333
594
491
507
665
819
593
310
389
192
31
0
0
0
0
0
0
0
0
0
0
4
130
296
522
629
787
894
879
785
647
494
358
186
61
0
0
0
0
0
0
0
0
0
0
9
175
378
585
762
889
960
969
929
820
663
467
260
77
0
0
0
0
0
0
0
0
0
0
12
155
308
504
734
810
854
861
720
648
526
360
178
50
0
0
0
0
0
0
0
0
0
0
9
160
323
505
657
792
901
813
755
625
502
379
219
62
0
0
0
0
0
0
0
0
0
0
3
37
144
436
447
384
142
278
632
703
480
425
244
89
0
0
0
0
0
0
0
0
0
0
11
103
247
412
698
758
853
951
819
603
506
259
147
49
0
0
0
0
0
0
0
0
0
0
11
172
351
519
659
745
799
811
818
743
607
448
258
83
0
0
0
0
0
0
0
0
0
0
13
182
381
575
740
860
935
949
894
793
653
460
259
84
0
0
0
0
0
0
0
0
0
0
14
188
389
586
754
877
947
958
912
810
657
471
267
87
0
0
0
0
0
0
0
0
0
0
16
208
426
638
819
950
1025
1038
988
877
714
513
294
96
0
0
0
0
0
0
0
0
0
0
15
193
396
597
768
896
968
981
933
826
671
479
273
90
0
0
0
0
0
0
0
0
0
0
16
194
398
598
771
899
969
981
932
827
673
481
274
91
0
0
0
0
0
0
0
0
0
0
16
195
400
603
776
906
972
978
925
820
665
473
271
91
0
0
0
0
0
0
0
0
0
0
17
204
411
610
775
905
979
994
953
849
696
503
294
102
1
0
0
0
0
0
0
0
0
0
14
163
332
499
634
750
804
797
756
670
546
391
228
78
0
0
0
0
0
0
0
0
0
0
19
213
427
632
807
930
1004
1017
972
870
716
525
308
109
1
0
0
0
0
0
0
0
0
0
19
214
427
635
811
941
1014
1028
977
868
711
513
298
104
1
0
0
0
0
0
0
0
0
0
18
201
405
602
775
897
970
990
945
839
688
500
292
104
1
0
0
0
0
0
0
0
0
0
19
199
398
593
758
885
947
962
924
830
684
497
288
104
1
0
0
0
0
0
0
0
0
0
17
169
343
508
625
780
841
838
815
675
574
424
251
88
0
0
0
0
0
0
0
0
0
0
11
39
228
592
598
931
1097
787
357
174
80
43
25
9
1
0
0
0
0
0
0
0
0
0
19
187
372
555
710
822
886
892
848
754
614
442
257
92
1
0
0
0
0
0
0
0
0
0
20
195
390
580
744
866
933
942
889
792
642
465
269
97
1
0
0
0
0
0
0
0
0
0
19
187
370
558
726
850
918
918
876
789
654
489
297
114
2
0
0
0
0
0
0
0
0
0
20
185
369
568
728
838
909
929
873
775
655
478
293
115
3
0
0
0
0
0
0
0
0
0
22
207
408
611
789
919
996
1013
970
864
714
522
309
118
2
0
0
0
0
0
0
0
0
0
20
191
384
568
732
853
928
943
906
819
673
500
303
118
3
0
0
0
0
0
0
0
0
0
22
207
412
614
789
916
990
1007
962
869
716
528
314
119
3
0
0
0
0
0
0
0
0
0
19
184
366
526
662
750
807
825
795
697
590
431
262
98
1
0
0
0
0
0
0
0
0
0
23
215
424
628
801
930
1002
1007
957
849
694
504
298
111
1
0
0
0
0
0
0
0
0
0
18
186
333
486
633
590
603
644
702
724
720
536
302
95
4
0
0
0
0
0
0
0
0
0
22
198
393
589
757
881
955
961
915
814
680
501
301
116
2
0
0
0
0
0
0
0
0
0
21
203
406
604
772
894
965
975
922
826
681
498
297
113
1
0
0
0
0
0
0
0
0
0
23
215
420
625
797
929
1002
1014
965
862
708
511
303
115
1
0
0
0
0
0
0
0
0
0
22
207
408
601
763
878
947
955
903
804
665
492
296
117
2
0
0
0
0
0
0
0
0
0
22
206
407
605
777
903
975
992
941
842
695
509
307
121
2
0
0
0
0
0
0
0
0
0
19
184
367
540
698
826
904
925
884
782
645
493
294
118
3
0
0
0
0
0
0
0
0
0
18
180
371
532
695
796
854
862
849
768
639
487
294
118
3
0
0
0
0
0
0
0
0
0
20
193
387
577
752
869
952
959
927
833
695
514
312
125
4
0
0
0
0
0
0
0
0
0
19
178
361
560
731
853
924
937
889
797
656
489
294
114
3
0
0
0
0
0
0
0
0
0
20
184
369
558
715
844
925
938
906
811
660
497
295
119
3
0
0
0
0
0
0
0
0
0
20
188
371
556
722
838
901
931
883
773
646
474
290
119
3
0
0
0
0
0
0
0
0
0
21
189
379
569
742
874
941
956
925
825
679
503
306
121
3
0
0
0
0
0
0
0
0
0
19
192
388
579
731
858
934
950
908
810
669
491
295
123
3
0
0
0
0
0
0
0
0
0
19
171
354
541
700
789
878
914
853
770
626
454
282
116
3
0
0
0
0
0
0
0
0
0
17
172
371
523
670
773
806
873
829
723
604
457
251
101
3
0
0
0
0
0
0
0
0
0
18
180
367
555
714
834
911
918
879
791
650
477
288
117
3
0
0
0
0
0
0
0
0
0
19
182
377
551
707
794
877
905
844
736
612
458
283
113
3
0
0
0
0
0
0
0
0
0
19
194
390
593
764
890
960
979
935
837
691
511
313
127
3
0
0
0
0
0
0
0
0
0
17
168
351
550
670
779
840
872
871
801
670
506
306
128
5
0
0
0
0
0
0
0
0
0
18
183
373
568
736
863
925
950
909
820
674
488
303
124
4
0
0
0
0
0
0
0
0
0
17
185
382
577
741
863
928
943
908
811
668
495
301
119
3
0
0
0
0
0
0
0
0
0
17
189
389
584
760
881
950
966
920
828
682
504
305
120
2
0
0
0
0
0
0
0
0
0
17
185
376
564
733
860
938
962
922
826
692
507
308
122
3
0
0
0
0
0
0
0
0
0
16
182
378
578
748
878
963
978
938
849
712
531
322
131
4
0
0
0
0
0
0
0
0
0
15
177
368
557
732
864
941
953
919
827
689
509
315
128
3
0
0
0
0
0
0
0
0
0
16
191
391
593
765
894
965
982
941
841
696
511
311
125
3
0
0
0
0
0
0
0
0
0
15
192
392
593
768
897
974
989
950
860
710
523
321
130
3
0
0
0
0
0
0
0
0
0
16
195
402
605
785
923
1003
1026
991
896
749
560
349
143
5
0
0
0
0
0
0
0
0
0
14
178
373
569
746
880
956
976
935
846
701
518
317
129
3
0
0
0
0
0
0
0
0
0
14
180
376
572
741
873
946
968
934
841
698
519
316
127
3
0
0
0
0
0
0
0
0
0
12
171
360
555
731
865
941
958
925
832
696
512
317
129
4
0
0
0
0
0
0
0
0
0
12
167
359
555
729
859
943
967
922
826
682
506
306
124
3
0
0
0
0
0
0
0
0
0
12
174
369
566
740
871
949
973
935
847
703
520
315
127
3
0
0
0
0
0
0
0
0
0
11
162
351
544
712
840
915
943
920
831
690
507
308
123
3
0
0
0
0
0
0
0
0
0
10
166
360
559
731
855
931
951
914
816
669
491
295
115
2
0
0
0
0
0
0
0
0
0
9
158
343
537
712
844
927
940
910
833
687
508
311
122
3
0
0
0
0
0
0
0
0
0
10
163
355
554
726
854
934
953
905
812
666
480
282
106
1
0
0
0
0
0
0
0
0
0
9
159
346
546
719
846
918
931
899
814
662
488
288
112
2
0
0
0
0
0
0
0
0
0
8
153
328
518
688
824
914
935
895
802
657
481
288
110
2
0
0
0
0
0
0
0
0
0
8
160
356
550
726
847
928
946
904
805
657
476
279
104
1
0
0
0
0
0
0
0
0
0
8
159
355
554
721
856
928
941
902
811
665
484
288
109
1
0
0
0
0
0
0
0
0
0
8
162
360
562
742
881
963
977
939
846
695
516
310
120
2
0
0
0
0
0
0
0
0
0
7
157
356
557
729
863
943
968
928
833
687
500
298
113
1
0
0
0
0
0
0
0
0
0
7
157
355
556
732
867
943
962
923
826
674
487
286
104
1
0
0
0
0
0
0
0
0
0
7
152
347
551
722
860
944
959
928
833
690
501
296
108
1
0
0
0
0
0
0
0
0
0
6
144
330
528
698
833
916
940
908
824
685
495
290
108
2
0
0
0
0
0
0
0
0
0
5
142
330
525
699
835
924
951
913
813
668
487
284
101
1
0
0
0
0
0
0
0
0
0
5
142
330
531
700
846
923
956
916
818
667
492
292
106
1
0
0
0
0
0
0
0
0
0
5
138
325
521
695
826
907
928
886
785
643
463
270
98
1
0
0
0
0
0
0
0
0
0
5
141
333
535
716
844
918
942
896
801
658
477
272
96
0
0
0
0
0
0
0
0
0
0
5
140
331
531
707
841
916
939
901
804
653
471
270
94
0
0
0
0
0
0
0
0
0
0
3
124
300
491
648
772
864
912
867
792
661
461
263
89
0
0
0
0
0
0
0
0
0
0
4
136
326
525
701
824
902
939
897
802
653
466
269
91
0
0
0
0
0
0
0
0
0
0
4
132
314
508
680
806
898
927
894
798
656
477
272
94
1
0
0
0
0
0
0
0
0
0
3
120
300
498
679
805
892
907
862
785
642
463
271
92
1
0
0
0
0
0
0
0
0
0
3
120
296
477
635
758
839
862
824
736
596
426
243
80
0
0
0
0
0
0
0
0
0
0
2
128
280
471
600
765
785
795
697
637
538
379
248
93
0
0
0
0
0
0
0
0
0
0
1
119
258
466
600
723
761
840
824
703
575
399
220
76
0
0
0
0
0
0
0
0
0
0
4
137
340
523
653
795
752
676
645
544
487
339
211
47
0
0
0
0
0
0
0
0
0
0
2
116
296
487
664
801
870
873
810
735
606
418
222
63
0
0
0
0
0
0
0
0
0
0
2
113
296
487
662
780
856
882
836
738
599
425
239
75
0
0
0
0
0
0
0
0
0
0
2
121
313
514
697
826
915
927
888
793
643
457
253
75
0
0
0
0
0
0
0
0
0
0
2
114
295
490
664
791
875
886
864
775
615
420
222
63
0
0
0
0
0
0
0
0
0
0
1
102
253
474
664
784
785
827
796
692
488
350
174
46
0
0
0
0
0
0
0
0
0
0
1
111
291
492
672
798
863
887
848
751
606
422
228
65
0
0
0
0
0
0
0
0
0
0
1
113
301
498
678
832
900
906
855
760
603
414
222
62
0
0
0
0
0
0
0
0
0
0
1
114
307
516
697
836
915
930
884
792
636
442
237
64
0
0
0
0
0
0
0
0
0
0
1
116
314
519
697
835
913
924
882
781
633
440
233
28
0
0
0
0
0
0
0
0
0
0
1
98
278
454
620
735
811
856
843
745
585
402
211
29
0
0
0
0
0
0
0
0
0
0
1
110
304
515
694
826
909
912
864
765
616
423
223
24
0
0
0
0
0
0
0
0
0
0
1
105
293
490
673
808
895
907
871
778
627
434
224
25
0
0
0
0
0
0
0
0
0
0
1
104
292
497
684
829
910
932
893
794
640
437
229
27
0
0
0
0
0
0
0
0
0
0
1
100
283
487
661
792
878
908
875
775
623
421
217
25
0
0
0
0
0
0
0
0
0
0
0
99
284
488
677
809
885
911
858
757
598
412
214
21
0
0
0
0
0
0
0
0
0
0
0
90
267
451
628
738
818
819
822
723
569
379
195
18
0
0
0
0
0
0
0
0
0
0
0
93
278
489
663
788
874
895
856
752
596
402
199
17
0
0
0
0
0
0
0
0
0
0
0
93
275
474
650
793
883
910
875
767
605
415
210
20
0
0
0
0
0
0
0
0
0
0
0
89
264
445
620
740
848
882
815
715
572
392
201
19
0
0
0
0
0
0
0
0
0
0
0
88
269
469
646
780
858
879
836
725
567
378
183
12
0
0
0
0
0
0
0
0
0
0
0
81
253
394
518
642
765
790
749
677
558
395
188
19
0
0
0
0
0
0
0
0
0
0
0
92
284
492
678
810
891
902
858
752
596
394
188
11
0
0
0
0
0
0
0
0
0
0
0
85
264
462
642
766
818
840
811
703
548
368
170
8
0
0
0
0
0
0
0
0
0
0
0
87
272
477
659
792
870
884
836
730
573
379
182
11
0
0
0
0
0
0
0
0
0
0
0
78
253
452
628
748
831
850
790
690
541
354
157
5
0
0
0
0
0
0
0
0
0
0
0
77
251
433
595
719
798
818
766
676
516
335
158
7
0
0
0
0
0
0
0
0
0
0
0
61
189
365
515
699
836
760
726
642
500
322
152
7
0
0
0
0
0
0
0
0
0
0
0
67
239
410
563
638
758
783
736
598
513
348
155
5
0
0
0
0
0
0
0
0
0
0
0
76
255
460
637
760
818
837
783
682
530
340
148
4
0
0
0
0
0
0
0
0
0
0
0
36
106
200
329
432
518
601
562
526
465
337
164
9
0
0
0
0
0
0
0
0
0
0
0
71
243
444
609
744
803
827
778
678
516
326
139
4
0
0
0
0
0
0
0
0
0
0
0
70
245
439
613
750
813
812
768
674
523
328
136
2
0
0
0
0
0
0
0
0
0
0
0
81
180
229
387
375
509
627
898
368
196
28
12
1
0
0
0
0
0
0
0
0
0
0
0
72
250
453
625
759
541
550
557
437
339
211
83
1
0
0
0
0
0
0
0
0
0
0
0
67
241
435
601
730
788
798
741
638
486
302
119
1
0
0
0
0
0
0
0
0
0
0
0
69
254
462
643
777
850
855
799
680
516
320
126
1
0
0
0
0
0
0
0
0
0
0
0
32
235
431
594
728
798
809
769
651
505
312
124
2
0
0
0
0
0
0
0
0
0
0
0
21
162
316
454
529
585
581
534
431
335
209
77
1
0
0
0
0
0
0
0
0
0
0
0
21
170
329
482
576
633
591
574
462
340
212
77
1
0
0
0
0
0
0
0
0
0
0
0
30
241
442
619
753
829
838
785
669
508
311
115
1
0
0
0
0
0
0
0
0
0
0
0
24
204
401
565
674
728
715
689
545
398
270
104
1
0
0
0
0
0
0
0
0
0
0
0
27
232
426
598
725
796
806
754
643
482
289
103
0
0
0
0
0
0
0
0
0
0
0
0
28
249
463
649
788
861
874
811
694
521
315
112
0
0
0
0
0
0
0
0
0
0
0
0
26
241
451
633
770
846
854
794
676
507
301
102
0
0
0
0
0
0
0
0
0
0
0
0
18
197
353
497
648
721
728
687
615
439
250
71
0
0
0
0
0
0
0
0
0
0
0
0
21
192
360
512
628
719
766
686
576
418
247
92
0
0
0
0
0
0
0
0
0
0
0
0
18
198
375
538
682
705
707
636
536
385
237
81
0
0
0
0
0
0
0
0
0
0
0
0
22
231
441
630
765
848
856
796
673
497
289
91
0
0
0
0
0
0
0
0
0
0
0
0
21
225
428
605
728
801
800
744
624
451
259
76
0
0
0
0
0
0
0
0
0
0
0
0
19
213
412
586
719
789
804
744
626
458
263
77
0
0
0
0
0
0
0
0
0
0
0
0
17
193
376
535
672
743
735
671
577
420
226
66
0
0
0
0
0
0
0
0
0
0
0
0
20
150
307
414
603
762
756
654
452
300
213
26
0
0
0
0
0
0
0
0
0
0
0
0
17
215
421
600
733
808
818
760
646
475
265
37
0
0
0
0
0
0
0
0
0
0
0
0
10
140
310
508
648
615
666
653
455
318
175
15
0
0
0
0
0
0
0
0
0
0
0
0
12
145
295
440
530
582
550
454
385
270
111
5
0
0
0
0
0
0
0
0
0
0
0
0
13
176
363
536
647
702
703
647
533
399
194
19
0
0
0
0
0
0
0
0
0
0
0
0
14
205
411
588
717
788
793
728
602
425
225
21
0
0
0
0
0
0
0
0
0
0
0
0
14
179
341
437
606
667
660
647
488
372
199
16
0
0
0
0
0
0
0
0
0
0
0
0
13
198
401
579
709
778
788
725
602
426
224
19
0
0
0
0
0
0
0
0
0
0
0
0
11
160
322
490
634
642
623
582
479
278
146
4
0
0
0
0
0
0
0
0
0
0
0
0
6
122
283
378
487
584
609
619
576
445
231
33
0
0
0
0
0
0
0
0
0
0
0
0
11
181
352
513
632
680
671
647
506
309
147
5
0
0
0
0
0
0
0
0
0
0
0
0
7
197
376
357
361
390
508
600
551
334
179
5
0
0
0
0
0
0
0
0
0
0
0
0
9
165
342
523
620
678
697
650
526
356
181
14
0
0
0
0
0
0
0
0
0
0
0
0
2
102
289
410
538
564
591
520
439
293
146
13
0
0
0
0
0
0
0
0
0
0
0
0
8
168
354
519
637
716
703
647
530
361
172
9
0
0
0
0
0
0
0
0
0
0
0
0
7
154
326
486
611
688
697
650
537
376
184
12
0
0
0
0
0
0
0
0
0
0
0
0
6
163
351
525
650
722
724
664
542
370
179
9
0
0
0
0
0
0
0
0
0
0
0
0
2
90
197
290
349
450
419
403
323
237
120
3
0
0
0
0
0
0
0
0
0
0
0
0
7
161
347
503
607
661
674
615
493
329
162
7
0
0
0
0
0
0
0
0
0
0
0
0
5
159
368
469
602
560
584
490
352
261
123
2
0
0
0
0
0
0
0
0
0
0
0
0
5
154
339
503
616
677
679
634
501
330
148
3
0
0
0
0
0
0
0
0
0
0
0
0
4
137
312
469
591
653
643
587
475
307
132
3
0
0
0
0
0
0
0
0
0
0
0
0
4
145
325
489
603
679
681
613
492
321
142
3
0
0
0
0
0
0
0
0
0
0
0
0
1
28
68
180
352
465
583
374
385
259
164
4
0
0
0
0
0
0
0
0
0
0
0
0
1
17
50
91
119
124
90
571
436
277
108
1
0
0
0
0
0
0
0
0
0
0
0
0
3
143
334
505
629
698
699
626
502
330
141
3
0
0
0
0
0
0
0
0
0
0
0
0
3
134
315
485
607
676
673
608
497
323
139
3
0
0
0
0
0
0
0
0
0
0
0
0
2
140
333
506
634
701
706
643
515
338
143
3
0
0
0
0
0
0
0
0
0
0
0
0
2
129
307
466
588
647
656
595
471
313
131
2
0
0
0
0
0
0
0
0
0
0
0
0
2
127
311
468
596
659
654
589
472
308
128
2
0
0
0
0
0
0
0
0
0
0
0
0
1
92
234
335
442
478
485
468
367
224
86
1
0
0
0
0
0
0
0
0
0
0
0
0
1
106
267
414
519
570
569
507
400
250
99
1
0
0
0
0
0
0
0
0
0
0
0
0
1
90
232
340
429
524
541
484
450
300
126
5
0
0
0
0
0
0
0
0
0
0
0
0
1
118
296
466
588
646
649
584
466
294
116
1
0
0
0
0
0
0
0
0
0
0
0
0
1
76
198
313
404
475
477
419
320
201
73
0
0
0
0
0
0
0
0
0
0
0
0
0
2
102
252
418
528
568
581
466
374
254
106
1
0
0
0
0
0
0
0
0
0
0
0
0
0
90
221
397
525
562
543
449
394
275
96
1
0
0
0
0
0
0
0
0
0
0
0
0
0
97
246
383
510
571
551
504
396
250
106
1
0
0
0
0
0
0
0
0
0
0
0
0
0
99
266
426
550
609
624
561
450
287
106
1
0
0
0
0
0
0
0
0
0
0
0
0
0
70
240
294
335
315
367
459
481
218
109
3
0
0
0
0
0
0
0
0
0
0
0
0
2
91
291
405
476
342
451
378
146
72
33
0
0
0
0
0
0
0
0
0
0
0
0
0
0
82
226
367
479
538
540
484
374
233
82
0
0
0
0
0
0
0
0
0
0
0
0
0
0
98
278
449
578
638
637
572
445
275
96
0
0
0
0
0
0
0
0
0
0
0
0
0
0
87
252
412
510
536
542
436
343
187
68
0
0
0
0
0
0
0
0
0
0
0
0
0
1
97
260
436
504
573
570
398
128
45
13
0
0
0
0
0
0
0
0
0
0
0
0
0
0
7
202
220
214
576
380
191
126
298
91
0
0
0
0
0
0
0
0
0
0
0
0
0
0
78
235
386
488
560
568
529
421
266
91
0
0
0
0
0
0
0
0
0
0
0
0
0
0
84
260
432
560
624
625
556
429
264
87
0
0
0
0
0
0
0
0
0
0
0
0
0
0
71
267
446
482
424
389
409
310
170
74
0
0
0
0
0
0
0
0
0
0
0
0
0
0
80
259
432
557
622
625
558
437
265
87
0
0
0
0
0
0
0
0
0
0
0
0
0
0
66
231
383
471
532
490
458
358
236
74
0
0
0
0
0
0
0
0
0
0
0
0
0
0
48
174
363
480
515
417
387
275
100
50
0
0
0
0
0
0
0
0
0
0
0
0
0
0
63
212
375
486
536
535
458
358
214
71
0
0
0
0
0
0
0
0
0
0
0
0
0
0
31
214
377
489
563
572
506
394
240
75
0
0
0
0
0
0
0
0
0
0
0
0
0
0
28
211
359
486
541
554
488
364
218
66
0
0
0
0
0
0
0
0
0
0
0
0
0
0
28
207
359
465
461
493
475
352
207
59
0
0
0
0
0
0
0
0
0
0
0
0
0
0
29
220
383
505
569
573
515
396
237
72
0
0
0
0
0
0
0
0
0
0
0
0
0
0
28
224
387
514
586
591
532
413
250
78
0
0
0
0
0
0
0
0
0
0
0
0
0
0
27
230
401
530
601
609
545
419
251
76
0
0
0
0
0
0
0
0
0
0
0
0
0
0
22
201
361
481
555
554
504
387
230
72
0
0
0
0
0
0
0
0
0
0
0
0
0
0
14
157
293
392
418
449
426
296
154
6
0
0
0
0
0
0
0
0
0
0
0
0
0
0
21
207
367
491
558
565
501
391
228
33
0
0
0
0
0
0
0
0
0
0
0
0
0
0
20
203
371
497
567
563
509
387
228
30
0
0
0
0
0
0
0
0
0
0
0
0
0
0
20
197
358
470
531
519
472
376
224
33
0
0
0
0
0
0
0
0
0
0
0
0
0
0
17
189
348
461
534
532
481
383
236
39
0
0
0
0
0
0
0
0
0
0
0
0
0
0
15
184
342
470
531
537
486
371
221
32
0
0
0
0
0
0
0
0
0
0
0
0
0
0
15
171
322
440
489
480
451
321
168
9
0
0
0
0
0
0
0
0
0
0
0
0
0
0
14
175
338
460
522
508
442
344
201
29
0
0
0
0
0
0
0
0
0
0
0
0
0
0
13
170
312
418
484
501
461
385
226
36
0
0
0
0
0
0
0
0
0
0
0
0
0
0
13
180
323
451
482
494
452
326
187
29
0
0
0
0
0
0
0
0
0
0
0
0
0
0
12
173
325
450
519
519
480
367
219
34
0
0
0
0
0
0
0
0
0
0
0
0
0
0
12
185
353
486
556
563
503
385
228
31
0
0
0
0
0
0
0
0
0
0
0
0
0
0
11
177
331
452
525
513
468
344
203
26
0
0
0
0
0
0
0
0
0
0
0
0
0
0
7
140
287
336
442
475
479
310
171
7
0
0
0
0
0
0
0
0
0
0
0
0
0
0
13
94
120
253
560
468
340
321
219
17
0
0
0
0
0
0
0
0
0
0
0
0
0
0
9
161
315
433
499
523
483
374
220
34
0
0
0
0
0
0
0
0
0
0
0
0
0
0
9
158
313
420
491
511
467
369
223
35
0
0
0
0
0
0
0
0
0
0
0
0
0
0
8
101
208
301
475
524
448
341
187
18
0
0
0
0
0
0
0
0
0
0
0
0
0
0
8
156
305
433
509
522
477
358
211
64
0
0
0
0
0
0
0
0
0
0
0
0
0
0
6
121
269
406
469
459
404
333
205
57
0
0
0
0
0
0
0
0
0
0
0
0
0
0
3
93
186
285
271
279
262
331
203
72
0
0
0
0
0
0
0
0
0
0
0
0
0
0
6
151
308
435
511
525
480
371
223
68
0
0
0
0
0
0
0
0
0
0
0
0
0
0
3
76
69
248
310
346
480
420
202
64
0
0
0
0
0
0
0
0
0
0
0
0
0
0
6
125
256
395
465
407
411
305
201
48
0
0
0
0
0
0
0
0
0
0
0
0
0
0
7
168
345
451
397
392
255
172
109
9
0
0
0
0
0
0
0
0
0
0
0
0
0
0
3
141
271
375
447
488
457
368
219
70
0
0
0
0
0
0
0
0
0
0
0
0
0
0
5
127
256
371
446
470
424
356
236
82
0
0
0
0
0
0
0
0
0
0
0
0
0
0
2
53
97
147
393
595
342
130
130
71
0
0
0
0
0
0
0
0
0
0
0
0
0
0
2
90
220
304
308
392
411
320
200
86
0
0
0
0
0
0
0
0
0
0
0
0
0
0
4
144
291
419
500
505
460
363
221
74
0
0
0
0
0
0
0
0
0
0
0
0
0
0
5
134
283
410
485
501
458
356
222
71
0
0
0
0
0
0
0
0
0
0
0
0
0
0
4
131
270
396
495
510
469
383
236
81
0
0
0
0
0
0
0
0
0
0
0
0
0
0
5
127
271
402
482
507
480
387
236
81
0
0
0
0
0
0
0
0
0
0
0
0
0
0
5
155
266
299
329
393
278
318
101
26
1
0
0
0
0
0
0