0
0
0
0
0
0
0
1
47
121
188
262
267
272
228
170
76
3
0
0
0
0
0
0
0
0
0
0
0
0
0
1
114
241
358
455
486
481
386
289
134
3
0
0
0
0
0
0
0
0
0
0
0
0
0
2
137
310
455
540
579
550
471
330
159
5
0
0
0
0
0
0
0
0
0
0
0
0
0
2
131
293
443
540
571
553
474
341
167
7
0
0
0
0
0
0
0
0
0
0
0
0
0
2
129
287
431
529
566
540
462
325
159
6
0
0
0
0
0
0
0
0
0
0
0
0
0
2
143
327
482
585
624
594
504
356
175
7
0
0
0
0
0
0
0
0
0
0
0
0
0
2
142
322
473
568
606
581
492
354
176
8
0
0
0
0
0
0
0
0
0
0
0
0
0
2
123
273
400
508
523
505
434
316
172
8
0
0
0
0
0
0
0
0
0
0
0
0
0
2
126
294
433
526
560
540
462
329
174
10
0
0
0
0
0
0
0
0
0
0
0
0
0
3
151
345
508
617
660
633
538
387
197
9
0
0
0
0
0
0
0
0
0
0
0
0
0
2
134
322
442
496
528
514
438
315
168
8
0
0
0
0
0
0
0
0
0
0
0
0
0
2
142
328
483
589
629
610
520
375
194
11
0
0
0
0
0
0
0
0
0
0
0
0
0
2
120
281
449
518
542
540
450
309
153
6
0
0
0
0
0
0
0
0
0
0
0
0
0
3
152
347
512
621
667
641
551
398
207
12
0
0
0
0
0
0
0
0
0
0
0
0
0
2
134
302
456
554
593
568
500
367
194
15
0
0
0
0
0
0
0
0
0
0
0
0
0
2
137
312
455
543
586
567
487
352
193
14
0
0
0
0
0
0
0
0
0
0
0
0
0
3
151
340
500
605
648
624
537
391
207
13
0
0
0
0
0
0
0
0
0
0
0
0
0
2
134
290
438
530
566
499
455
356
190
18
0
0
0
0
0
0
0
0
0
0
0
0
0
3
141
318
471
573
614
595
511
371
200
16
0
0
0
0
0
0
0
0
0
0
0
0
0
3
129
289
396
522
568
566
481
347
183
12
0
0
0
0
0
0
0
0
0
0
0
0
0
3
144
319
473
567
605
600
512
367
204
21
0
0
0
0
0
0
0
0
0
0
0
0
0
3
158
353
519
631
677
655
564
416
229
20
0
0
0
0
0
0
0
0
0
0
0
0
0
3
164
358
520
631
679
659
577
432
243
24
0
0
0
0
0
0
0
0
0
0
0
0
0
4
176
385
557
673
721
698
603
448
251
23
0
0
0
0
0
0
0
0
0
0
0
0
0
3
138
304
441
551
598
588
533
405
235
30
0
0
0
0
0
0
0
0
0
0
0
0
0
4
158
348
512
621
664
644
558
414
232
24
0
0
0
0
0
0
0
0
0
0
0
0
0
5
158
356
420
418
375
461
471
384
168
16
0
0
0
0
0
0
0
0
0
0
0
0
0
4
83
290
484
539
446
400
393
271
182
5
0
0
0
0
0
0
0
0
0
0
0
0
0
4
154
341
499
609
661
654
570
424
241
29
0
0
0
0
0
0
0
0
0
0
0
0
0
3
141
300
457
563
576
509
471
371
233
37
0
0
0
0
0
0
0
0
0
0
0
0
0
4
135
316
481
571
563
558
522
390
239
39
0
0
0
0
0
0
0
0
0
0
0
0
0
5
156
309
473
593
653
587
505
376
202
25
0
0
0
0
0
0
0
0
0
0
0
0
0
5
148
336
492
528
562
520
401
297
168
7
0
0
0
0
0
0
0
0
0
0
0
0
0
4
97
208
230
348
365
403
335
324
191
7
0
0
0
0
0
0
0
0
0
0
0
0
0
2
96
209
321
375
393
443
402
320
185
52
0
0
0
0
0
0
0
0
0
0
0
0
0
6
176
367
523
624
665
661
590
451
263
78
0
0
0
0
0
0
0
0
0
0
0
0
0
7
176
369
536
652
707
692
609
468
281
89
0
0
0
0
0
0
0
0
0
0
0
0
0
5
203
363
359
302
381
514
578
461
256
100
0
0
0
0
0
0
0
0
0
0
0
0
0
8
163
347
484
609
667
659
552
414
250
78
0
0
0
0
0
0
0
0
0
0
0
0
0
6
196
362
494
594
637
590
516
368
218
72
0
0
0
0
0
0
0
0
0
0
0
0
0
10
197
400
570
683
729
710
623
475
285
93
0
0
0
0
0
0
0
0
0
0
0
0
0
10
204
413
589
707
759
741
648
499
301
101
0
0
0
0
0
0
0
0
0
0
0
0
0
11
204
411
581
702
753
740
654
509
314
110
0
0
0
0
0
0
0
0
0
0
0
0
0
3
162
246
103
281
527
739
649
323
101
9
0
0
0
0
0
0
0
0
0
0
0
0
0
12
196
378
547
668
715
690
617
486
302
111
0
0
0
0
0
0
0
0
0
0
0
0
0
14
220
430
606
724
775
757
674
527
331
120
0
0
0
0
0
0
0
0
0
0
0
0
0
10
172
323
495
619
691
645
539
390
255
97
0
0
0
0
0
0
0
0
0
0
0
0
0
15
208
406
556
668
706
692
622
488
308
113
0
0
0
0
0
0
0
0
0
0
0
0
0
17
229
435
604
718
764
744
660
515
325
121
0
0
0
0
0
0
0
0
0
0
0
0
0
18
233
438
607
724
774
756
667
520
326
124
0
0
0
0
0
0
0
0
0
0
0
0
0
4
104
297
312
437
445
463
343
267
173
78
1
0
0
0
0
0
0
0
0
0
0
0
0
4
37
126
225
354
297
396
484
300
79
115
1
0
0
0
0
0
0
0
0
0
0
0
0
4
119
200
280
389
356
350
307
265
158
61
1
0
0
0
0
0
0
0
0
0
0
0
0
22
237
434
603
720
768
753
662
516
329
127
1
0
0
0
0
0
0
0
0
0
0
0
0
25
254
469
648
768
812
785
698
543
347
136
1
0
0
0
0
0
0
0
0
0
0
0
0
26
254
464
632
746
796
775
691
543
349
138
1
0
0
0
0
0
0
0
0
0
0
0
0
13
137
235
320
387
431
422
356
293
183
68
1
0
0
0
0
0
0
0
0
0
0
0
0
10
157
384
579
470
479
382
369
478
321
163
9
0
0
0
0
0
0
0
0
0
0
0
0
20
179
311
421
515
547
570
509
386
236
86
1
0
0
0
0
0
0
0
0
0
0
0
0
33
266
472
637
751
788
759
672
526
335
136
1
0
0
0
0
0
0
0
0
0
0
0
0
36
280
491
671
790
842
818
725
570
366
150
2
0
0
0
0
0
0
0
0
0
0
0
0
39
279
491
656
768
818
794
709
562
368
155
2
0
0
0
0
0
0
0
0
0
0
0
0
85
298
519
698
819
869
849
755
599
392
167
3
0
0
0
0
0
0
0
0
0
0
0
0
81
276
474
639
752
799
782
690
544
357
154
3
0
0
0
0
0
0
0
0
0
0
0
0
80
264
433
566
680
725
676
582
477
287
134
3
0
0
0
0
0
0
0
0
0
0
0
0
70
228
388
525
605
648
637
577
442
290
122
1
0
0
0
0
0
0
0
0
0
0
0
0
91
291
487
642
748
794
765
703
565
381
173
5
0
0
0
0
0
0
0
0
0
0
0
0
97
299
499
662
763
805
784
701
559
372
165
4
0
0
0
0
0
0
0
0
0
0
0
0
105
317
527
692
803
844
821
730
586
393
177
4
0
0
0
0
0
0
0
0
0
0
0
0
116
344
566
746
864
912
883
782
621
412
183
4
0
0
0
0
0
0
0
0
0
0
0
0
120
351
570
741
840
907
872
790
612
406
180
2
0
0
0
0
0
0
0
0
0
0
0
0
115
323
522
679
782
825
804
720
577
387
178
4
0
0
0
0
0
0
0
0
0
0
0
0
112
319
522
693
796
842
829
739
596
404
191
8
0
0
0
0
0
0
0
0
0
0
0
1
120
334
545
717
830
871
848
761
608
409
191
7
0
0
0
0
0
0
0
0
0
0
0
1
131
356
577
753
866
913
888
793
636
426
199
7
0
0
0
0
0
0
0
0
0
0
0
1
130
345
554
714
814
853
829
735
589
396
184
5
0
0
0
0
0
0
0
0
0
0
0
1
140
367
586
757
870
914
887
789
626
420
195
6
0
0
0
0
0
0
0
0
0
0
0
1
134
344
546
708
815
858
828
746
604
409
196
9
0
0
0
0
0
0
0
0
0
0
0
2
139
350
551
711
824
865
834
740
592
403
192
8
0
0
0
0
0
0
0
0
0
0
0
1
79
190
298
328
420
446
402
328
259
163
71
3
0
0
0
0
0
0
0
0
0
0
0
1
71
180
302
387
431
431
407
388
305
209
106
5
0
0
0
0
0
0
0
0
0
0
0
2
116
316
451
589
659
735
778
643
525
380
201
15
0
0
0
0
0
0
0
0
0
0
0
3
153
364
565
722
823
861
836
747
604
410
199
10
0
0
0
0
0
0
0
0
0
0
0
4
165
385
591
757
858
894
865
774
622
424
210
11
0
0
0
0
0
0
0
0
0
0
0
4
162
374
568
728
833
875
848
759
614
425
208
12
0
0
0
0
0
0
0
0
0
0
0
5
173
395
605
773
879
917
887
795
640
439
217
13
0
0
0
0
0
0
0
0
0
0
0
2
154
354
533
684
781
806
764
720
502
323
160
9
0
0
0
0
0
0
0
0
0
0
0
6
163
375
576
719
819
835
809
709
587
390
187
11
0
0
0
0
0
0
0
0
0
0
0
10
206
430
640
777
758
702
629
471
352
300
174
11
0
0
0
0
0
0
0
0
0
0
0
10
111
121
59
256
397
441
525
455
460
422
259
44
0
0
0
0
0
0
0
0
0
0
0
8
196
422
630
797
900
942
909
817
661
459
234
17
0
0
0
0
0
0
0
0
0
0
0
9
196
414
609
767
863
905
880
789
639
443
225
16
0
0
0
0
0
0
0
0
0
0
0
11
224
464
683
854
961
996
961
860
695
483
247
16
0
0
0
0
0
0
0
0
0
0
0
12
220
449
653
820
923
962
934
841
686
485
255
21
0
0
0
0
0
0
0
0
0
0
0
12
223
453
661
824
931
970
941
845
690
489
256
23
0
0
0
0
0
0
0
0
0
0
0
13
220
448
657
823
929
972
941
841
683
477
248
21
0
0
0
0
0
0
0
0
0
0
0
14
218
439
642
800
897
940
905
810
658
463
242
21
0
0
0
0
0
0
0
0
0
0
0
16
227
451
654
815
919
953
919
824
671
469
246
22
0
0
0
0
0
0
0
0
0
0
0
19
249
488
703
869
973
1012
981
879
715
503
266
24
0
0
0
0
0
0
0
0
0
0
0
19
239
465
670
827
929
966
930
831
674
474
247
21
0
0
0
0
0
0
0
0
0
0
0
21
239
460
660
818
911
944
905
813
660
460
242
22
0
0
0
0
0
0
0
0
0
0
0
21
233
430
610
745
825
864
831
777
620
431
237
27
0
0
0
0
0
0
0
0
0
0
0
22
235
441
619
771
869
899
867
780
641
450
239
24
0
0
0
0
0
0
0
0
0
0
0
26
239
445
633
766
869
905
876
772
630
430
228
23
0
0
0
0
0
0
0
0
0
0
0
27
259
487
686
843
940
972
942
841
686
484
260
27
0
0
0
0
0
0
0
0
0
0
0
28
252
470
668
820
918
951
918
824
672
471
253
28
0
0
0
0
0
0
0
0
0
0
0
32
278
513
724
887
991
1024
988
883
720
509
275
31
0
0
0
0
0
0
0
0
0
0
0
32
261
477
667
815
910
945
913
817
669
475
259
31
0
0
0
0
0
0
0
0
0
0
0
34
269
497
696
854
950
981
946
849
694
493
268
33
0
0
0
0
0
0
0
0
0
0
0
39
213
363
556
685
742
918
714
470
237
345
206
52
0
0
0
0
0
0
0
0
0
0
0
28
109
202
294
357
368
357
360
291
234
175
95
6
0
0
0
0
0
0
0
0
0
0
0
77
272
495
691
841
939
968
934
835
677
483
265
35
0
0
0
0
0
0
0
0
0
0
0
79
277
493
685
835
925
962
928
832
679
482
269
37
0
0
0
0
0
0
0
0
0
0
0
69
237
428
591
739
833
855
815
734
609
450
264
73
0
0
0
0
0
0
0
0
0
0
0
85
277
483
669
814
904
941
911
815
672
487
275
79
0
0
0
0
0
0
0
0
0
0
0
80
264
459
641
792
883
917
868
753
611
425
225
64
0
0
0
0
0
0
0
0
0
0
0
101
307
563
791
764
882
443
321
320
554
368
241
77
0
0
0
0
0
0
0
0
0
0
0
92
240
458
623
712
743
698
655
693
557
371
161
47
0
0
0
0
0
0
0
0
0
0
2
107
336
411
653
981
560
156
79
71
58
182
303
94
0
0
0
0
0
0
0
0
0
0
0
30
62
174
344
322
351
494
628
637
500
314
206
100
0
0
0
0
0
0
0
0
0
0
0
117
354
603
761
928
356
453
428
407
311
193
119
31
0
0
0
0
0
0
0
0
0
0
0
87
262
442
601
731
811
826
789
743
614
446
256
80
0
0
0
0
0
0
0
0
0
0
0
110
315
533
727
875
958
989
957
858
706
513
295
92
0
0
0
0
0
0
0
0
0
0
1
97
287
492
669
791
883
920
895
795
656
486
276
91
0
0
0
0
0
0
0
0
0
0
1
105
295
486
667
751
806
867
814
727
587
452
258
71
0
0
0
0
0
0
0
0
0
0
1
123
344
575
779
934
1029
1056
1020
917
754
547
315
101
0
0
0
0
0
0
0
0
0
0
1
116
323
543
735
881
968
1005
971
876
724
524
304
99
0
0
0
0
0
0
0
0
0
0
1
117
324
545
739
889
984
1013
974
876
725
528
306
101
0
0
0
0
0
0
0
0
0
0
1
112
304
507
685
833
925
942
903
818
677
500
290
97
0
0
0
0
0
0
0
0
0
0
1
99
287
424
556
661
742
728
801
686
569
404
232
81
1
0
0
0
0
0
0
0
0
0
1
11
110
258
319
465
611
643
678
555
512
361
225
79
0
0
0
0
0
0
0
0
0
0
1
123
324
531
715
853
941
966
928
838
693
506
296
101
0
0
0
0
0
0
0
0
0
0
1
124
325
534
715
853
940
967
933
837
691
505
296
102
0
0
0
0
0
0
0
0
0
0
2
149
378
641
860
1020
621
591
499
447
382
299
181
66
1
0
0
0
0
0
0
0
0
0
9
149
226
416
444
237
568
594
578
164
393
451
202
92
0
0
0
0
0
0
0
0
0
0
1
91
237
375
532
622
655
700
628
583
473
333
185
66
0
0
0
0
0
0
0
0
0
0
2
137
350
575
772
922
1011
1037
1002
908
750
548
323
116
1
0
0
0
0
0
0
0
0
0
2
144
363
587
780
928
1018
1043
1004
906
749
548
325
116
1
0
0
0
0
0
0
0
0
0
3
142
355
574
765
910
998
1030
998
898
748
557
337
125
1
0
0
0
0
0
0
0
0
0
2
98
240
392
483
593
652
676
652
583
481
357
210
80
1
0
0
0
0
0
0
0
0
0
6
158
364
628
496
621
577
596
380
293
59
61
26
10
1
0
0
0
0
0
0
0
0
0
1
101
270
450
614
727
738
784
765
723
626
478
302
121
2
0
0
0
0
0
0
0
0
0
3
150
367
589
782
931
1025
1053
1015
915
759
561
339
128
1
0
0
0
0
0
0
0
0
0
4
151
365
581
769
912
1004
1031
1002
906
762
569
351
137
2
0
0
0
0
0
0
0
0
0
4
153
369
588
780
921
1008
1034
996
899
745
549
333
126
1
0
0
0
0
0
0
0
0
0
4
160
379
599
789
934
1023
1050
1014
918
766
572
349
136
1
0
0
0
0
0
0
0
0
0
4
162
386
608
799
948
1034
1057
1017
914
762
563
342
132
1
0
0
0
0
0
0
0
0
0
4
146
347
552
733
871
959
984
942
853
715
537
327
128
2
0
0
0
0
0
0
0
0
0
4
145
346
549
724
862
940
959
922
846
704
525
320
126
2
0
0
0
0
0
0
0
0
0
4
140
334
535
711
848
936
971
939
861
715
541
334
135
3
0
0
0
0
0
0
0
0
0
4
143
341
546
724
864
944
980
945
860
715
537
333
133
3
0
0
0
0
0
0
0
0
0
5
151
358
575
766
917
1003
1030
993
895
756
564
347
140
3
0
0
0
0
0
0
0
0
0
5
157
372
591
782
927
1019
1044
1007
912
758
563
346
137
2
0
0
0
0
0
0
0
0
0
5
148
350
559
742
873
958
984
944
866
731
548
342
142
4
0
0
0
0
0
0
0
0
0
5
156
367
581
771
915
1003
1031
998
900
754
564
348
142
3
0
0
0
0
0
0
0
0
0
5
156
366
581
770
908
998
1028
996
905
761
567
351
144
3
0
0
0
0
0
0
0
0
0
5
156
367
582
772
918
1005
1035
1010
920
772
582
361
149
4
0
0
0
0
0
0
0
0
0
5
156
367
585
778
922
1015
1048
1013
924
774
582
364
151
4
0
0
0
0
0
0
0
0
0
5
129
294
460
602
696
752
773
724
662
556
391
251
103
1
0
0
0
0
0
0
0
0
0
4
140
323
516
690
817
899
921
899
815
691
521
327
143
5
0
0
0
0
0
0
0
0
0
4
141
334
532
703
818
905
916
899
824
696
521
320
133
3
0
0
0
0
0
0
0
0
0
4
122
304
494
665
748
818
878
887
798
677
499
312
127
4
0
0
0
0
0
0
0
0
0
5
158
369
585
775
919
1010
1039
1010
918
770
580
363
154
4
0
0
0
0
0
0
0
0
0
4
132
319
484
650
730
800
788
837
727
628
445
251
101
3
0
0
0
0
0
0
0
0
0
5
152
354
555
729
868
954
990
966
886
749
568
365
160
7
0
0
0
0
0
0
0
0
0
5
150
350
557
738
870
951
972
932
843
709
536
336
143
4
0
0
0
0
0
0
0
0
0
5
157
366
582
772
921
1006
1040
1008
916
773
582
367
157
5
0
0
0
0
0
0
0
0
0
5
157
367
579
766
916
1009
1039
1011
923
780
590
376
164
6
0
0
0
0
0
0
0
0
0
5
135
323
516
702
839
918
952
909
831
688
508
320
138
4
0
0
0
0
0
0
0
0
0
5
146
344
549
730
871
954
990
961
868
733
550
345
147
5
0
0
0
0
0
0
0
0
0
6
143
307
487
626
747
832
888
833
745
537
451
285
133
4
0
0
0
0
0
0
0
0
0
4
149
350
561
748
887
968
987
949
856
712
528
330
141
3
0
0
0
0
0
0
0
0
0
5
135
318
507
684
834
906
928
880
812
695
527
339
145
6
0
0
0
0
0
0
0
0
0
4
149
343
548
767
969
571
621
622
565
443
338
216
81
3
0
0
0
0
0
0
0
0
0
5
140
339
628
838
1000
511
482
432
403
248
180
146
64
2
0
0
0
0
0
0
0
0
0
4
136
326
516
690
822
907
934
908
830
688
507
318
136
4
0
0
0
0
0
0
0
0
0
4
137
327
521
697
823
912
951
923
840
705
534
344
152
7
0
0
0
0
0
0
0
0
0
4
129
314
486
621
753
855
834
809
729
613
463
267
117
2
0
0
0
0
0
0
0
0
0
3
109
262
447
589
720
797
856
821
753
701
558
357
160
11
0
0
0
0
0
0
0
0
0
3
136
331
535
716
859
954
988
970
888
755
576
369
164
8
0
0
0
0
0
0
0
0
0
4
134
327
530
711
845
930
970
932
845
716
542
343
152
6
0
0
0
0
0
0
0
0
0
4
134
327
528
709
854
947
973
942
860
729
549
349
152
6
0
0
0
0
0
0
0
0
0
3
137
335
546
726
866
946
979
951
864
735
555
348
152
5
0
0
0
0
0
0
0
0
0
3
129
322
521
698
837
933
964
931
845
711
534
336
145
4
0
0
0
0
0
0
0
0
0
3
136
338
544
728
868
961
995
976
885
747
567
357
155
5
0
0
0
0
0
0
0
0
0
3
136
340
552
739
892
989
1027
1001
916
773
586
375
166
7
0
0
0
0
0
0
0
0
0
3
142
349
565
757
902
1001
1036
1012
930
790
606
392
175
7
0
0
0
0
0
0
0
0
0
3
138
341
552
738
883
973
1003
976
890
752
571
364
161
5
0
0
0
0
0
0
0
0
0
3
143
355
576
768
917
1013
1047
1021
929
788
599
386
171
6
0
0
0
0
0
0
0
0
0
2
122
312
512
683
831
911
936
918
835
704
535
337
145
4
0
0
0
0
0
0
0
0
0
2
123
311
512
673
791
891
926
914
828
698
530
338
142
4
0
0
0
0
0
0
0
0
0
2
110
283
476
641
783
863
898
886
803
683
508
323
138
3
0
0
0
0
0
0
0
0
0
2
120
310
506
675
817
913
953
929
849
712
542
343
150
5
0
0
0
0
0
0
0
0
0
2
137
358
566
777
912
567
580
569
535
437
334
210
88
2
0
0
0
0
0
0
0
0
0
2
118
313
524
713
863
961
1006
981
901
761
577
368
161
7
0
0
0
0
0
0
0
0
0
2
102
288
472
597
744
829
885
805
756
602
449
273
112
2
0
0
0
0
0
0
0
0
0
1
116
307
511
694
829
925
964
937
853
714
542
341
143
4
0
0
0
0
0
0
0
0
0
1
117
316
529
720
871
970
1010
986
898
755
570
361
153
5
0
0
0
0
0
0
0
0
0
1
116
314
523
710
853
948
983
960
875
739
558
353
151
5
0
0
0
0
0
0
0
0
0
1
114
312
524
718
872
971
1007
983
898
759
573
359
151
5
0
0
0
0
0
0
0
0
0
1
115
318
535
732
887
982
1020
997
909
765
577
361
152
4
0
0
0
0
0
0
0
0
0
1
103
285
476
648
781
881
903
891
805
682
507
316
130
3
0
0
0
0
0
0
0
0
0
1
116
320
538
734
885
984
1020
993
910
766
581
368
155
4
0
0
0
0
0
0
0
0
0
1
109
299
510
697
836
922
965
933
857
724
545
338
142
3
0
0
0
0
0
0
0
0
0
1
115
323
546
741
895
995
1030
1000
910
758
564
348
141
2
0
0
0
0
0
0
0
0
0
1
103
295
504
693
843
944
980
965
877
741
564
354
149
4
0
0
0
0
0
0
0
0
0
1
102
296
511
703
850
947
987
963
881
743
559
348
143
3
0
0
0
0
0
0
0
0
0
0
97
281
487
673
816
918
949
922
840
693
520
320
128
2
0
0
0
0
0
0
0
0
0
0
100
296
511
704
860
957
1002
979
896
755
566
351
142
3
0
0
0
0
0
0
0
0
0
0
99
296
513
708
861
967
1008
984
902
762
574
357
146
4
0
0
0
0
0
0
0
0
0
0
95
281
479
662
805
893
934
904
825
690
515
316
124
2
0
0
0
0
0
0
0
0
0
0
99
295
511
707
862
961
999
977
892
755
570
353
141
3
0
0
0
0
0
0
0
0
0
0
91
276
482
667
815
910
954
939
860
716
537
335
134
3
0
0
0
0
0
0
0
0
0
0
82
244
413
580
739
801
865
831
749
659
494
303
119
2
0
0
0
0
0
0
0
0
0
0
97
299
521
715
866
964
995
965
876
732
542
330
123
1
0
0
0
0
0
0
0
0
0
0
94
295
514
711
867
966
1003
977
889
740
549
331
125
1
0
0
0
0
0
0
0
0
0
0
92
292
514
713
867
971
1009
986
896
747
556
335
126
1
0
0
0
0
0
0
0
0
0
0
83
270
476
667
822
925
964
945
864
725
546
334
126
2
0
0
0
0
0
0
0
0
0
0
79
259
453
637
771
865
882
862
775
636
469
282
102
1
0
0
0
0
0
0
0
0
0
0
76
256
442
597
759
841
852
819
770
640
478
301
110
1
0
0
0
0
0
0
0
0
0
0
74
225
392
575
709
770
819
828
695
601
454
306
105
2
0
0
0
0
0
0
0
0
0
0
81
266
470
652
800
888
933
905
811
679
499
300
107
1
0
0
0
0
0
0
0
0
0
0
83
284
510
714
873
978
1014
987
893
745
549
325
114
1
0
0
0
0
0
0
0
0
0
0
80
277
503
706
863
967
1002
972
880
729
530
310
107
0
0
0
0
0
0
0
0
0
0
0
82
284
512
717
879
981
1020
994
910
757
556
327
113
1
0
0
0
0
0
0
0
0
0
0
74
260
470
663
812
906
941
915
829
688
503
292
98
0
0
0
0
0
0
0
0
0
0
0
79
215
422
463
712
1014
797
574
332
247
240
170
82
3
0
0
0
0
0
0
0
0
0
0
67
237
422
612
735
810
873
851
766
624
447
255
83
0
0
0
0
0
0
0
0
0
0
0
75
275
501
704
861
966
1005
974
879
728
528
305
98
0
0
0
0
0
0
0
0
0
0
0
67
246
452
628
777
865
897
847
785
650
474
273
90
0
0
0
0
0
0
0
0
0
0
0
34
260
476
672
826
923
965
942
849
700
503
286
89
0
0
0
0
0
0
0
0
0
0
0
34
259
469
660
808
900
930
905
813
666
481
273
82
0
0
0
0
0
0
0
0
0
0
0
31
233
417
594
756
824
866
835
713
578
427
242
70
0
0
0
0
0
0
0
0
0
0
0
17
191
356
551
639
729
814
850
741
572
381
233
63
0
0
0
0
0
0
0
0
0
0
0
31
259
483
686
848
953
987
959
865
711
511
286
82
0
0
0
0
0
0
0
0
0
0
0
28
243
440
616
754
862
898
866
779
644
454
244
68
0
0
0
0
0
0
0
0
0
0
0
16
169
309
478
560
751
791
837
729
665
495
301
61
0
0
0
0
0
0
0
0
0
0
0
30
270
507
722
884
983
1017
980
870
706
498
266
29
0
0
0
0
0
0
0
0
0
0
0
28
256
483
690
853
950
986
955
856
695
493
266
32
0
0
0
0
0
0
0
0
0
0
0
26
244
462
660
809
912
943
912
811
661
471
252
30
0
0
0
0
0
0
0
0
0
0
0
22
213
405
592
715
827
855
846
760
627
449
243
26
0
0
0
0
0
0
0
0
0
0
0
25
251
478
683
846
948
987
956
858
699
497
266
30
0
0
0
0
0
0
0
0
0
0
0
24
253
484
694
853
954
982
945
843
681
474
246
21
0
0
0
0
0
0
0
0
0
0
0
31
274
458
645
860
531
651
611
549
435
286
129
5
0
0
0
0
0
0
0
0
0
0
0
21
214
407
583
723
819
861
834
740
610
426
226
20
0
0
0
0
0
0
0
0
0
0
0
21
236
455
652
806
900
928
891
799
645
448
230
19
0
0
0
0
0
0
0
0
0
0
0
18
202
400
566
729
821
851
803
688
572
414
208
16
0
0
0
0
0
0
0
0
0
0
0
17
207
410
588
721
820
850
831
742
600
410
207
18
0
0
0
0
0
0
0
0
0
0
0
20
239
466
674
831
929
960
920
814
650
440
217
13
0
0
0
0
0
0
0
0
0
0
0
19
237
463
667
824
924
958
920
817
657
452
226
15
0
0
0
0
0
0
0
0
0
0
0
16
207
412
596
744
847
880
857
773
619
424
210
15
0
0
0
0
0
0
0
0
0
0
0
15
194
381
535
682
779
828
811
726
597
411
209
18
0
0
0
0
0
0
0
0
0
0
0
16
204
408
583
725
816
836
806
729
592
405
196
12
0
0
0
0
0
0
0
0
0
0
0
16
225
446
644
796
892
921
882
784
628
425
204
10
0
0
0
0
0
0
0
0
0
0
0
15
209
413
591
732
820
840
801
712
562
364
174
7
0
0
0
0
0
0
0
0
0
0
0
16
236
468
676
834
933
962
922
814
647
433
203
8
0
0
0
0
0
0
0
0
0
0
0
15
197
384
530
648
747
711
706
633
467
293
126
2
0
0
0
0
0
0
0
0
0
0
0
14
224
450
654
809
903
930
889
784
619
410
186
6
0
0
0
0
0
0
0
0
0
0
0
13
193
369
536
689
754
749
742
661
532
356
161
5
0
0
0
0
0
0
0
0
0
0
0
5
98
229
306
385
424
434
415
326
264
188
75
2
0
0
0
0
0
0
0
0
0
0
0
6
76
257
508
462
999
871
272
153
49
32
14
1
0
0
0
0
0
0
0
0
0
0
0
10
196
400
587
740
821
847
794
699
548
362
159
4
0
0
0
0
0
0
0
0
0
0
0
12
216
439
638
787
873
898
855
749
587
382
164
3
0
0
0
0
0
0
0
0
0
0
0
9
182
368
536
678
790
794
757
670
516
344
145
4
0
0
0
0
0
0
0
0
0
0
0
10
193
396
583
731
820
846
818
719
567
369
156
3
0
0
0
0
0
0
0
0
0
0
0
8
178
366
517
680
759
770
745
613
492
321
133
1
0
0
0
0
0
0
0
0
0
0
0
5
83
192
314
268
236
439
388
467
457
352
166
8
0
0
0
0
0
0
0
0
0
0
0
8
187
398
587
735
822
848
800
702
542
339
136
1
0
0
0
0
0
0
0
0
0
0
0
9
200
422
619
772
865
893
850
743
578
367
145
2
0
0
0
0
0
0
0
0
0
0
0
7
150
327
486
632
722
754
697
601
472
292
126
2
0
0
0
0
0
0
0
0
0
0
0
7
166
358
531
660
737
758
714
617
472
291
107
0
0
0
0
0
0
0
0
0
0
0
0
7
183
395
589
740
832
855
810
700
537
335
124
1
0
0
0
0
0
0
0
0
0
0
0
6
177
382
569
720
805
833
789
680
520
320
117
1
0
0
0
0
0
0
0
0
0
0
0
7
192
418
621
776
867
890
844
728
552
336
118
0
0
0
0
0
0
0
0
0
0
0
0
5
165
370
561
675
741
733
689
599
459
268
96
0
0
0
0
0
0
0
0
0
0
0
0
4
152
328
555
610
665
701
444
336
280
221
102
1
0
0
0
0
0
0
0
0
0
0
0
5
181
399
600
752
838
858
811
696
523
313
102
0
0
0
0
0
0
0
0
0
0
0
0
5
165
374
565
709
799
808
768
667
504
300
98
0
0
0
0
0
0
0
0
0
0
0
0
4
169
379
570
715
798
808
756
638
467
269
84
0
0
0
0
0
0
0
0
0
0
0
0
5
169
375
560
703
790
799
749
641
483
284
89
0
0
0
0
0
0
0
0
0
0
0
0
4
176
394
590
736
819
836
787
675
505
297
91
0
0
0
0
0
0
0
0
0
0
0
0
4
172
391
589
741
829
847
798
677
505
294
86
0
0
0
0
0
0
0
0
0
0
0
0
3
150
341
500
623
740
728
680
564
410
247
76
0
0
0
0
0
0
0
0
0
0
0
0
1
115
257
385
476
571
593
561
506
361
199
23
0
0
0
0
0
0
0
0
0
0
0
0
2
133
314
488
606
682
734
692
601
445
260
40
0
0
0
0
0
0
0
0
0
0
0
0
2
123
306
404
527
649
694
651
591
449
255
38
0
0
0
0
0
0
0
0
0
0
0
0
3
153
362
553
696
778
793
743
630
463
258
30
0
0
0
0
0
0
0
0
0
0
0
0
3
141
335
528
664
737
739
692
577
419
230
25
0
0
0
0
0
0
0
0
0
0
0
0
2
143
345
532
674
753
763
716
600
438
238
25
0
0
0
0
0
0
0
0
0
0
0
0
1
61
165
263
297
365
373
366
285
194
86
5
0
0
0
0
0
0
0
0
0
0
0
0
1
60
137
232
292
261
174
171
147
157
138
20
0
0
0
0
0
0
0
0
0
0
0
0
1
122
300
471
568
620
644
603
510
337
185
14
0
0
0
0
0
0
0
0
0
0
0
0
1
134
338
525
668
747
758
709
594
429
227
18
0
0
0
0
0
0
0
0
0
0
0
0
2
130
311
490
547
644
646
604
459
294
148
7
0
0
0
0
0
0
0
0
0
0
0
0
1
137
349
545
695
776
791
743
620
444
233
17
0
0
0
0
0
0
0
0
0
0
0
0
1
132
341
536
685
767
784
730
610
437
228
17
0
0
0
0
0
0
0
0
0
0
0
0
1
118
310
481
618
696
701
653
553
404
216
17
0
0
0
0
0
0
0
0
0
0
0
0
1
121
316
503
641
721
741
686
576
412
215
15
0
0
0
0
0
0
0
0
0
0
0
0
0
104
279
460
597
661
676
604
500
355
177
8
0
0
0
0
0
0
0
0
0
0
0
0
1
123
332
526
672
754
772
718
598
423
214
12
0
0
0
0
0
0
0
0
0
0
0
0
0
91
247
387
497
561
582
546
450
320
162
9
0
0
0
0
0
0
0
0
0
0
0
0
0
45
146
181
323
331
514
445
408
368
220
27
0
0
0
0
0
0
0
0
0
0
0
0
0
104
287
460
600
673
669
644
517
368
178
8
0
0
0
0
0
0
0
0
0
0
0
0
0
93
274
398
519
561
561
587
428
273
153
8
0
0
0
0
0
0
0
0
0
0
0
0
0
95
282
449
582
650
662
603
496
337
160
6
0
0
0
0
0
0
0
0
0
0
0
0
0
106
308
501
649
734
751
697
578
402
196
8
0
0
0
0
0
0
0
0
0
0
0
0
0
104
303
494
635
715
728
675
558
387
187
7
0
0
0
0
0
0
0
0
0
0
0
0
0
82
233
370
484
554
593
585
453
343
161
8
0
0
0
0
0
0
0
0
0
0
0
0
0
94
283
466
599
678
694
643
532
369
175
6
0
0
0
0
0
0
0
0
0
0
0
0
0
93
285
469
612
700
715
667
550
385
185
7
0
0
0
0
0
0
0
0
0
0
0
0
0
93
289
479
623
705
719
663
543
373
174
5
0
0
0
0
0
0
0
0
0
0
0
0
0
85
271
456
602
686
701
647
530
362
167
5
0
0
0
0
0
0
0
0
0
0
0
0
0
85
273
459
602
682
694
640
525
356
163
4
0
0
0
0
0
0
0
0
0
0
0
0
0
72
229
395
501
586
552
538
457
308
148
4
0
0
0
0
0
0
0
0
0
0
0
0
0
73
244
413
542
604
621
584
481
325
151
3
0
0
0
0
0
0
0
0
0
0
0
0
0
75
255
438
579
660
669
622
511
348
156
4
0
0
0
0
0
0
0
0
0
0
0
0
0
30
215
368
511
584
608
586
483
327
156
5
0
0
0
0
0
0
0
0
0
0
0
0
0
31
226
389
536
594
591
534
441
290
125
1
0
0
0
0
0
0
0
0
0
0
0
0
0
17
162
327
482
624
377
385
320
252
182
8
0
0
0
0
0
0
0
0
0
0
0
0
0
34
270
463
612
699
716
662
540
363
161
3
0
0
0
0
0
0
0
0
0
0
0
0
0
29
233
409
539
619
630
594
486
328
144
3
0
0
0
0
0
0
0
0
0
0
0
0
0
24
210
362
494
560
583
547
476
326
146
4
0
0
0
0
0
0
0
0
0
0
0
0
0
21
191
347
462
484
509
470
377
240
107
1
0
0
0
0
0
0
0
0
0
0
0
0
0
9
199
449
486
463
319
127
39
26
11
1
0
0
0
0
0
0
0
0
0
0
0
0
0
16
174
308
415
479
499
464
371
250
102
1
0
0
0
0
0
0
0
0
0
0
0
0
0
21
211
385
521
600
614
570
462
301
129
2
0
0
0
0
0
0
0
0
0
0
0
0
0
20
214
392
534
615
628
576
464
308
130
2
0
0
0
0
0
0
0
0
0
0
0
0
0
4
38
76
102
118
120
116
100
52
26
1
0
0
0
0
0
0
0
0
0
0
0
0
0
19
213
385
520
601
623
583
482
326
142
2
0
0
0
0
0
0
0
0
0
0
0
0
0
17
193
346
473
548
582
555
439
297
129
2
0
0
0
0
0
0
0
0
0
0
0
0
0
18
222
405
547
632
654
606
496
332
144
2
0
0
0
0
0
0
0
0
0
0
0
0
0
16
213
398
544
630
646
597
488
326
139
2
0
0
0
0
0
0
0
0
0
0
0
0
0
16
213
400
546
634
655
606
493
329
139
2
0
0
0
0
0
0
0
0
0
0
0
0
0
13
188
349
484
564
576
534
433
285
117
1
0
0
0
0
0
0
0
0
0
0
0
0
0
11
184
344
473
553
574
527
423
278
117
1
0
0
0
0
0
0
0
0
0
0
0
0
0
12
182
348
490
577
604
555
454
304
127
2
0
0
0
0
0
0
0
0
0
0
0
0
0
11
182
350
489
574
595
549
448
304
129
2
0
0
0
0
0
0
0
0
0
0
0
0
0
10
181
353
485
567
589
548
445
293
119
1
0
0
0
0
0
0
0
0
0
0
0
0
0
10
180
352
480
551
566
527
428
290
120
1
0
0
0
0
0
0
0
0
0
0
0
0
0
10
185
360
499
583
605
565
460
307
131
1
0
0
0
0
0
0
0
0
0
0
0
0
0
9
194
379
525
614
636
590
480
320
135
1
0
0
0
0
0
0
0
0
0
0
0
0
0
8
172
335
461
546
570
536
439
303
129
2
0
0
0
0
0
0
0
0
0
0
0
0
0
5
104
208
371
443
400
396
412
343
154
6
0
0
0
0
0
0
0
0
0
0
0
0
0
8
181
364
513
607
635
593
485
325
138
2
0
0
0
0
0
0
0
0
0
0
0
0
0
2
98
216
308
366
427
358
315
178
85
1
0
0
0
0
0
0
0
0
0
0
0
0
0
4
96
200
281
363
376
356
265
193
71
1
0
0
0
0
0
0
0
0
0
0
0
0
0
6
159
323
457
544
554
507
424
278
116
1
0
0
0
0
0
0
0
0
0
0
0
0
0
3
99
209
254
300
314
310
250
148
61
1
0
0
0
0
0
0
0
0
0
0
0
0
0
5
142
295
418
495
512
489
400
262
112
1
0
0
0
0
0
0
0
0
0
0
0
0
0
5
152
326
472
564
587
543
450
295
125
2
0
0
0
0
0
0
0
0
0
0
0
0
0
5
151
323
446
537
548
510
409
269
116
1
0
0
0
0
0
0
0
0
0
0
0
0
0
4
138
291
431
511
499
511
412
281
126
3
0
0
0
0
0
0
0
0
0
0
0
0
0
5
154
323
458
544
575
536
449
298
128
2
0
0
0
0
0
0
0
0
0
0
0
0
0
5
163
352
504
598
626
590
486
329
144
2
0
0
0
0
0
0
0
0
0
0
0
0
0
4
143
313
444
533
556
519
417
286
126
2
0
0
0
0
0
0
0
0
0
0
0
0
0
3
143
311
442
530
563
541
443
301
136
3
0
0
0
0
0
0
0
0
0
0
0
0
0
3
142
309
451
535
557
529
443
305
138
3
0
0
0
0
0
0
0
0
0
0
0
0
0
3
139
307
449
540
576
539
455
313
142
3
0
0
0
0
0
0
0
0
0
0
0
0
0
3
146
325
461
551
576
542
446
306
138
3
0
0
0
0
0
0
0
0
0
0
0
0
0
3
153
337
488
590
621
588
492
340
155
3
0
0
0
0
0
0
0
0
0
0
0
0
0
3
152
338
494
593
628
591
494
339
155
3
0
0
0
0
0
0
0
0
0
0
0
0
0
3
140
311
445
534
565
540
452
310
142
3
0
0
0
0
0
0
0
0
0
0
0
0
0
3
113
253
408
512
538
524
426
280
129
4
0
0
0
0
0
0
0
0
0
0
0
0
0
2
134
289
409
548
541
506
379
235
129
3
0
0
0
0
0
0
0
0
0
0
0
0
0
3
144
326
479
577
611
581
485
336
158
4
0
0
0
0
0
0