0
0
0
0
0
3
155
379
597
783
888
919
879
766
592
380
157
2
0
0
0
0
0
0
0
0
0
0
0
3
163
402
632
812
926
970
934
817
626
400
167
3
0
0
0
0
0
0
0
0
0
0
0
1
175
449
688
910
1017
537
311
288
251
99
16
6
0
0
0
0
0
0
0
0
0
0
0
2
144
361
547
730
813
860
843
740
613
380
162
3
0
0
0
0
0
0
0
0
0
0
0
2
135
340
557
797
1007
665
518
400
236
193
90
1
0
0
0
0
0
0
0
0
0
0
0
3
100
251
445
525
502
580
583
521
370
333
199
10
0
0
0
0
0
0
0
0
0
0
0
2
118
301
470
607
701
748
709
618
478
318
127
2
0
0
0
0
0
0
0
0
0
0
0
3
128
297
465
598
727
745
841
768
647
448
196
10
0
0
0
0
0
0
0
0
0
0
0
2
120
306
462
634
734
786
751
655
507
316
130
2
0
0
0
0
0
0
0
0
0
0
0
1
85
247
374
444
546
647
574
522
428
281
122
4
0
0
0
0
0
0
0
0
0
0
0
1
129
383
576
783
975
698
564
418
276
225
120
7
0
0
0
0
0
0
0
0
0
0
0
2
122
423
632
652
626
517
396
137
157
110
69
2
0
0
0
0
0
0
0
0
0
0
0
1
54
145
239
327
380
369
355
305
223
144
62
2
0
0
0
0
0
0
0
0
0
0
0
1
79
209
305
431
492
543
516
506
400
215
106
2
0
0
0
0
0
0
0
0
0
0
0
1
125
322
563
712
821
856
853
728
575
364
160
3
0
0
0
0
0
0
0
0
0
0
0
1
105
245
391
500
630
661
767
669
566
318
95
2
0
0
0
0
0
0
0
0
0
0
0
1
46
120
193
255
299
308
290
259
197
134
63
2
0
0
0
0
0
0
0
0
0
0
0
1
61
146
224
288
337
363
361
326
275
178
72
2
0
0
0
0
0
0
0
0
0
0
0
1
73
189
315
442
487
500
532
494
377
248
116
4
0
0
0
0
0
0
0
0
0
0
0
1
80
195
312
425
360
464
564
594
651
443
220
29
0
0
0
0
0
0
0
0
0
0
0
1
134
360
589
775
897
960
928
832
664
450
210
10
0
0
0
0
0
0
0
0
0
0
0
2
110
224
430
665
882
924
767
590
370
224
219
29
0
0
0
0
0
0
0
0
0
0
0
5
166
280
412
659
612
694
588
378
200
192
47
3
0
0
0
0
0
0
0
0
0
0
0
1
114
317
599
864
1030
658
515
433
366
229
128
5
0
0
0
0
0
0
0
0
0
0
0
1
110
295
480
612
733
763
744
661
544
371
176
7
0
0
0
0
0
0
0
0
0
0
0
1
108
292
479
628
718
755
752
666
535
340
152
2
0
0
0
0
0
0
0
0
0
0
0
2
116
345
567
618
473
774
751
541
498
335
190
18
0
0
0
0
0
0
0
0
0
0
0
0
109
291
509
646
737
782
759
689
567
384
182
2
0
0
0
0
0
0
0
0
0
0
0
1
107
286
467
627
720
745
739
627
468
308
132
2
0
0
0
0
0
0
0
0
0
0
0
0
39
110
185
245
280
309
292
254
197
136
63
2
0
0
0
0
0
0
0
0
0
0
0
0
122
349
555
738
886
917
891
844
696
466
214
10
0
0
0
0
0
0
0
0
0
0
0
1
99
271
414
519
584
570
559
476
413
280
116
3
0
0
0
0
0
0
0
0
0
0
0
1
128
354
564
711
812
815
829
787
616
419
185
9
0
0
0
0
0
0
0
0
0
0
0
0
131
373
513
719
851
1020
962
801
619
425
203
11
0
0
0
0
0
0
0
0
0
0
0
0
101
296
480
612
767
759
705
641
467
311
146
3
0
0
0
0
0
0
0
0
0
0
0
0
110
314
532
699
809
868
852
752
602
404
193
9
0
0
0
0
0
0
0
0
0
0
0
1
123
336
560
741
879
932
912
824
667
453
211
12
0
0
0
0
0
0
0
0
0
0
0
1
122
351
553
742
882
927
917
791
623
425
192
7
0
0
0
0
0
0
0
0
0
0
0
0
64
167
311
430
477
508
471
433
327
223
96
3
0
0
0
0
0
0
0
0
0
0
0
0
31
118
276
276
213
325
424
387
526
320
225
37
0
0
0
0
0
0
0
0
0
0
0
0
68
180
313
391
431
461
424
369
301
197
85
3
0
0
0
0
0
0
0
0
0
0
0
0
116
335
560
753
886
945
919
819
645
433
204
9
0
0
0
0
0
0
0
0
0
0
0
1
129
361
598
801
928
991
977
895
726
491
237
15
0
0
0
0
0
0
0
0
0
0
0
1
128
361
582
768
910
954
933
854
697
468
227
13
0
0
0
0
0
0
0
0
0
0
0
1
82
208
305
379
504
506
497
483
351
257
89
3
0
0
0
0
0
0
0
0
0
0
0
0
87
259
430
556
639
680
700
559
479
337
136
3
0
0
0
0
0
0
0
0
0
0
0
0
89
254
424
577
668
649
659
606
509
333
160
8
0
0
0
0
0
0
0
0
0
0
0
0
78
230
419
538
667
674
649
587
454
316
146
9
0
0
0
0
0
0
0
0
0
0
0
1
132
362
600
786
919
973
958
848
671
469
228
13
0
0
0
0
0
0
0
0
0
0
0
2
157
437
589
776
809
765
601
522
358
235
83
3
0
0
0
0
0
0
0
0
0
0
0
0
24
78
128
159
206
205
181
185
132
92
40
3
0
0
0
0
0
0
0
0
0
0
0
0
40
112
192
259
307
327
308
273
218
151
70
3
0
0
0
0
0
0
0
0
0
0
0
0
34
59
216
366
446
430
342
145
189
249
108
11
0
0
0
0
0
0
0
0
0
0
0
0
65
197
342
425
494
524
551
453
330
249
103
3
0
0
0
0
0
0
0
0
0
0
0
0
138
416
688
862
1058
751
427
81
57
200
135
3
0
0
0
0
0
0
0
0
0
0
0
0
111
311
511
686
792
842
825
743
604
404
186
8
0
0
0
0
0
0
0
0
0
0
0
0
114
331
546
706
817
890
898
830
706
470
213
10
0
0
0
0
0
0
0
0
0
0
0
0
124
351
567
771
916
958
894
818
643
435
215
11
0
0
0
0
0
0
0
0
0
0
0
1
136
389
642
809
876
859
822
734
608
405
191
7
0
0
0
0
0
0
0
0
0
0
0
1
64
177
277
357
421
432
408
391
320
202
96
3
0
0
0
0
0
0
0
0
0
0
0
0
104
283
479
636
757
813
799
705
563
383
179
9
0
0
0
0
0
0
0
0
0
0
0
1
125
332
598
692
691
614
793
739
698
504
216
18
0
0
0
0
0
0
0
0
0
0
0
1
141
383
629
828
955
1017
987
885
719
499
241
14
0
0
0
0
0
0
0
0
0
0
0
1
141
381
615
812
954
993
966
867
678
462
214
9
0
0
0
0
0
0
0
0
0
0
0
1
133
362
597
794
896
951
920
842
686
466
223
14
0
0
0
0
0
0
0
0
0
0
0
1
77
195
364
465
524
531
483
542
404
263
108
3
0
0
0
0
0
0
0
0
0
0
0
1
105
266
436
577
685
655
654
601
491
312
133
3
0
0
0
0
0
0
0
0
0
0
0
1
126
320
522
691
802
851
833
776
612
429
206
15
0
0
0
0
0
0
0
0
0
0
0
1
43
249
337
375
392
541
355
621
412
218
254
40
0
0
0
0
0
0
0
0
0
0
0
1
86
228
362
445
472
508
488
427
352
215
108
3
0
0
0
0
0
0
0
0
0
0
0
1
65
156
246
332
373
397
410
385
321
240
79
3
0
0
0
0
0
0
0
0
0
0
0
2
165
424
677
878
1010
1063
1032
923
744
505
242
12
0
0
0
0
0
0
0
0
0
0
0
1
122
319
494
702
754
798
752
694
554
357
165
3
0
0
0
0
0
0
0
0
0
0
0
2
124
294
176
152
772
720
172
331
469
451
251
35
0
0
0
0
0
0
0
0
0
0
0
1
68
178
277
411
469
512
468
426
308
199
84
3
0
0
0
0
0
0
0
0
0
0
0
1
54
131
205
280
328
339
316
279
220
156
67
3
0
0
0
0
0
0
0
0
0
0
0
1
75
194
296
434
512
494
458
445
346
252
125
5
0
0
0
0
0
0
0
0
0
0
0
1
130
318
525
714
789
826
840
789
649
433
196
10
0
0
0
0
0
0
0
0
0
0
0
3
150
376
597
744
869
906
939
801
646
396
186
7
0
0
0
0
0
0
0
0
0
0
0
1
15
34
54
70
82
88
86
73
58
41
20
2
0
0
0
0
0
0
0
0
0
0
0
1
167
484
660
838
1014
454
420
365
398
346
146
4
0
0
0
0
0
0
0
0
0
0
0
2
126
299
477
546
593
674
622
548
421
316
143
3
0
0
0
0
0
0
0
0
0
0
0
2
153
368
602
758
908
935
910
769
625
410
177
2
0
0
0
0
0
0
0
0
0
0
0
3
168
419
653
833
948
1002
970
862
684
470
219
9
0
0
0
0
0
0
0
0
0
0
0
3
179
438
684
879
1002
1054
1021
914
729
489
226
9
0
0
0
0
0
0
0
0
0
0
0
1
117
305
485
628
711
769
704
620
486
329
151
8
0
0
0
0
0
0
0
0
0
0
0
1
84
210
310
462
498
523
493
433
356
260
106
2
0
0
0
0
0
0
0
0
0
0
0
3
106
240
372
499
569
566
510
433
349
211
100
2
0
0
0
0
0
0
0
0
0
0
0
2
158
368
605
802
925
931
804
642
507
336
147
3
0
0
0
0
0
0
0
0
0
0
0
1
61
150
223
295
325
342
323
292
232
153
65
2
0
0
0
0
0
0
0
0
0
0
0
1
15
37
654
992
985
281
83
74
464
449
242
29
0
0
0
0
0
0
0
0
0
0
0
1
165
337
498
829
718
822
776
707
531
380
143
12
0
0
0
0
0
0
0
0
0
0
0
4
172
451
611
754
813
836
800
707
572
374
179
2
0
0
0
0
0
0
0
0
0
0
0
4
209
479
716
915
1042
633
616
546
442
289
130
2
0
0
0
0
0
0
0
0
0
0
0
2
69
164
257
341
361
387
383
327
266
170
81
3
0
0
0
0
0
0
0
0
0
0
0
2
17
70
212
445
791
763
752
638
390
345
110
2
0
0
0
0
0
0
0
0
0
0
0
2
101
261
404
492
563
585
538
480
378
268
114
4
0
0
0
0
0
0
0
0
0
0
0
5
186
425
655
827
927
972
922
820
646
423
185
4
0
0
0
0
0
0
0
0
0
0
0
2
16
103
229
325
470
550
567
437
372
252
146
2
0
0
0
0
0
0
0
0
0
0
0
5
197
451
684
867
975
1015
976
864
683
451
199
6
0
0
0
0
0
0
0
0
0
0
0
4
140
288
415
563
611
639
603
549
411
277
120
2
0
0
0
0
0
0
0
0
0
0
0
6
216
475
704
885
1004
403
381
356
258
164
78
2
0
0
0
0
0
0
0
0
0
0
0
6
206
455
688
872
983
1025
993
883
698
465
209
6
0
0
0
0
0
0
0
0
0
0
0
2
86
217
319
423
470
489
427
382
324
183
73
2
0
0
0
0
0
0
0
0
0
0
0
2
117
247
425
512
602
652
617
550
424
288
125
4
0
0
0
0
0
0
0
0
0
0
0
2
131
297
477
523
624
642
601
561
414
267
106
2
0
0
0
0
0
0
0
0
0
0
0
5
168
400
544
704
790
892
862
741
597
362
162
2
0
0
0
0
0
0
0
0
0
0
0
2
125
293
430
558
637
641
626
528
426
308
137
3
0
0
0
0
0
0
0
0
0
0
0
2
95
238
165
309
247
633
1049
725
783
393
223
17
0
0
0
0
0
0
0
0
0
0
0
6
144
346
575
692
705
786
698
683
596
399
190
17
0
0
0
0
0
0
0
0
0
0
0
7
196
432
647
803
895
935
890
771
598
390
167
3
0
0
0
0
0
0
0
0
0
0
0
7
175
387
618
778
892
909
855
741
584
359
151
3
0
0
0
0
0
0
0
0
0
0
0
3
51
106
185
205
274
226
194
155
135
105
51
1
0
0
0
0
0
0
0
0
0
0
0
8
197
427
627
817
935
470
413
367
309
183
75
2
0
0
0
0
0
0
0
0
0
0
0
7
194
422
626
771
894
939
911
801
636
414
178
5
0
0
0
0
0
0
0
0
0
0
0
8
145
292
464
565
628
662
601
498
369
244
98
2
0
0
0
0
0
0
0
0
0
0
0
7
162
338
536
681
789
801
763
673
531
323
132
1
0
0
0
0
0
0
0
0
0
0
0
2
58
132
198
255
285
297
289
250
198
124
53
1
0
0
0
0
0
0
0
0
0
0
0
3
82
174
256
334
383
414
370
340
238
149
58
1
0
0
0
0
0
0
0
0
0
0
0
8
182
372
551
705
785
767
746
629
454
309
126
1
0
0
0
0
0
0
0
0
0
0
0
2
33
77
114
151
151
177
164
125
108
72
33
1
0
0
0
0
0
0
0
0
0
0
0
10
217
466
691
862
976
619
592
509
395
254
102
1
0
0
0
0
0
0
0
0
0
0
0
10
227
481
709
888
997
1025
988
864
676
441
189
4
0
0
0
0
0
0
0
0
0
0
0
9
222
472
700
873
978
1015
981
864
689
455
199
6
0
0
0
0
0
0
0
0
0
0
0
9
214
452
671
837
941
969
927
814
643
419
178
4
0
0
0
0
0
0
0
0
0
0
0
9
208
430
638
800
894
911
869
762
599
389
162
2
0
0
0
0
0
0
0
0
0
0
0
4
70
165
169
183
218
190
221
211
157
127
47
1
0
0
0
0
0
0
0
0
0
0
0
2
54
146
215
199
395
413
515
376
145
139
22
1
0
0
0
0
0
0
0
0
0
0
0
8
161
355
532
652
750
747
723
619
491
300
127
1
0
0
0
0
0
0
0
0
0
0
0
3
83
174
248
306
361
370
357
330
253
150
57
1
0
0
0
0
0
0
0
0
0
0
0
11
203
427
637
793
885
917
862
758
607
398
171
5
0
0
0
0
0
0
0
0
0
0
0
11
231
465
684
836
937
472
463
394
295
177
77
1
0
0
0
0
0
0
0
0
0
0
0
11
145
331
532
641
418
378
83
246
223
164
128
12
0
0
0
0
0
0
0
0
0
0
0
4
63
113
154
170
219
185
204
198
158
111
50
1
0
0
0
0
0
0
0
0
0
0
0
4
112
236
337
435
476
494
440
403
343
199
80
1
0
0
0
0
0
0
0
0
0
0
0
2
85
200
293
374
415
429
389
365
275
181
72
2
0
0
0
0
0
0
0
0
0
0
0
10
185
380
545
678
777
814
801
766
608
387
159
5
0
0
0
0
0
0
0
0
0
0
0
11
110
293
392
470
205
486
453
391
267
269
204
11
0
0
0
0
0
0
0
0
0
0
0
12
188
380
567
723
765
813
785
730
557
358
152
5
0
0
0
0
0
0
0
0
0
0
0
10
199
420
614
774
874
888
850
755
605
408
174
5
0
0
0
0
0
0
0
0
0
0
0
7
162
348
517
680
812
874
850
764
605
407
163
6
0
0
0
0
0
0
0
0
0
0
0
10
213
451
661
821
923
950
906
788
617
398
169
3
0
0
0
0
0
0
0
0
0
0
0
3
89
200
316
373
406
417
410
384
324
216
89
3
0
0
0
0
0
0
0
0
0
0
0
5
92
196
304
366
390
423
375
319
245
146
53
2
0
0
0
0
0
0
0
0
0
0
0
5
123
271
409
511
548
419
550
577
564
426
205
17
0
0
0
0
0
0
0
0
0
0
0
10
213
446
659
817
922
951
915
810
640
424
190
6
0
0
0
0
0
0
0
0
0
0
0
9
207
429
634
789
885
909
866
765
599
390
171
4
0
0
0
0
0
0
0
0
0
0
0
3
124
272
412
479
572
658
618
550
432
290
129
4
0
0
0
0
0
0
0
0
0
0
0
3
63
143
218
267
298
320
304
265
221
154
65
3
0
0
0
0
0
0
0
0
0
0
0
4
103
213
297
381
429
457
431
369
280
178
79
2
0
0
0
0
0
0
0
0
0
0
0
8
189
375
549
715
800
763
746
648
483
327
145
1
0
0
0
0
0
0
0
0
0
0
0
10
209
444
658
823
924
953
909
796
618
398
170
3
0
0
0
0
0
0
0
0
0
0
0
7
142
274
404
512
619
614
594
518
405
264
105
2
0
0
0
0
0
0
0
0
0
0
0
7
125
266
392
491
564
583
561
483
313
221
89
2
0
0
0
0
0
0
0
0
0
0
0
9
192
401
579
741
841
875
858
753
596
390
174
5
0
0
0
0
0
0
0
0
0
0
0
5
112
247
358
445
533
575
499
414
291
185
80
2
0
0
0
0
0
0
0
0
0
0
0
2
68
125
225
235
210
218
193
182
150
78
17
2
0
0
0
0
0
0
0
0
0
0
0
5
76
176
264
344
387
417
385
337
267
155
64
2
0
0
0
0
0
0
0
0
0
0
0
2
23
36
355
536
647
1061
762
480
206
109
195
22
0
0
0
0
0
0
0
0
0
0
0
7
182
374
578
692
805
833
825
730
570
366
162
5
0
0
0
0
0
0
0
0
0
0
0
6
168
373
553
696
787
785
760
690
541
369
170
6
0
0
0
0
0
0
0
0
0
0
0
4
87
173
285
325
370
380
378
339
255
167
76
2
0
0
0
0
0
0
0
0
0
0
0
3
124
270
432
542
538
577
497
375
283
176
63
2
0
0
0
0
0
0
0
0
0
0
0
2
16
94
52
65
423
547
554
887
654
340
68
8
0
0
0
0
0
0
0
0
0
0
0
9
146
392
753
896
802
396
390
480
287
190
85
2
0
0
0
0
0
0
0
0
0
0
0
8
200
434
644
805
903
929
888
784
614
402
178
4
0
0
0
0
0
0
0
0
0
0
0
8
184
404
589
728
787
822
775
706
553
369
162
4
0
0
0
0
0
0
0
0
0
0
0
7
200
435
653
823
927
962
927
821
652
435
198
7
0
0
0
0
0
0
0
0
0
0
0
6
162
374
570
713
781
813
791
681
503
328
150
5
0
0
0
0
0
0
0
0
0
0
0
5
87
220
327
421
434
428
424
376
301
166
78
2
0
0
0
0
0
0
0
0
0
0
0
4
132
249
378
534
613
682
628
577
456
280
129
2
0
0
0
0
0
0
0
0
0
0
0
5
95
212
295
362
407
440
379
305
259
185
76
2
0
0
0
0
0
0
0
0
0
0
0
3
99
219
342
445
486
475
414
393
328
201
77
2
0
0
0
0
0
0
0
0
0
0
0
7
165
361
565
705
780
840
748
596
448
298
139
2
0
0
0
0
0
0
0
0
0
0
0
9
146
428
475
630
803
420
527
511
247
444
217
20
0
0
0
0
0
0
0
0
0
0
0
6
186
415
632
798
907
944
919
819
656
439
204
9
0
0
0
0
0
0
0
0
0
0
0
7
176
385
571
710
799
834
797
714
558
386
182
7
0
0
0
0
0
0
0
0
0
0
0
16
208
397
342
517
599
545
132
189
52
35
16
2
0
0
0
0
0
0
0
0
0
0
0
2
72
151
242
315
343
335
330
294
233
158
71
2
0
0
0
0
0
0
0
0
0
0
0
2
45
99
144
176
203
193
188
154
108
67
40
2
0
0
0
0
0
0
0
0
0
0
0
2
77
188
292
364
377
364
363
324
249
172
87
5
0
0
0
0
0
0
0
0
0
0
0
19
158
238
520
290
351
78
310
782
527
457
224
28
0
0
0
0
0
0
0
0
0
0
0
5
187
424
641
810
907
549
533
469
375
240
103
2
0
0
0
0
0
0
0
0
0
0
0
2
70
148
245
325
403
389
402
362
284
190
84
3
0
0
0
0
0
0
0
0
0
0
0
4
117
275
420
522
573
612
582
460
391
246
100
2
0
0
0
0
0
0
0
0
0
0
0
5
187
425
645
815
921
959
924
820
650
435
201
7
0
0
0
0
0
0
0
0
0
0
0
5
191
429
651
818
930
971
943
839
675
459
218
10
0
0
0
0
0
0
0
0
0
0
0
2
115
251
394
510
576
603
610
572
453
306
132
3
0
0
0
0
0
0
0
0
0
0
0
2
33
97
95
74
491
432
351
545
495
405
168
11
0
0
0
0
0
0
0
0
0
0
0
2
81
203
292
400
464
472
468
393
294
209
103
5
0
0
0
0
0
0
0
0
0
0
0
5
160
346
519
659
748
766
714
640
488
324
149
3
0
0
0
0
0
0
0
0
0
0
0
2
32
70
101
130
146
166
156
139
99
74
30
2
0
0
0
0
0
0
0
0
0
0
0
2
24
51
79
106
107
106
120
100
79
56
26
3
0
0
0
0
0
0
0
0
0
0
0
2
40
85
125
178
198
222
210
154
158
99
48
3
0
0
0
0
0
0
0
0
0
0
0
1
76
160
242
351
421
433
433
371
276
187
88
4
0
0
0
0
0
0
0
0
0
0
0
2
73
169
271
345
364
408
427
390
271
182
81
2
0
0
0
0
0
0
0
0
0
0
0
1
54
122
170
222
254
282
267
243
195
133
66
3
0
0
0
0
0
0
0
0
0
0
0
4
169
393
602
773
886
927
905
808
650
444
209
11
0
0
0
0
0
0
0
0
0
0
0
4
177
411
629
800
911
956
922
819
652
437
202
7
0
0
0
0
0
0
0
0
0
0
0
9
64
181
516
650
605
603
607
691
409
295
184
15
0
0
0
0
0
0
0
0
0
0
0
3
158
368
552
710
799
834
818
682
547
369
161
2
0
0
0
0
0
0
0
0
0
0
0
4
170
398
607
791
905
487
471
425
351
238
100
3
0
0
0
0
0
0
0
0
0
0
0
1
43
78
81
69
197
281
334
440
406
183
94
5
0
0
0
0
0
0
0
0
0
0
0
4
175
411
616
797
917
495
464
391
316
207
100
3
0
0
0
0
0
0
0
0
0
0
0
6
193
431
663
801
920
535
537
482
370
253
121
3
0
0
0
0
0
0
0
0
0
0
0
1
106
236
385
520
602
658
620
564
453
316
150
8
0
0
0
0
0
0
0
0
0
0
0
2
89
218
352
442
504
493
424
385
301
157
78
3
0
0
0
0
0
0
0
0
0
0
0
2
88
217
325
404
456
474
450
435
292
195
88
2
0
0
0
0
0
0
0
0
0
0
0
1
94
223
338
463
477
537
523
417
351
182
85
3
0
0
0
0
0
0
0
0
0
0
0
4
144
315
486
556
687
803
755
582
456
335
144
3
0
0
0
0
0
0
0
0
0
0
0
1
42
102
151
173
203
235
203
140
116
85
34
2
0
0
0
0
0
0
0
0
0
0
0
5
173
402
663
834
947
560
501
428
317
229
98
3
0
0
0
0
0
0
0
0
0
0
0
4
184
431
655
854
972
583
536
485
383
264
115
3
0
0
0
0
0
0
0
0
0
0
0
4
112
220
366
481
520
502
543
575
566
420
239
26
0
0
0
0
0
0
0
0
0
0
0
4
150
339
378
442
315
502
462
581
502
339
245
28
0
0
0
0
0
0
0
0
0
0
0
2
76
197
317
356
416
378
379
317
232
170
82
2
0
0
0
0
0
0
0
0
0
0
0
4
168
392
600
755
857
897
893
779
612
408
183
6
0
0
0
0
0
0
0
0
0
0
0
4
176
417
641
816
925
978
952
851
685
467
221
11
0
0
0
0
0
0
0
0
0
0
0
4
154
369
569
712
819
861
805
688
537
354
163
3
0
0
0
0
0
0
0
0
0
0
0
4
117
266
382
506
603
639
608
495
446
279
123
2
0
0
0
0
0
0
0
0
0
0
0
6
180
434
730
916
980
540
486
402
280
213
91
2
0
0
0
0
0
0
0
0
0
0
0
3
168
387
599
744
853
881
873
788
635
432
198
7
0
0
0
0
0
0
0
0
0
0
0
1
140
323
510
599
728
884
760
708
566
347
182
5
0
0
0
0
0
0
0
0
0
0
0
4
97
239
354
442
452
503
478
376
295
204
94
2
0
0
0
0
0
0
0
0
0
0
0
1
83
224
363
459
438
454
462
461
209
37
31
2
0
0
0
0
0
0
0
0
0
0
0
1
56
137
205
278
328
345
341
298
233
155
68
2
0
0
0
0
0
0
0
0
0
0
0
5
127
393
729
823
675
511
246
221
100
132
17
2
0
0
0
0
0
0
0
0
0
0
0
3
100
234
347
468
505
562
483
395
340
208
94
2
0
0
0
0
0
0
0
0
0
0
0
4
152
362
566
703
809
839
795
732
587
382
168
2
0
0
0
0
0
0
0
0
0
0
0
4
175
407
614
773
884
907
874
776
613
424
201
8
0
0
0
0
0
0
0
0
0
0
0
2
85
222
319
386
435
519
487
414
325
203
90
2
0
0
0
0
0
0
0
0
0
0
0
2
114
249
380
525
567
640
627
516
370
235
112
2
0
0
0
0
0
0
0
0
0
0
0
2
106
233
411
571
614
614
573
530
447
301
141
4
0
0
0
0
0
0
0
0
0
0
0
5
174
398
603
788
897
932
917
803
642
424
190
8
0
0
0
0
0
0
0
0
0
0
0
2
88
201
301
361
412
422
376
359
276
185
78
2
0
0
0
0
0
0
0
0
0
0
0
2
64
165
251
301
350
380
344
297
248
166
73
3
0
0
0
0
0
0
0
0
0
0
0
5
188
424
649
833
946
992
956
853
677
448
202
7
0
0
0
0
0
0
0
0
0
0
0
2
85
185
295
363
387
416
384
354
299
204
84
3
0
0
0
0
0
0
0
0
0
0
0
2
78
177
259
359
364
405
403
369
277
170
75
2
0
0
0
0
0
0
0
0
0
0
0
4
119
296
465
660
671
705
664
609
437
329
130
2
0
0
0
0
0
0
0
0
0
0
0
5
185
425
646
819
905
953
906
797
613
396
166
3
0
0
0
0
0
0
0
0
0
0
0
2
66
120
179
241
242
257
232
196
145
94
44
2
0
0
0
0
0
0
0
0
0
0
0
8
231
401
783
355
491
686
83
73
368
182
122
2
0
0
0
0
0
0
0
0
0
0
0
3
111
262
337
456
486
533
506
400
309
223
96
2
0
0
0
0
0
0
0
0
0
0
0
3
78
170
273
360
404
406
384
334
255
157
67
2
0
0
0
0
0
0
0
0
0
0
0
2
88
220
331
432
484
440
412
373
278
193
79
2
0
0
0
0
0
0
0
0
0
0
0
4
130
254
406
541
605
619
575
544
395
253
84
2
0
0
0
0
0
0
0
0
0
0
0
14
243
534
602
934
869
507
354
118
163
38
16
2
0
0
0
0
0
0
0
0
0
0
0
7
203
447
668
835
937
975
937
820
651
427
183
4
0
0
0
0
0
0
0
0
0
0
0
3
49
144
297
282
323
303
270
232
90
69
53
2
0
0
0
0
0
0
0
0
0
0
0
9
142
280
446
518
605
635
501
302
218
116
16
1
0
0
0
0
0
0
0
0
0
0
0
3
103
242
390
499
478
521
488
487
408
251
106
3
0
0
0
0
0
0
0
0
0
0
0
8
222
479
709
880
988
1015
969
847
660
427
178
3
0
0
0
0
0
0
0
0
0
0
0
7
197
414
619
897
1133
539
405
416
390
332
135
5
0
0
0
0
0
0
0
0
0
0
0
11
233
492
734
905
1026
623
621
498
384
257
108
1
0
0
0
0
0
0
0
0
0
0
0
9
231
489
718
893
999
1031
985
859
673
434
181
3
0
0
0
0
0
0
0
0
0
0
0
8
212
457
668
830
914
946
923
806
632
415
172
3
0
0
0
0
0
0
0
0
0
0
0
3
103
261
365
447
517
533
497
421
338
198
80
1
0
0
0
0
0
0
0
0
0
0
0
10
208
438
651
809
901
926
897
771
607
397
161
3
0
0
0
0
0
0
0
0
0
0
0
3
89
192
304
362
402
427
415
367
262
162
67
1
0
0
0
0
0
0
0
0
0
0
0
3
125
255
407
509
678
540
755
586
468
320
113
2
0
0
0
0
0
0
0
0
0
0
0
7
160
325
447
583
663
691
640
563
411
274
108
1
0
0
0
0
0
0
0
0
0
0
0
4
130
292
406
469
565
579
574
460
351
204
75
1
0
0
0
0
0
0
0
0
0
0
0
12
257
527
768
952
1058
1082
1028
894
696
443
175
2
0
0
0
0
0
0
0
0
0
0
0
9
208
428
656
810
899
885
852
714
540
350
139
1
0
0
0
0
0
0
0
0
0
0
0
11
230
467
675
833
958
989
924
809
635
402
160
2
0
0
0
0
0
0
0
0
0
0
0
3
109
220
313
434
486
416
395
463
331
250
98
1
0
0
0
0
0
0
0
0
0
0
0
10
185
374
523
669
732
736
679
608
474
293
114
1
0
0
0
0
0
0
0
0
0
0
0
3
95
192
242
266
342
317
354
309
206
154
52
1
0
0
0
0
0
0
0
0
0
0
0
3
99
69
169
464
582
473
540
427
356
233
150
10
0
0
0
0
0
0
0
0
0
0
0
4
96
201
304
405
485
523
470
426
327
194
73
1
0
0
0
0
0
0
0
0
0
0
0
3
84
187
267
344
327
338
345
315
290
196
77
1
0
0
0
0
0
0
0
0
0
0
0
22
293
611
821
1004
1123
645
588
302
131
39
14
1
0
0
0
0
0
0
0
0
0
0
0
12
219
439
634
783
861
882
832
723
554
348
128
1
0
0
0
0
0
0
0
0
0
0
0
30
296
584
764
882
971
495
484
519
367
282
132
1
0
0
0
0
0
0
0
0
0
0
0
12
182
349
485
572
684
674
636
558
428
269
89
1
0
0
0
0
0
0
0
0
0
0
0
10
231
395
603
751
686
651
382
506
525
330
149
5
0
0
0
0
0
0
0
0
0
0
0
4
125
238
350
442
546
516
498
434
318
204
70
1
0
0
0
0
0
0
0
0
0
0
0
4
23
45
63
81
85
89
86
73
55
36
14
0
0
0
0
0
0
0
0
0
0
0
0
5
46
97
145
153
168
167
174
164
113
71
27
1
0
0
0
0
0
0
0
0
0
0
0
4
43
79
110
119
143
151
136
122
90
60
22
1
0
0
0
0
0
0
0
0
0
0
0
7
85
122
175
190
179
261
262
251
229
135
53
1
0
0
0
0
0
0
0
0
0
0
0
4
163
280
182
689
813
683
570
670
260
36
49
0
0
0
0
0
0
0
0
0
0
0
0
17
257
504
718
878
968
986
930
802
612
377
136
0
0
0
0
0
0
0
0
0
0
0
0
12
217
450
650
840
946
721
698
581
430
291
84
1
0
0
0
0
0
0
0
0
0
0
0
4
104
204
314
503
502
510
706
744
578
283
164
3
0
0
0
0
0
0
0
0
0
0
0
15
219
477
600
756
813
874
764
702
430
238
107
1
0
0
0
0
0
0
0
0
0
0
0
5
169
174
200
308
717
879
987
911
606
395
156
1
0
0
0
0
0
0
0
0
0
0
0
15
198
317
392
666
674
940
774
417
334
273
103
1
0
0
0
0
0
0
0
0
0
0
0
28
119
251
293
338
309
275
159
267
265
233
53
0
0
0
0
0
0
0
0
0
0
0
0
27
282
589
791
863
989
457
477
417
261
169
58
0
0
0
0
0
0
0
0
0
0
0
0
4
145
293
389
616
594
607
615
558
398
260
115
1
0
0
0
0
0
0
0
0
0
0
0
27
266
573
798
1030
1168
450
229
136
61
32
22
0
0
0
0
0
0
0
0
0
0
0
0
4
44
196
118
352
428
628
733
443
394
292
153
3
0
0
0
0
0
0
0
0
0
0
0
16
241
442
725
861
949
528
591
593
484
264
118
1
0
0
0
0
0
0
0
0
0
0
0
5
193
458
670
723
738
748
832
693
461
240
53
0
0
0
0
0
0
0
0
0
0
0
0
21
287
556
791
963
1061
1077
1012
869
658
399
136
0
0
0
0
0
0
0
0
0
0
0
0
21
279
541
770
938
1031
1053
992
853
649
393
135
0
0
0
0
0
0
0
0
0
0
0
0
4
31
249
345
507
527
408
307
201
157
103
11
0
0
0
0
0
0
0
0
0
0
0
0
34
191
617
661
719
280
281
446
74
56
34
11
0
0
0
0
0
0
0
0
0
0
0
0
17
228
452
652
778
822
861
789
739
573
344
116
1
0
0
0
0
0
0
0
0
0
0
0
17
249
389
591
781
917
848
762
626
452
207
96
0
0
0
0
0
0
0
0
0
0
0
0
18
254
503
723
887
970
992
931
798
606
361
121
0
0
0
0
0
0
0
0
0
0
0
0
20
263
519
744
902
992
1008
949
812
614
373
125
0
0
0
0
0
0
0
0
0
0
0
0
20
240
443
615
767
860
889
859
721
526
314
96
0
0
0
0
0
0
0
0
0
0
0
0
17
247
484
687
840
905
937
875
747
556
320
108
0
0
0
0
0
0
0
0
0
0
0
0
20
275
531
753
916
1013
1028
970
828
628
379
128
0
0
0
0
0
0
0
0
0
0
0
0
4
285
491
613
836
1015
1108
1040
891
672
402
135
1
0
0
0
0
0
0
0
0
0
0
0
4
42
97
141
162
184
197
191
142
106
68
23
0
0
0
0
0
0
0
0
0
0
0
0
4
93
193
237
230
268
304
336
352
303
183
69
1
0
0
0
0
0
0
0
0
0
0
0
9
60
154
392
529
504
222
241
230
180
31
11
0
0
0
0
0
0
0
0
0
0
0
0
4
100
219
325
444
501
488
514
413
291
181
57
0
0
0
0
0
0
0
0
0
0
0
0
4
61
219
389
402
410
485
548
588
465
323
137
1
0
0
0
0
0
0
0
0
0
0
0
4
301
196
636
607
330
89
500
935
403
317
141
3
0
0
0
0
0
0
0
0
0
0
0
21
143
258
473
649
767
644
771
595
517
300
113
1
0
0
0
0
0
0
0
0
0
0
0
4
202
299
402
375
491
400
409
607
517
311
140
2
0
0
0
0
0
0
0
0
0
0
0
14
223
456
638
736
824
845
791
713
559
351
120
1
0
0
0
0
0
0
0
0
0
0
0
4
28
54
80
108
109
108
100
89
68
42
14
0
0
0
0
0
0
0
0
0
0
0
0
28
37
77
190
383
603
926
450
516
222
241
109
0
0
0
0
0
0
0
0
0
0
0
0
4
87
192
273
422
525
617
681
669
526
321
137
2
0
0
0
0
0
0
0
0
0
0
0
4
94
194
292
394
417
450
413
334
270
179
61
0
0
0
0
0
0
0
0
0
0
0
0
4
125
174
357
269
352
510
442
516
549
350
137
2
0
0
0
0
0
0
0
0
0
0
0
14
218
436
633
775
878
929
833
725
531
328
116
0
0
0
0
0
0
0
0
0
0
0
0
14
236
484
706
874
976
999
939
805
602
355
119
0
0
0
0
0
0
0
0
0
0
0
0
16
231
531
732
856
929
551
482
386
264
150
37
0
0
0
0
0
0
0
0
0
0
0
0
18
200
347
428
346
411
151
533
414
63
29
10
0
0
0
0
0
0
0
0
0
0
0
0
11
212
401
614
721
777
739
732
639
484
276
96
0
0
0
0
0
0
0
0
0
0
0
0
13
220
444
641
794
878
915
858
735
566
352
126
1
0
0
0
0
0
0
0
0
0
0
0
12
215
433
628
771
857
872
819
704
535
326
114
0
0
0
0
0
0
0
0
0
0
0
0
9
142
277
309
356
250
357
415
684
490
330
148
5
0
0
0
0
0
0
0
0
0
0
0
3
34
75
99
121
130
142
154
149
100
59
21
0
0
0
0
0
0
0
0
0
0
0
0
3
32
66
102
123
138
137
125
113
85
55
19
0
0
0
0
0
0
0
0
0
0
0
0
10
199
401
611
767
863
891
853
746
570
348
128
1
0
0
0
0
0
0
0
0
0
0
0
11
220
460
665
819
919
942
887
757
579
353
126
1
0
0
0
0
0
0
0
0
0
0
0
3
140
258
460
592
691
417
300
470
416
215
88
2
0
0
0
0
0
0
0
0
0
0
0
3
66
144
211
266
300
320
305
250
197
131
46
1
0
0
0
0
0
0
0
0
0
0
0
3
63
104
163
219
259
269
258
337
233
137
45
0
0
0
0
0
0
0
0
0
0
0
0
9
200
432
650
812
907
930
879
752
566
341
120
0
0
0
0
0
0
0
0
0
0
0
0
7
173
331
435
526
672
756
849
811
631
332
104
1
0
0
0
0
0
0
0
0
0
0
0
9
188
392
587
722
844
902
879
736
571
352
128
1
0
0
0
0
0
0
0
0
0
0
0
2
84
160
241
353
340
438
480
383
247
193
61
1
0
0
0
0
0
0
0
0
0
0
0
8
188
406
604
755
841
870
820
708
539
330
120
1
0
0
0
0
0
0
0
0
0
0
0
8
201
445
666
841
946
974
923
796
609
371
138
1
0
0
0
0
0
0
0
0
0
0
0
2
74
163
241
303
340
355
344
285
208
128
52
1
0
0
0
0
0
0
0
0
0
0
0
7
190
423
647
809
918
945
907
780
590
359
133
1
0
0
0
0
0
0
0
0
0
0
0
4
58
69
80
166
364
540
991
703
265
144
11
1
0
0
0
0
0
0
0
0
0
0
0
7
152
331
490
599
674
687
668
567
429
266
98
1
0
0
0
0
0
0
0
0
0
0
0
2
76
183
283
346
377
380
360
308
225
154
59
1
0
0
0
0
0
0
0
0
0
0
0
2
56
128
199
262
288
298
288
252
197
123
48
1
0
0
0
0
0
0
0
0
0
0
0
3
35
115
185
202
217
260
239
226
168
131
37
1
0
0
0
0
0
0
0
0
0
0
0
6
164
457
624
355
511
268
358
458
163
30
11
1
0
0
0
0
0
0
0
0
0
0
0
12
182
402
681
730
899
721
647
582
329
96
40
1
0
0
0
0
0
0
0
0
0
0
0
5
174
394
605
776
877
924
879
768
586
364
144
2
0
0
0
0
0
0
0
0
0
0
0
5
181
417
634
804
915
949
907
792
611
385
149
2
0
0
0
0
0
0
0
0
0
0
0
9
195
455
704
777
799
452
443
365
313
239
89
3
0
0
0
0
0
0
0
0
0
0
0
3
127
302
474
611
678
727
663
566
429
272
102
1
0
0
0
0
0
0
0
0
0
0
0
2
103
309
298
186
484
460
715
689
655
364
100
5
0
0
0
0
0
0
0
0
0
0
0
1
68
152
243
334
386
403
395
330
258
177
71
1
0
0
0
0
0
0
0
0
0
0
0
4
157
370
570
730
834
863
824
709
543
339
135
1
0
0
0
0
0
0
0
0
0
0
0
1
70
167
243
312
360
355
364
325
257
165
63
1
0
0
0
0
0
0
0
0
0
0
0
4
116
254
377
459
479
502
447
452
369
237
88
1
0
0
0
0
0
0
0
0
0
0
0
1
131
317
515
663
747
765
692
612
480
273
111
1
0
0
0
0
0
0
0
0
0
0
0
3
149
370
582
731
837
890
878
741
592
386
154
3
0
0
0
0
0
0
0
0
0
0
0
3
160
385
590
768
870
919
891
785
612
390
167
4
0
0
0
0
0
0
0
0
0
0
0
3
157
396
624
811
926
958
914
806
628
406
168
4
0
0
0
0
0
0