0
0
0
0
0
0
0
0
91
259
422
546
609
609
547
428
266
97
0
0
0
0
0
0
0
0
0
0
0
0
0
0
101
289
468
601
671
673
607
478
299
108
0
0
0
0
0
0
0
0
0
0
0
0
0
0
76
220
363
474
524
507
453
353
223
81
0
0
0
0
0
0
0
0
0
0
0
0
0
0
99
285
459
593
663
667
601
476
298
114
1
0
0
0
0
0
0
0
0
0
0
0
0
0
87
250
429
532
595
595
528
405
242
89
0
0
0
0
0
0
0
0
0
0
0
0
0
0
97
280
462
591
656
655
598
470
299
112
0
0
0
0
0
0
0
0
0
0
0
0
0
0
95
282
463
598
673
670
613
491
319
126
1
0
0
0
0
0
0
0
0
0
0
0
0
0
93
257
417
548
603
622
584
452
299
117
1
0
0
0
0
0
0
0
0
0
0
0
0
0
97
287
474
613
680
682
612
492
318
125
1
0
0
0
0
0
0
0
0
0
0
0
0
0
81
244
417
540
627
609
583
456
291
113
1
0
0
0
0
0
0
0
0
0
0
0
0
0
91
252
424
543
639
633
564
439
290
116
1
0
0
0
0
0
0
0
0
0
0
0
0
0
92
271
452
581
653
626
554
425
285
111
1
0
0
0
0
0
0
0
0
0
0
0
0
0
71
220
338
443
520
504
440
346
220
90
1
0
0
0
0
0
0
0
0
0
0
0
0
0
97
282
467
605
681
672
622
508
331
140
2
0
0
0
0
0
0
0
0
0
0
0
0
0
92
275
450
578
655
658
588
472
317
132
2
0
0
0
0
0
0
0
0
0
0
0
0
0
97
286
475
613
689
699
641
517
343
146
3
0
0
0
0
0
0
0
0
0
0
0
0
0
100
295
485
627
705
711
645
515
338
140
2
0
0
0
0
0
0
0
0
0
0
0
0
0
95
275
439
579
677
669
617
504
335
143
3
0
0
0
0
0
0
0
0
0
0
0
0
0
91
267
456
577
639
656
603
485
330
144
3
0
0
0
0
0
0
0
0
0
0
0
0
0
87
253
416
535
627
644
599
511
348
159
6
0
0
0
0
0
0
0
0
0
0
0
0
0
93
274
462
599
658
668
606
477
311
137
2
0
0
0
0
0
0
0
0
0
0
0
0
0
91
267
446
592
676
676
628
520
347
157
5
0
0
0
0
0
0
0
0
0
0
0
0
0
100
281
448
590
676
693
620
505
338
150
3
0
0
0
0
0
0
0
0
0
0
0
0
0
109
315
505
661
751
766
707
573
396
184
6
0
0
0
0
0
0
0
0
0
0
0
0
0
84
245
421
529
641
647
616
509
329
134
3
0
0
0
0
0
0
0
0
0
0
0
0
0
96
279
468
604
690
701
650
516
343
156
5
0
0
0
0
0
0
0
0
0
0
0
0
0
28
84
207
270
496
479
502
270
29
43
2
0
0
0
0
0
0
0
0
0
0
0
0
0
98
282
456
589
655
659
623
508
342
158
5
0
0
0
0
0
0
0
0
0
0
0
0
0
101
286
469
598
672
688
642
513
338
155
4
0
0
0
0
0
0
0
0
0
0
0
0
0
106
301
487
615
670
670
634
523
353
161
4
0
0
0
0
0
0
0
0
0
0
0
0
0
105
288
468
604
689
702
649
509
338
157
6
0
0
0
0
0
0
0
0
0
0
0
0
0
96
292
482
638
716
716
640
537
370
169
6
0
0
0
0
0
0
0
0
0
0
0
0
0
100
283
456
598
670
695
650
528
369
179
9
0
0
0
0
0
0
0
0
0
0
0
0
1
106
295
482
630
713
738
671
554
383
179
10
0
0
0
0
0
0
0
0
0
0
0
0
1
102
278
445
586
695
711
670
548
362
165
11
0
0
0
0
0
0
0
0
0
0
0
0
1
97
267
433
605
704
686
580
499
343
176
10
0
0
0
0
0
0
0
0
0
0
0
0
1
113
309
506
636
695
693
638
532
389
188
13
0
0
0
0
0
0
0
0
0
0
0
0
0
94
254
416
545
603
604
567
487
340
172
11
0
0
0
0
0
0
0
0
0
0
0
0
1
112
293
469
608
663
655
642
546
364
172
9
0
0
0
0
0
0
0
0
0
0
0
0
1
106
273
444
586
668
695
666
542
384
191
14
0
0
0
0
0
0
0
0
0
0
0
0
1
118
320
487
623
708
668
625
522
346
149
3
0
0
0
0
0
0
0
0
0
0
0
0
1
114
294
435
607
662
678
620
546
397
210
15
0
0
0
0
0
0
0
0
0
0
0
0
1
123
319
500
649
734
739
688
546
378
181
10
0
0
0
0
0
0
0
0
0
0
0
0
1
130
336
533
682
769
785
727
603
429
219
17
0
0
0
0
0
0
0
0
0
0
0
0
1
97
251
388
502
565
572
518
447
301
168
11
0
0
0
0
0
0
0
0
0
0
0
0
1
102
258
416
554
631
650
463
426
290
147
4
0
0
0
0
0
0
0
0
0
0
0
0
2
138
336
541
686
761
787
735
614
441
236
20
0
0
0
0
0
0
0
0
0
0
0
0
2
145
355
547
699
770
766
709
579
407
209
12
0
0
0
0
0
0
0
0
0
0
0
0
2
137
341
531
664
775
769
696
561
408
212
14
0
0
0
0
0
0
0
0
0
0
0
0
3
139
335
527
691
776
791
738
618
438
229
23
0
0
0
0
0
0
0
0
0
0
0
0
3
159
379
581
734
822
830
773
653
471
252
25
0
0
0
0
0
0
0
0
0
0
0
0
1
129
318
547
700
700
742
683
533
376
165
10
0
0
0
0
0
0
0
0
0
0
0
0
3
148
358
553
698
784
808
749
645
457
246
28
0
0
0
0
0
0
0
0
0
0
0
0
4
151
353
550
667
770
775
715
592
417
219
19
0
0
0
0
0
0
0
0
0
0
0
0
3
154
347
548
673
741
754
729
591
430
228
23
0
0
0
0
0
0
0
0
0
0
0
0
3
136
320
507
649
699
716
654
595
449
232
25
0
0
0
0
0
0
0
0
0
0
0
0
4
157
362
551
688
759
791
740
646
452
255
29
0
0
0
0
0
0
0
0
0
0
0
0
3
153
363
543
693
757
800
719
579
424
219
22
0
0
0
0
0
0
0
0
0
0
0
0
5
165
374
564
700
777
800
735
608
436
239
24
0
0
0
0
0
0
0
0
0
0
0
0
4
157
354
514
663
746
793
758
617
458
257
40
0
0
0
0
0
0
0
0
0
0
0
0
7
175
371
561
717
781
782
700
629
450
241
27
0
0
0
0
0
0
0
0
0
0
0
0
2
76
171
275
337
362
364
344
292
216
116
15
0
0
0
0
0
0
0
0
0
0
0
0
8
194
417
630
775
854
869
797
669
485
265
31
0
0
0
0
0
0
0
0
0
0
0
0
8
193
414
617
769
857
874
824
701
512
286
41
0
0
0
0
0
0
0
0
0
0
0
0
9
163
356
519
697
723
800
715
601
468
240
30
0
0
0
0
0
0
0
0
0
0
0
0
10
199
417
616
767
859
877
803
678
499
278
39
0
0
0
0
0
0
0
0
0
0
0
0
11
201
423
621
779
852
848
791
655
476
270
36
0
0
0
0
0
0
0
0
0
0
0
0
12
207
428
624
750
823
842
772
664
487
273
74
0
0
0
0
0
0
0
0
0
0
0
0
12
213
438
631
782
868
882
829
695
506
288
83
0
0
0
0
0
0
0
0
0
0
0
0
14
225
450
650
803
886
884
821
696
507
287
81
0
0
0
0
0
0
0
0
0
0
0
0
14
216
432
619
771
862
867
812
691
510
291
85
0
0
0
0
0
0
0
0
0
0
0
0
15
215
425
617
769
850
867
812
682
502
286
84
0
0
0
0
0
0
0
0
0
0
0
0
18
222
431
624
741
810
793
730
622
470
265
78
0
0
0
0
0
0
0
0
0
0
0
0
12
204
399
599
715
784
803
766
650
464
274
81
0
0
0
0
0
0
0
0
0
0
0
0
4
122
225
345
542
606
735
689
519
400
199
55
0
0
0
0
0
0
0
0
0
0
0
0
17
202
410
545
724
824
799
746
601
453
244
74
0
0
0
0
0
0
0
0
0
0
0
0
21
244
467
663
797
878
892
831
706
513
292
89
0
0
0
0
0
0
0
0
0
0
0
0
23
246
455
646
775
863
843
787
676
513
298
94
0
0
0
0
0
0
0
0
0
0
0
0
20
181
343
514
565
277
552
726
402
371
337
108
0
0
0
0
0
0
0
0
0
0
0
0
35
295
332
202
472
768
470
526
487
510
280
75
1
0
0
0
0
0
0
0
0
0
0
0
22
225
408
565
679
755
774
757
614
468
321
108
0
0
0
0
0
0
0
0
0
0
0
0
29
242
455
643
778
846
850
792
682
489
292
94
0
0
0
0
0
0
0
0
0
0
0
0
33
277
513
717
861
939
950
881
747
556
328
105
0
0
0
0
0
0
0
0
0
0
0
0
31
259
473
665
801
865
888
833
707
517
306
103
0
0
0
0
0
0
0
0
0
0
0
0
32
240
454
644
731
829
860
805
694
525
320
99
0
0
0
0
0
0
0
0
0
0
0
0
72
264
479
666
796
860
885
776
642
476
289
93
0
0
0
0
0
0
0
0
0
0
0
0
75
266
476
669
810
892
906
852
725
547
325
112
0
0
0
0
0
0
0
0
0
0
0
0
79
279
492
682
799
870
858
815
668
482
283
92
0
0
0
0
0
0
0
0
0
0
0
0
81
279
498
697
831
903
906
844
711
542
326
112
0
0
0
0
0
0
0
0
0
0
0
0
87
294
519
716
856
916
926
864
737
544
322
107
0
0
0
0
0
0
0
0
0
0
0
0
96
314
550
753
893
969
979
917
781
586
351
120
0
0
0
0
0
0
0
0
0
0
0
0
95
307
530
727
870
943
950
880
744
560
336
117
0
0
0
0
0
0
0
0
0
0
0
0
81
262
469
631
787
803
813
789
693
501
290
103
1
0
0
0
0
0
0
0
0
0
0
0
91
279
472
636
750
813
813
760
647
488
292
103
0
0
0
0
0
0
0
0
0
0
0
0
90
273
462
625
734
790
792
746
632
471
281
98
0
0
0
0
0
0
0
0
0
0
0
0
106
321
543
738
883
961
962
901
768
585
353
124
1
0
0
0
0
0
0
0
0
0
0
0
114
339
571
766
912
987
987
918
779
581
348
124
1
0
0
0
0
0
0
0
0
0
0
0
114
337
567
763
901
965
961
888
747
556
336
120
1
0
0
0
0
0
0
0
0
0
0
0
101
293
492
659
773
832
844
781
656
489
295
105
0
0
0
0
0
0
0
0
0
0
0
1
113
318
532
711
838
904
901
834
707
528
316
112
0
0
0
0
0
0
0
0
0
0
0
1
120
333
558
754
878
941
930
866
723
542
325
115
0
0
0
0
0
0
0
0
0
0
0
1
126
346
570
757
896
949
950
883
749
570
348
129
1
0
0
0
0
0
0
0
0
0
0
1
141
378
616
813
953
1022
1019
942
799
599
364
132
1
0
0
0
0
0
0
0
0
0
0
1
124
330
544
718
843
913
939
874
737
548
338
125
1
0
0
0
0
0
0
0
0
0
0
1
68
226
382
480
564
565
596
560
473
327
195
55
1
0
0
0
0
0
0
0
0
0
0
1
96
263
430
580
687
742
749
700
581
438
275
101
1
0
0
0
0
0
0
0
0
0
0
2
110
279
437
582
681
726
736
683
593
442
260
96
1
0
0
0
0
0
0
0
0
0
0
2
133
332
541
707
829
867
863
792
713
522
325
120
1
0
0
0
0
0
0
0
0
0
0
2
133
339
549
719
826
920
933
843
709
531
320
121
1
0
0
0
0
0
0
0
0
0
0
2
149
370
594
779
906
980
985
910
774
576
354
133
1
0
0
0
0
0
0
0
0
0
0
3
151
374
602
792
916
980
964
886
750
562
339
129
1
0
0
0
0
0
0
0
0
0
0
3
153
378
599
785
914
973
972
901
767
575
351
133
1
0
0
0
0
0
0
0
0
0
0
3
153
372
593
771
887
955
947
870
734
546
333
125
1
0
0
0
0
0
0
0
0
0
0
4
155
371
584
761
889
941
928
854
726
545
332
126
1
0
0
0
0
0
0
0
0
0
0
4
167
393
617
802
931
994
990
909
774
583
358
139
1
0
0
0
0
0
0
0
0
0
0
5
159
377
584
761
875
930
929
855
722
553
344
133
2
0
0
0
0
0
0
0
0
0
0
4
156
370
588
764
887
953
956
891
758
564
350
138
2
0
0
0
0
0
0
0
0
0
0
5
162
381
598
783
909
961
964
903
773
584
365
148
3
0
0
0
0
0
0
0
0
0
0
4
154
309
421
470
709
786
900
871
669
532
341
132
3
0
0
0
0
0
0
0
0
0
0
6
181
412
641
828
960
1030
1036
964
820
622
392
157
3
0
0
0
0
0
0
0
0
0
0
6
177
398
615
796
912
978
967
895
763
579
362
146
3
0
0
0
0
0
0
0
0
0
0
6
168
378
591
768
889
949
946
873
733
556
344
141
3
0
0
0
0
0
0
0
0
0
0
7
177
393
609
783
909
975
977
911
777
593
379
157
4
0
0
0
0
0
0
0
0
0
0
6
155
330
509
669
820
871
852
821
726
604
377
165
6
0
0
0
0
0
0
0
0
0
0
8
191
420
639
823
960
1027
1025
955
819
626
396
166
4
0
0
0
0
0
0
0
0
0
0
9
191
417
634
812
943
1005
1004
933
803
614
395
169
5
0
0
0
0
0
0
0
0
0
0
8
174
380
577
756
871
922
929
870
751
571
372
157
5
0
0
0
0
0
0
0
0
0
0
10
173
332
503
657
744
838
857
787
656
505
329
150
8
0
0
0
0
0
0
0
0
0
0
8
181
387
571
721
837
901
897
848
728
549
352
153
5
0
0
0
0
0
0
0
0
0
0
10
186
395
601
767
887
952
949
882
746
558
350
144
2
0
0
0
0
0
0
0
0
0
0
10
185
397
602
760
867
931
938
878
755
567
359
153
5
0
0
0
0
0
0
0
0
0
0
12
206
432
647
823
944
1007
1000
923
785
599
381
162
4
0
0
0
0
0
0
0
0
0
0
12
188
398
570
691
797
802
870
776
679
535
347
152
5
0
0
0
0
0
0
0
0
0
0
12
197
405
599
765
877
953
944
880
753
583
372
163
6
0
0
0
0
0
0
0
0
0
0
12
194
400
603
764
870
931
935
882
742
571
371
167
6
0
0
0
0
0
0
0
0
0
0
13
203
428
643
824
950
1007
1004
922
787
604
392
171
7
0
0
0
0
0
0
0
0
0
0
13
195
409
605
778
894
947
937
863
738
575
368
160
5
0
0
0
0
0
0
0
0
0
0
14
209
434
642
821
950
1010
1007
938
805
622
403
181
8
0
0
0
0
0
0
0
0
0
0
15
217
444
661
838
967
1027
1019
948
816
637
416
189
8
0
0
0
0
0
0
0
0
0
0
16
228
461
681
864
985
1042
1034
963
823
637
413
186
6
0
0
0
0
0
0
0
0
0
0
15
205
416
623
787
904
944
940
872
749
577
371
163
6
0
0
0
0
0
0
0
0
0
0
15
182
353
552
696
804
826
787
770
697
550
381
182
9
0
0
0
0
0
0
0
0
0
0
16
177
363
571
722
842
902
877
787
635
485
297
121
2
0
0
0
0
0
0
0
0
0
0
19
207
387
616
755
816
830
844
797
663
540
352
150
5
0
0
0
0
0
0
0
0
0
0
16
192
401
551
669
800
892
891
817
681
526
347
173
10
0
0
0
0
0
0
0
0
0
0
4
165
326
496
630
630
593
643
590
616
535
325
139
15
0
0
0
0
0
0
0
0
0
0
18
220
439
653
821
938
1002
997
923
797
616
405
187
8
0
0
0
0
0
0
0
0
0
0
18
211
425
628
798
915
970
966
891
769
593
388
178
9
0
0
0
0
0
0
0
0
0
0
18
214
434
638
816
940
1001
989
925
797
618
407
188
10
0
0
0
0
0
0
0
0
0
0
17
203
411
618
784
896
955
954
892
771
594
390
185
12
0
0
0
0
0
0
0
0
0
0
15
187
381
571
733
849
932
911
838
736
569
359
171
10
0
0
0
0
0
0
0
0
0
0
17
173
335
502
675
833
906
877
791
692
552
338
146
2
0
0
0
0
0
0
0
0
0
0
18
210
427
637
809
935
996
1001
942
815
636
424
202
15
0
0
0
0
0
0
0
0
0
0
19
218
437
645
816
931
990
988
920
792
612
403
188
10
0
0
0
0
0
0
0
0
0
0
18
205
408
597
750
865
935
956
902
767
592
391
185
12
0
0
0
0
0
0
0
0
0
0
13
122
448
209
230
188
662
512
565
824
689
328
217
10
0
0
0
0
0
0
0
0
0
0
18
203
406
615
779
901
951
952
875
752
580
376
178
11
0
0
0
0
0
0
0
0
0
0
19
212
430
640
811
926
983
977
915
782
609
400
188
11
0
0
0
0
0
0
0
0
0
0
18
200
400
598
764
871
929
946
902
781
626
425
209
19
0
0
0
0
0
0
0
0
0
0
20
222
445
659
837
963
1026
1013
944
812
633
421
204
15
0
0
0
0
0
0
0
0
0
0
19
214
427
632
795
914
972
969
901
780
609
409
199
14
0
0
0
0
0
0
0
0
0
0
18
205
414
622
796
905
964
967
889
774
601
394
189
13
0
0
0
0
0
0
0
0
0
0
17
195
388
584
761
864
897
903
842
719
578
388
181
11
0
0
0
0
0
0
0
0
0
0
19
213
429
638
806
927
993
1001
930
810
636
430
209
17
0
0
0
0
0
0
0
0
0
0
18
202
411
605
765
875
927
929
873
753
590
397
196
15
0
0
0
0
0
0
0
0
0
0
19
213
428
640
807
928
992
983
918
797
623
411
199
14
0
0
0
0
0
0
0
0
0
0
18
207
416
620
797
922
992
995
931
808
639
428
210
18
0
0
0
0
0
0
0
0
0
0
19
184
364
544
645
770
809
916
788
693
458
316
160
13
0
0
0
0
0
0
0
0
0
0
18
167
343
507
669
761
811
876
874
774
589
345
173
14
0
0
0
0
0
0
0
0
0
0
13
162
341
529
685
823
851
858
816
688
530
361
192
17
0
0
0
0
0
0
0
0
0
0
17
169
351
608
693
754
639
656
562
621
474
340
150
3
0
0
0
0
0
0
0
0
0
0
16
183
389
588
757
875
946
950
886
752
585
377
184
16
0
0
0
0
0
0
0
0
0
0
16
184
373
570
736
829
908
922
823
732
584
390
186
16
0
0
0
0
0
0
0
0
0
0
16
183
364
548
725
815
909
894
832
732
585
389
199
20
0
0
0
0
0
0
0
0
0
0
20
203
346
449
719
802
788
800
524
575
492
332
145
13
0
0
0
0
0
0
0
0
0
0
16
195
401
596
767
884
938
933
870
746
593
394
191
15
0
0
0
0
0
0
0
0
0
0
16
186
383
571
755
876
946
952
886
775
608
411
204
21
0
0
0
0
0
0
0
0
0
0
14
188
387
588
762
879
925
923
876
763
599
399
200
18
0
0
0
0
0
0
0
0
0
0
8
153
225
371
431
486
865
660
588
689
586
278
208
47
0
0
0
0
0
0
0
0
0
0
11
168
304
470
634
707
809
773
763
741
581
388
210
31
0
0
0
0
0
0
0
0
0
0
15
190
382
558
706
808
842
777
769
675
547
361
181
17
0
0
0
0
0
0
0
0
0
0
9
121
232
381
477
572
616
577
539
435
323
188
100
3
0
0
0
0
0
0
0
0
0
0
9
191
377
521
684
781
815
802
677
534
398
300
139
3
0
0
0
0
0
0
0
0
0
0
13
184
393
590
757
866
916
939
878
766
590
397
200
17
0
0
0
0
0
0
0
0
0
0
16
181
385
569
713
800
856
874
844
766
596
401
199
18
0
0
0
0
0
0
0
0
0
0
12
170
375
574
744
837
923
946
873
763
583
408
203
18
0
0
0
0
0
0
0
0
0
0
13
180
376
578
740
875
953
957
905
793
615
425
216
24
0
0
0
0
0
0
0
0
0
0
12
190
401
613
780
900
957
957
905
787
615
412
207
17
0
0
0
0
0
0
0
0
0
0
10
170
369
563
718
840
937
956
893
768
611
411
204
19
0
0
0
0
0
0
0
0
0
0
12
169
377
557
715
837
870
847
800
679
513
314
142
3
0
0
0
0
0
0
0
0
0
0
10
156
330
507
667
804
929
907
830
742
607
399
202
21
0
0
0
0
0
0
0
0
0
0
11
139
307
525
688
761
872
824
788
736
583
375
185
16
0
0
0
0
0
0
0
0
0
0
9
161
350
561
717
841
897
903
823
741
567
360
180
10
0
0
0
0
0
0
0
0
0
0
10
183
358
524
634
790
867
796
727
685
528
404
210
25
0
0
0
0
0
0
0
0
0
0
10
147
343
535
709
827
880
874
820
688
548
361
163
12
0
0
0
0
0
0
0
0
0
0
11
150
331
535
703
799
816
841
808
707
568
385
192
17
0
0
0
0
0
0
0
0
0
0
8
144
349
441
573
729
880
872
850
631
499
314
152
7
0
0
0
0
0
0
0
0
0
0
5
132
277
414
569
778
836
872
841
750
600
402
195
22
0
0
0
0
0
0
0
0
0
0
6
147
325
521
717
857
919
908
840
718
545
358
166
7
0
0
0
0
0
0
0
0
0
0
8
144
321
495
649
766
842
790
703
619
453
280
128
3
0
0
0
0
0
0
0
0
0
0
9
160
359
568
732
870
946
934
872
755
590
393
189
13
0
0
0
0
0
0
0
0
0
0
10
170
383
479
595
642
471
699
769
640
529
417
192
31
0
0
0
0
0
0
0
0
0
0
5
129
308
493
705
849
895
883
841
639
514
341
137
7
0
0
0
0
0
0
0
0
0
0
4
120
301
490
644
764
873
913
810
715
569
350
179
12
0
0
0
0
0
0
0
0
0
0
7
152
344
516
693
837
859
870
793
687
550
376
190
18
0
0
0
0
0
0
0
0
0
0
7
149
351
546
718
800
869
905
790
664
515
320
140
3
0
0
0
0
0
0
0
0
0
0
5
143
315
518
679
825
889
882
857
745
571
372
175
11
0
0
0
0
0
0
0
0
0
0
1
126
296
388
465
649
946
748
600
266
294
272
136
20
0
0
0
0
0
0
0
0
0
0
5
141
314
478
668
762
818
843
772
655
466
284
117
3
0
0
0
0
0
0
0
0
0
0
1
103
240
413
547
695
853
865
878
757
585
381
179
31
0
0
0
0
0
0
0
0
0
0
3
91
190
299
408
482
473
451
480
333
233
166
75
2
0
0
0
0
0
0
0
0
0
0
6
142
358
530
677
772
850
895
866
709
526
343
167
8
0
0
0
0
0
0
0
0
0
0
3
134
341
548
759
897
939
843
747
615
468
310
142
6
0
0
0
0
0
0
0
0
0
0
5
136
307
527
708
862
913
913
856
742
534
334
151
2
0
0
0
0
0
0
0
0
0
0
4
140
332
543
714
845
927
925
873
737
572
366
155
7
0
0
0
0
0
0
0
0
0
0
3
131
328
422
615
631
829
800
763
712
496
327
143
3
0
0
0
0
0
0
0
0
0
0
4
115
268
444
606
718
750
749
714
610
445
290
123
2
0
0
0
0
0
0
0
0
0
0
4
140
346
541
715
851
917
941
848
757
578
353
163
8
0
0
0
0
0
0
0
0
0
0
4
143
340
546
712
857
937
916
889
742
557
358
162
8
0
0
0
0
0
0
0
0
0
0
3
124
311
503
681
798
870
880
854
749
583
384
170
11
0
0
0
0
0
0
0
0
0
0
3
136
333
542
727
839
908
924
852
721
552
347
155
6
0
0
0
0
0
0
0
0
0
0
3
132
328
522
691
812
911
887
853
712
551
336
143
3
0
0
0
0
0
0
0
0
0
0
3
124
310
501
696
836
896
910
818
679
536
319
143
7
0
0
0
0
0
0
0
0
0
0
1
113
276
535
625
867
946
864
709
685
441
304
129
2
0
0
0
0
0
0
0
0
0
0
2
128
320
505
669
791
861
891
845
735
578
360
158
5
0
0
0
0
0
0
0
0
0
0
2
132
326
541
691
831
886
887
838
713
523
329
142
4
0
0
0
0
0
0
0
0
0
0
2
87
276
376
546
617
664
710
602
563
410
282
90
1
0
0
0
0
0
0
0
0
0
0
2
103
264
436
548
653
671
683
594
504
357
226
92
1
0
0
0
0
0
0
0
0
0
0
1
119
303
517
670
739
824
789
733
601
438
257
110
1
0
0
0
0
0
0
0
0
0
0
2
133
311
515
681
838
906
905
799
693
518
323
143
3
0
0
0
0
0
0
0
0
0
0
2
125
329
531
695
845
908
895
825
721
544
341
145
4
0
0
0
0
0
0
0
0
0
0
1
104
291
553
728
848
930
921
843
720
515
316
136
3
0
0
0
0
0
0
0
0
0
0
2
118
313
529
688
804
889
895
820
706
544
320
131
3
0
0
0
0
0
0
0
0
0
0
2
124
332
550
739
859
912
902
844
710
546
333
128
2
0
0
0
0
0
0
0
0
0
0
1
105
252
441
635
765
888
899
830
659
498
293
112
2
0
0
0
0
0
0
0
0
0
0
6
134
355
493
681
728
640
643
464
489
332
143
51
1
0
0
0
0
0
0
0
0
0
0
1
79
208
338
475
563
615
627
610
541
435
270
94
2
0
0
0
0
0
0
0
0
0
0
1
78
222
394
491
579
711
736
633
546
457
256
103
2
0
0
0
0
0
0
0
0
0
0
1
112
294
511
672
803
878
907
829
697
531
329
118
1
0
0
0
0
0
0
0
0
0
0
1
114
312
515
685
808
887
847
767
641
494
298
108
1
0
0
0
0
0
0
0
0
0
0
1
114
305
514
691
812
879
872
799
668
496
294
105
0
0
0
0
0
0
0
0
0
0
0
1
117
316
536
727
856
928
931
853
718
540
330
116
1
0
0
0
0
0
0
0
0
0
0
0
102
286
488
638
767
833
856
778
649
477
290
106
1
0
0
0
0
0
0
0
0
0
0
1
116
322
538
708
835
907
918
866
721
544
323
113
1
0
0
0
0
0
0
0
0
0
0
0
94
259
453
615
726
796
791
732
622
451
264
88
0
0
0
0
0
0
0
0
0
0
0
1
106
293
487
656
775
840
844
770
643
476
276
93
0
0
0
0
0
0
0
0
0
0
0
2
100
213
378
516
567
722
760
781
621
482
324
108
2
0
0
0
0
0
0
0
0
0
0
2
125
351
381
541
543
570
381
382
57
42
24
8
0
0
0
0
0
0
0
0
0
0
0
0
106
293
476
636
764
808
828
761
650
477
278
92
0
0
0
0
0
0
0
0
0
0
0
0
107
308
513
687
823
879
888
818
680
492
294
94
0
0
0
0
0
0
0
0
0
0
0
0
88
249
423
587
678
739
755
688
565
425
244
81
0
0
0
0
0
0
0
0
0
0
0
0
91
268
456
598
707
763
771
725
586
412
237
74
0
0
0
0
0
0
0
0
0
0
0
0
99
281
482
649
781
876
878
829
719
521
298
92
0
0
0
0
0
0
0
0
0
0
0
0
102
283
482
657
756
816
852
807
677
482
265
81
0
0
0
0
0
0
0
0
0
0
0
0
101
287
493
650
753
839
864
798
673
492
270
73
0
0
0
0
0
0
0
0
0
0
0
0
94
281
500
685
794
868
862
803
663
469
265
76
0
0
0
0
0
0
0
0
0
0
0
1
116
346
583
647
593
779
596
313
54
39
22
6
0
0
0
0
0
0
0
0
0
0
0
0
111
318
535
728
841
894
891
829
678
485
269
35
0
0
0
0
0
0
0
0
0
0
0
0
93
274
465
624
743
800
796
727
596
426
232
30
0
0
0
0
0
0
0
0
0
0
0
0
91
269
455
611
714
767
765
693
573
408
221
26
0
0
0
0
0
0
0
0
0
0
0
0
86
255
438
594
702
754
757
690
561
391
212
25
0
0
0
0
0
0
0
0
0
0
0
0
92
279
464
622
734
781
780
708
587
425
230
27
0
0
0
0
0
0
0
0
0
0
0
0
95
283
479
644
756
818
816
742
613
434
232
25
0
0
0
0
0
0
0
0
0
0
0
0
97
287
468
653
676
781
806
757
612
418
220
17
0
0
0
0
0
0
0
0
0
0
0
0
77
215
425
656
762
760
762
661
557
380
198
25
0
0
0
0
0
0
0
0
0
0
0
0
107
325
547
733
864
926
908
830
679
477
246
20
0
0
0
0
0
0
0
0
0
0
0
0
74
242
293
460
634
692
665
569
462
297
115
4
0
0
0
0
0
0
0
0
0
0
0
0
102
318
533
713
835
895
870
786
640
439
219
14
0
0
0
0
0
0
0
0
0
0
0
0
32
75
329
700
595
795
657
540
391
394
224
29
0
0
0
0
0
0
0
0
0
0
0
0
101
277
396
438
568
625
612
524
362
301
234
40
0
0
0
0
0
0
0
0
0
0
0
0
84
274
430
581
724
748
688
705
527
289
163
8
0
0
0
0
0
0
0
0
0
0
0
0
93
298
520
699
824
883
879
802
649
448
225
18
0
0
0
0
0
0
0
0
0
0
0
1
106
339
352
339
314
518
640
767
524
387
241
21
0
0
0
0
0
0
0
0
0
0
0
0
82
302
546
650
779
759
717
524
441
275
167
13
0
0
0
0
0
0
0
0
0
0
0
0
93
285
528
705
717
689
632
601
429
329
141
3
0
0
0
0
0
0
0
0
0
0
0
0
89
287
500
677
798
859
843
769
622
425
202
11
0
0
0
0
0
0
0
0
0
0
0
0
82
274
484
657
773
826
807
734
603
411
195
10
0
0
0
0
0
0
0
0
0
0
0
0
86
288
496
663
784
838
817
721
574
383
177
6
0
0
0
0
0
0
0
0
0
0
0
0
89
298
520
704
825
887
869
785
635
431
203
10
0
0
0
0
0
0
0
0
0
0
0
0
35
102
198
233
863
1000
830
175
271
36
17
2
0
0
0
0
0
0
0
0
0
0
0
0
70
230
419
564
689
794
725
635
508
367
184
10
0
0
0
0
0
0
0
0
0
0
0
0
62
220
404
509
694
742
790
715
539
371
183
8
0
0
0
0
0
0
0
0
0
0
0
0
81
280
492
672
788
841
823
729
581
386
172
5
0
0
0
0
0
0
0
0
0
0
0
0
77
262
462
634
752
813
774
703
564
361
163
4
0
0
0
0
0
0
0
0
0
0
0
0
71
253
461
635
747
783
767
691
540
339
147
4
0
0
0
0
0
0
0
0
0
0
0
0
74
264
472
637
771
817
812
721
567
367
164
5
0
0
0
0
0
0
0
0
0
0
0
0
75
267
463
634
746
798
782
696
552
361
153
3
0
0
0
0
0
0
0
0
0
0
0
0
72
263
474
660
777
822
785
699
552
364
152
3
0
0
0
0
0
0
0
0
0
0
0
0
34
218
377
359
423
594
602
624
445
316
134
1
0
0
0
0
0
0
0
0
0
0
0
0
37
235
415
616
679
741
696
652
486
310
116
1
0
0
0
0
0
0
0
0
0
0
0
0
29
227
403
546
647
688
677
599
474
297
118
1
0
0
0
0
0
0
0
0
0
0
0
0
33
263
474
652
773
822
797
700
552
356
144
2
0
0
0
0
0
0
0
0
0
0
0
0
24
197
345
496
570
602
599
525
403
264
98
1
0
0
0
0
0
0
0
0
0
0
0
0
31
261
480
661
774
819
788
696
532
338
131
1
0
0
0
0
0
0
0
0
0
0
0
0
21
222
402
577
642
686
689
581
437
278
110
1
0
0
0
0
0
0
0
0
0
0
0
0
29
220
430
579
695
716
716
589
487
280
109
1
0
0
0
0
0
0
0
0
0
0
0
0
28
248
454
620
754
812
786
702
548
351
141
2
0
0
0
0
0
0
0
0
0
0
0
0
20
185
339
472
555
600
574
527
418
254
91
1
0
0
0
0
0
0
0
0
0
0
0
0
23
217
399
551
657
703
681
601
461
288
107
1
0
0
0
0
0
0
0
0
0
0
0
0
20
218
413
554
676
699
702
566
465
303
113
1
0
0
0
0
0
0
0
0
0
0
0
0
23
234
431
597
710
734
718
647
503
307
117
0
0
0
0
0
0
0
0
0
0
0
0
0
21
206
397
558
662
693
678
598
459
275
101
0
0
0
0
0
0
0
0
0
0
0
0
0
19
203
390
536
651
700
701
602
451
261
96
1
0
0
0
0
0
0
0
0
0
0
0
0
20
216
407
570
676
720
700
619
476
292
104
0
0
0
0
0
0
0
0
0
0
0
0
0
17
197
372
517
613
666
645
563
433
263
93
0
0
0
0
0
0
0
0
0
0
0
0
0
19
216
410
574
682
726
706
621
480
294
104
0
0
0
0
0
0
0
0
0
0
0
0
0
20
234
447
623
743
792
771
681
527
323
113
0
0
0
0
0
0
0
0
0
0
0
0
0
17
208
398
559
667
714
692
606
465
282
97
0
0
0
0
0
0
0
0
0
0
0
0
0
18
225
437
617
739
788
765
670
520
318
112
0
0
0
0
0
0
0
0
0
0
0
0
0
17
221
429
603
711
752
735
646
493
301
105
0
0
0
0
0
0
0
0
0
0
0
0
0
14
197
391
559
679
692
677
594
460
293
99
0
0
0
0
0
0
0
0
0
0
0
0
0
13
197
394
569
694
743
727
617
466
281
92
0
0
0
0
0
0
0
0
0
0
0
0
0
11
182
390
529
613
682
616
542
389
244
93
0
0
0
0
0
0
0
0
0
0
0
0
0
13
202
401
572
687
754
739
655
506
308
103
0
0
0
0
0
0
0
0
0
0
0
0
0
14
201
396
554
672
708
681
581
433
265
83
0
0
0
0
0
0
0
0
0
0
0
0
0
13
201
394
560
680
730
715
643
494
301
98
0
0
0
0
0
0
0
0
0
0
0
0
0
11
195
382
532
651
700
686
600
456
270
86
0
0
0
0
0
0
0
0
0
0
0
0
0
10
186
370
537
642
695
682
622
479
290
95
0
0
0
0
0
0
0
0
0
0
0
0
0
10
195
398
560
678
728
706
613
468
277
90
0
0
0
0
0
0
0
0
0
0
0
0
0
8
180
370
535
657
714
689
606
466
283
92
0
0
0
0
0
0
0
0
0
0
0
0
0
9
194
400
569
680
723
698
600
451
265
82
0
0
0
0
0
0
0
0
0
0
0
0
0
8
181
384
559
678
735
721
637
483
287
90
0
0
0
0
0
0
0
0
0
0
0
0
0
7
175
363
527
644
684
640
564
438
254
77
0
0
0
0
0
0
0
0
0
0
0
0
0
6
147
322
501
609
677
674
582
435
250
75
0
0
0
0
0
0
0
0
0
0
0
0
0
5
139
331
516
614
638
637
581
447
253
82
0
0
0
0
0
0
0
0
0
0
0
0
0
9
131
274
406
544
613
534
515
300
145
58
0
0
0
0
0
0
0
0
0
0
0
0
0
2
87
236
384
471
483
474
494
392
283
86
0
0
0
0
0
0
0
0
0
0
0
0
0
2
61
106
129
454
430
370
496
421
299
84
0
0
0
0
0
0
0
0
0
0
0
0
0
2
120
246
349
504
410
517
378
319
131
8
0
0
0
0
0
0
0
0
0
0
0
0
0
5
174
378
555
676
724
708
618
469
277
84
0
0
0
0
0
0
0
0
0
0
0
0
0
4
146
332
486
609
665
653
588
471
282
90
0
0
0
0
0
0
0
0
0
0
0
0
0
7
174
387
521
565
649
504
405
295
169
56
0
0
0
0
0
0
0
0
0
0
0
0
0
5
150
322
481
588
604
618
534
408
237
67
0
0
0
0
0
0
0
0
0
0
0
0
0
6
171
336
491
358
494
305
204
189
90
37
0
0
0
0
0
0
0
0
0
0
0
0
0
3
154
349
522
645
701
685
602
455
269
82
0
0
0
0
0
0
0
0
0
0
0
0
0
3
147
339
508
632
688
673
589
444
263
78
0
0
0
0
0
0
0
0
0
0
0
0
0
3
142
334
500
623
674
653
575
438
259
80
0
0
0
0
0
0
0
0
0
0
0
0
0
1
82
211
326
354
385
365
315
250
144
41
0
0
0
0
0
0
0
0
0
0
0
0
0
1
119
286
458
557
619
608
540
425
237
71
0
0
0
0
0
0
0
0
0
0
0
0
0
1
89
207
335
420
459
451
404
322
192
50
0
0
0
0
0
0
0
0
0
0
0
0
0
1
94
223
362
474
514
492
406
301
192
57
0
0
0
0
0
0
0
0
0
0
0
0
0
2
139
337
511
635
696
688
609
472
285
89
0
0
0
0
0
0
0
0
0
0
0
0
0
1
108
277
445
553
629
611
532
405
242
73
0
0
0
0
0
0
0
0
0
0
0
0
0
2
125
316
480
589
647
631
561
419
250
79
0
0
0
0
0
0
0
0
0
0
0
0
0
2
118
283
433
547
622
629
530
406
226
73
0
0
0
0
0
0
0
0
0
0
0
0
0
1
114
281
451
575
621
608
524
398
255
84
0
0
0
0
0
0
0
0
0
0
0
0
0
1
107
268
413
535
614
616
518
405
246
71
0
0
0
0
0
0
0
0
0
0
0
0
0
1
119
305
469
577
624
628
561
417
244
74
0
0
0
0
0
0
0
0
0
0
0
0
0
1
94
233
383
497
548
555
511
380
234
73
0
0
0
0
0
0
0
0
0
0
0
0
0
1
99
254
405
524
577
565
515
383
233
74
0
0
0
0
0
0
0
0
0
0
0
0
0
1
112
296
463
594
637
624
565
425
250
82
0
0
0
0
0
0
0
0
0
0
0
0
0
1
106
283
432
553
622
613
544
403
226
73
0
0
0
0
0
0
0
0
0
0
0
0
0
1
112
297
468
597
663
655
579
444
266
86
0
0
0
0
0
0
0
0
0
0
0
0
0
1
103
282
450
559
590
614
547
420
262
83
0
0
0
0
0
0
0
0
0
0
0
0
0
0
83
229
361
459
518
532
471
367
223
75
0
0
0
0
0
0
0
0
0
0
0
0
0
0
71
211
338
446
496
474
421
330
207
75
0
0
0
0
0
0
0
0
0
0
0
0
0
0
111
302
483
615
681
672
599
465
280
91
0
0
0
0
0
0
0
0
0
0
0
0
0
1
105
280
462
584
645
638
571
436
263
89
0
0
0
0
0
0
0
0
0
0
0
0
0
0
106
292
464
597
659
658
591
460
284
99
0
0
0
0
0
0
0
0
0
0
0
0
0
0
106
297
479
608
677
677
603
467
290
99
0
0
0
0
0
0
0
0
0
0
0
0
0
0
107
285
462
587
678
671
618
476
297
104
0
0
0
0
0
0
0
0
0
0
0
0
0
0
96
279
450
580
642
637
573
459
282
102
1
0
0
0
0
0
0
0
0
0
0
0
0
0
82
234
384
495
558
557
496
382
231
85
0
0
0
0
0
0
0
0
0
0
0
0
0
0
83
239
436
567
601
573
514
380
206
57
0
0
0
0
0
0
0
0
0
0
0
0
0
0
97
276
448
578
645
642
575
452
280
100
0
0
0
0
0
0