0
0
0
0
0
0
0
3
132
284
411
501
521
483
393
259
105
1
0
0
0
0
0
0
0
0
0
0
0
0
0
3
147
318
455
542
568
531
436
292
122
1
0
0
0
0
0
0
0
0
0
0
0
0
0
3
150
326
470
563
590
555
456
308
130
1
0
0
0
0
0
0
0
0
0
0
0
0
0
3
137
294
425
492
531
487
405
276
117
2
0
0
0
0
0
0
0
0
0
0
0
0
0
1
74
169
247
260
289
264
245
156
63
1
0
0
0
0
0
0
0
0
0
0
0
0
0
2
104
185
252
440
345
348
321
250
155
4
0
0
0
0
0
0
0
0
0
0
0
0
0
3
98
231
347
426
458
428
336
248
106
1
0
0
0
0
0
0
0
0
0
0
0
0
0
3
136
296
426
508
534
500
421
277
118
1
0
0
0
0
0
0
0
0
0
0
0
0
0
2
114
255
395
451
466
454
369
242
104
1
0
0
0
0
0
0
0
0
0
0
0
0
0
1
92
211
305
361
377
358
282
187
96
1
0
0
0
0
0
0
0
0
0
0
0
0
0
3
155
339
492
592
627
594
498
344
157
4
0
0
0
0
0
0
0
0
0
0
0
0
0
3
144
315
456
551
591
562
467
322
147
4
0
0
0
0
0
0
0
0
0
0
0
0
0
3
144
317
455
547
578
550
455
312
145
3
0
0
0
0
0
0
0
0
0
0
0
0
0
4
140
309
404
445
439
456
410
298
125
3
0
0
0
0
0
0
0
0
0
0
0
0
0
4
151
330
473
556
584
548
456
317
150
3
0
0
0
0
0
0
0
0
0
0
0
0
0
4
136
290
426
503
536
521
422
314
156
7
0
0
0
0
0
0
0
0
0
0
0
0
0
4
143
314
458
547
572
541
458
321
157
5
0
0
0
0
0
0
0
0
0
0
0
0
0
3
136
289
429
519
533
478
419
305
158
8
0
0
0
0
0
0
0
0
0
0
0
0
0
4
150
317
453
545
580
557
479
344
170
8
0
0
0
0
0
0
0
0
0
0
0
0
0
3
101
194
304
385
422
358
295
204
88
2
0
0
0
0
0
0
0
0
0
0
0
0
0
4
159
343
498
594
631
600
504
357
177
7
0
0
0
0
0
0
0
0
0
0
0
0
0
4
132
282
362
476
499
504
418
337
171
3
0
0
0
0
0
0
0
0
0
0
0
0
0
5
166
346
494
589
629
600
512
369
191
10
0
0
0
0
0
0
0
0
0
0
0
0
0
5
179
373
530
632
670
641
546
394
204
10
0
0
0
0
0
0
0
0
0
0
0
0
0
5
162
341
489
587
629
604
515
371
193
12
0
0
0
0
0
0
0
0
0
0
0
0
0
6
179
376
538
642
685
655
556
401
207
12
0
0
0
0
0
0
0
0
0
0
0
0
0
4
104
232
321
390
379
350
307
237
110
3
0
0
0
0
0
0
0
0
0
0
0
0
0
6
145
323
421
516
558
471
427
320
163
9
0
0
0
0
0
0
0
0
0
0
0
0
0
5
138
312
461
527
512
514
438
336
183
13
0
0
0
0
0
0
0
0
0
0
0
0
0
4
125
308
452
572
556
468
361
257
144
18
0
0
0
0
0
0
0
0
0
0
0
0
0
4
107
225
329
408
434
414
351
228
105
4
0
0
0
0
0
0
0
0
0
0
0
0
0
8
179
362
516
617
653
627
535
392
213
18
0
0
0
0
0
0
0
0
0
0
0
0
0
2
110
199
303
337
368
388
342
256
136
13
0
0
0
0
0
0
0
0
0
0
0
0
0
8
173
352
498
595
640
612
526
374
199
13
0
0
0
0
0
0
0
0
0
0
0
0
0
9
179
362
519
618
655
623
534
393
216
20
0
0
0
0
0
0
0
0
0
0
0
0
0
9
181
368
517
621
658
634
546
400
219
21
0
0
0
0
0
0
0
0
0
0
0
0
0
9
167
338
478
579
624
616
529
382
216
27
0
0
0
0
0
0
0
0
0
0
0
0
0
10
181
362
512
609
649
624
538
398
224
24
0
0
0
0
0
0
0
0
0
0
0
0
0
12
173
335
474
563
605
593
516
387
191
22
0
0
0
0
0
0
0
0
0
0
0
0
0
10
168
349
480
567
613
585
496
378
205
21
0
0
0
0
0
0
0
0
0
0
0
0
0
3
53
107
149
178
191
183
159
120
69
8
0
0
0
0
0
0
0
0
0
0
0
0
0
4
71
139
215
256
241
242
208
146
83
6
0
0
0
0
0
0
0
0
0
0
0
0
0
3
67
123
211
273
262
244
203
146
88
10
0
0
0
0
0
0
0
0
0
0
0
0
0
17
225
424
589
696
736
713
620
466
272
38
0
0
0
0
0
0
0
0
0
0
0
0
0
14
189
361
503
579
577
540
499
354
192
55
0
0
0
0
0
0
0
0
0
0
0
0
0
19
216
398
538
641
675
659
574
434
253
75
0
0
0
0
0
0
0
0
0
0
0
0
0
19
216
396
538
641
680
648
570
435
265
84
0
0
0
0
0
0
0
0
0
0
0
0
0
25
52
101
72
289
422
541
712
318
198
59
0
0
0
0
0
0
0
0
0
0
0
0
0
23
242
442
605
712
751
726
633
486
291
94
0
0
0
0
0
0
0
0
0
0
0
0
0
24
235
418
569
668
710
684
599
460
282
93
0
0
0
0
0
0
0
0
0
0
0
0
0
24
229
405
555
633
662
647
554
416
247
81
0
0
0
0
0
0
0
0
0
0
0
0
0
23
215
392
535
644
688
673
584
454
278
94
0
0
0
0
0
0
0
0
0
0
0
0
0
22
202
388
530
572
648
598
466
355
227
69
0
0
0
0
0
0
0
0
0
0
0
0
0
32
264
468
633
743
785
753
661
506
306
103
0
0
0
0
0
0
0
0
0
0
0
0
0
29
171
301
378
461
605
591
616
479
264
99
0
0
0
0
0
0
0
0
0
0
0
0
0
31
198
421
612
523
444
334
196
236
26
57
1
0
0
0
0
0
0
0
0
0
0
0
0
29
185
185
245
347
373
376
100
59
39
10
0
0
0
0
0
0
0
0
0
0
0
0
0
88
309
376
411
393
335
726
561
174
26
9
0
0
0
0
0
0
0
0
0
0
0
0
0
71
234
396
537
631
664
652
577
449
272
100
0
0
0
0
0
0
0
0
0
0
0
0
0
70
247
417
567
658
695
668
590
447
279
108
1
0
0
0
0
0
0
0
0
0
0
0
0
83
266
456
606
700
735
701
595
462
289
108
1
0
0
0
0
0
0
0
0
0
0
0
0
88
276
465
616
712
747
722
631
488
306
115
1
0
0
0
0
0
0
0
0
0
0
0
0
84
262
439
571
662
695
678
585
454
289
111
1
0
0
0
0
0
0
0
0
0
0
0
0
104
311
518
682
790
830
796
699
544
344
131
1
0
0
0
0
0
0
0
0
0
0
0
0
89
277
463
616
702
720
692
608
469
302
115
1
0
0
0
0
0
0
0
0
0
0
0
0
105
309
506
658
759
803
777
682
533
341
137
1
0
0
0
0
0
0
0
0
0
0
0
0
111
383
621
585
397
272
360
226
129
60
27
1
0
0
0
0
0
0
0
0
0
0
0
0
117
322
525
687
789
827
799
710
555
357
146
2
0
0
0
0
0
0
0
0
0
0
0
1
125
339
544
706
813
852
820
726
572
371
154
2
0
0
0
0
0
0
0
0
0
0
0
1
128
338
541
702
801
837
808
715
561
362
149
2
0
0
0
0
0
0
0
0
0
0
0
1
132
347
552
712
816
854
830
736
583
381
161
3
0
0
0
0
0
0
0
0
0
0
0
1
136
344
541
700
806
844
812
722
573
373
160
3
0
0
0
0
0
0
0
0
0
0
0
1
111
288
472
610
705
752
713
627
502
330
142
3
0
0
0
0
0
0
0
0
0
0
0
2
143
360
566
733
837
880
852
752
594
387
166
4
0
0
0
0
0
0
0
0
0
0
0
2
136
331
521
671
759
805
765
675
535
355
152
3
0
0
0
0
0
0
0
0
0
0
0
1
109
269
426
530
601
619
580
553
438
278
121
3
0
0
0
0
0
0
0
0
0
0
0
2
134
328
518
666
764
797
757
659
521
329
143
2
0
0
0
0
0
0
0
0
0
0
0
4
53
153
252
283
459
505
606
560
491
334
201
16
0
0
0
0
0
0
0
0
0
0
0
3
136
321
479
611
669
679
664
584
456
285
120
2
0
0
0
0
0
0
0
0
0
0
0
3
148
345
482
592
669
742
680
675
524
348
157
6
0
0
0
0
0
0
0
0
0
0
0
4
153
336
478
575
697
756
732
652
533
356
161
6
0
0
0
0
0
0
0
0
0
0
0
5
161
354
534
670
739
767
728
658
536
356
161
6
0
0
0
0
0
0
0
0
0
0
0
6
156
347
529
659
735
772
739
650
499
346
167
7
0
0
0
0
0
0
0
0
0
0
0
8
198
426
634
794
894
925
890
786
626
419
193
6
0
0
0
0
0
0
0
0
0
0
0
5
105
223
307
383
420
509
454
420
319
206
87
2
0
0
0
0
0
0
0
0
0
0
0
6
104
200
288
380
412
418
416
371
292
213
90
2
0
0
0
0
0
0
0
0
0
0
0
9
173
371
555
695
781
814
777
664
533
353
173
8
0
0
0
0
0
0
0
0
0
0
0
8
158
378
533
654
700
732
725
699
554
364
184
13
0
0
0
0
0
0
0
0
0
0
0
11
168
303
483
545
677
724
742
674
517
405
192
14
0
0
0
0
0
0
0
0
0
0
0
9
149
293
474
602
792
760
700
648
525
353
191
12
0
0
0
0
0
0
0
0
0
0
0
14
214
426
620
765
867
896
864
758
603
412
202
11
0
0
0
0
0
0
0
0
0
0
0
18
243
479
710
881
555
572
544
477
372
256
124
7
0
0
0
0
0
0
0
0
0
0
0
18
214
406
571
687
761
817
782
682
522
359
174
10
0
0
0
0
0
0
0
0
0
0
0
22
263
498
709
866
961
990
952
842
677
464
231
12
0
0
0
0
0
0
0
0
0
0
0
21
234
441
629
768
857
870
836
742
596
409
202
11
0
0
0
0
0
0
0
0
0
0
0
21
221
418
598
722
815
839
825
745
609
423
216
18
0
0
0
0
0
0
0
0
0
0
0
25
250
470
666
813
907
934
897
793
634
435
217
14
0
0
0
0
0
0
0
0
0
0
0
49
293
434
449
941
619
533
781
459
184
119
18
3
0
0
0
0
0
0
0
0
0
0
0
15
163
319
386
507
514
549
507
445
313
216
113
4
0
0
0
0
0
0
0
0
0
0
0
30
213
364
481
639
825
792
639
608
488
306
194
18
0
0
0
0
0
0
0
0
0
0
0
36
285
516
719
875
971
995
954
848
684
471
240
17
0
0
0
0
0
0
0
0
0
0
0
46
316
520
718
865
615
652
626
576
527
388
223
29
0
0
0
0
0
0
0
0
0
0
0
79
280
499
686
824
900
919
885
785
631
439
225
15
0
0
0
0
0
0
0
0
0
0
0
68
256
433
604
677
761
796
777
729
560
378
194
17
0
0
0
0
0
0
0
0
0
0
0
89
296
558
783
916
638
719
645
506
377
259
146
18
0
0
0
0
0
0
0
0
0
0
0
20
69
124
168
200
212
222
212
189
151
102
52
4
0
0
0
0
0
0
0
0
0
0
0
92
298
517
710
853
941
961
920
819
660
457
239
21
0
0
0
0
0
0
0
0
0
0
0
101
324
559
764
916
1011
1033
978
862
689
473
243
17
0
0
0
0
0
0
0
0
0
0
0
83
255
445
619
737
776
790
783
704
574
399
218
22
0
0
0
0
0
0
0
0
0
0
0
100
307
526
722
871
956
978
940
838
683
480
256
27
0
0
0
0
0
0
0
0
0
0
0
94
289
484
658
789
872
886
868
766
620
432
228
24
0
0
0
0
0
0
0
0
0
0
0
86
241
442
588
749
856
890
820
648
467
322
168
11
0
0
0
0
0
0
0
0
0
0
0
96
278
478
641
771
840
866
827
733
581
406
214
21
0
0
0
0
0
0
0
0
0
0
0
102
297
499
677
811
902
926
888
800
646
455
244
30
0
0
0
0
0
0
0
0
0
0
1
104
285
475
637
759
855
861
822
745
608
422
234
31
0
0
0
0
0
0
0
0
0
0
0
96
233
395
557
641
748
732
737
729
592
417
243
45
0
0
0
0
0
0
0
0
0
0
1
111
288
496
653
777
839
839
812
740
589
417
221
24
0
0
0
0
0
0
0
0
0
0
1
90
248
412
530
646
697
762
737
651
503
346
185
25
0
0
0
0
0
0
0
0
0
0
1
69
165
301
390
485
534
500
477
387
294
174
106
6
0
0
0
0
0
0
0
0
0
0
1
127
307
442
605
703
741
737
610
475
362
310
159
7
0
0
0
0
0
0
0
0
0
0
2
125
328
529
703
827
895
928
888
794
641
458
256
70
0
0
0
0
0
0
0
0
0
0
3
122
315
493
635
722
786
821
815
768
620
444
245
68
0
0
0
0
0
0
0
0
0
0
1
88
278
452
603
588
762
876
774
726
529
482
282
83
0
0
0
0
0
0
0
0
0
0
2
132
327
529
698
837
924
944
910
816
662
482
274
83
0
0
0
0
0
0
0
0
0
0
2
166
396
647
872
949
472
572
536
475
303
250
106
16
0
0
0
0
0
0
0
0
0
0
2
115
301
486
651
790
823
827
786
721
571
434
238
77
0
0
0
0
0
0
0
0
0
0
3
147
355
563
746
878
951
958
908
803
651
460
253
74
0
0
0
0
0
0
0
0
0
0
1
94
405
647
512
759
681
409
269
73
60
43
24
7
0
0
0
0
0
0
0
0
0
0
4
159
379
602
791
930
1015
1035
992
886
728
523
297
93
0
0
0
0
0
0
0
0
0
0
4
150
358
569
753
892
977
997
960
865
706
510
293
94
0
0
0
0
0
0
0
0
0
0
4
147
350
554
734
869
950
966
928
830
684
487
277
89
0
0
0
0
0
0
0
0
0
0
5
156
359
565
740
871
943
959
907
813
661
476
272
85
0
0
0
0
0
0
0
0
0
0
2
136
315
568
726
548
588
713
589
346
60
43
25
8
0
0
0
0
0
0
0
0
0
0
6
167
384
601
789
928
1010
1030
986
881
722
521
301
99
0
0
0
0
0
0
0
0
0
0
6
163
375
584
766
900
974
1000
962
860
706
513
296
99
0
0
0
0
0
0
0
0
0
0
5
135
312
490
642
755
824
829
797
713
578
420
237
78
0
0
0
0
0
0
0
0
0
0
15
172
344
208
423
125
433
644
704
488
62
39
22
8
0
0
0
0
0
0
0
0
0
0
2
86
240
453
421
558
645
655
539
494
413
230
146
40
0
0
0
0
0
0
0
0
0
0
8
154
349
524
698
817
876
885
854
771
645
469
274
99
1
0
0
0
0
0
0
0
0
0
6
147
319
488
626
728
783
801
766
692
576
421
249
88
0
0
0
0
0
0
0
0
0
0
8
167
367
560
732
865
938
950
915
816
678
499
295
106
1
0
0
0
0
0
0
0
0
0
9
36
68
206
646
730
538
463
464
329
296
233
26
9
0
0
0
0
0
0
0
0
0
0
10
204
445
667
862
983
559
460
469
390
380
279
161
45
0
0
0
0
0
0
0
0
0
0
12
216
433
708
878
980
560
548
516
478
363
241
129
48
1
0
0
0
0
0
0
0
0
0
10
188
400
606
788
922
1003
1020
977
876
724
528
314
115
1
0
0
0
0
0
0
0
0
0
9
174
367
562
723
847
928
942
910
809
674
495
290
110
1
0
0
0
0
0
0
0
0
0
10
174
364
556
726
855
928
946
902
814
674
502
302
114
1
0
0
0
0
0
0
0
0
0
10
179
384
584
762
890
968
990
946
851
703
515
307
114
1
0
0
0
0
0
0
0
0
0
11
197
419
640
826
967
1048
1063
1019
912
752
548
327
120
1
0
0
0
0
0
0
0
0
0
8
147
331
523
695
815
878
872
862
803
658
492
287
112
2
0
0
0
0
0
0
0
0
0
7
98
210
327
382
448
513
498
453
413
328
258
155
57
1
0
0
0
0
0
0
0
0
0
12
188
402
615
801
937
1021
1039
998
894
739
542
326
124
2
0
0
0
0
0
0
0
0
0
10
166
357
535
700
783
820
868
780
718
626
446
274
105
2
0
0
0
0
0
0
0
0
0
12
196
414
628
810
950
1027
1049
1006
902
744
549
331
128
1
0
0
0
0
0
0
0
0
0
13
202
421
639
827
965
1045
1065
1016
908
750
551
331
127
1
0
0
0
0
0
0
0
0
0
12
191
403
610
790
927
1007
1031
993
897
748
558
340
135
3
0
0
0
0
0
0
0
0
0
12
188
397
603
785
918
996
1017
970
875
727
537
330
130
2
0
0
0
0
0
0
0
0
0
13
196
413
629
812
951
1029
1049
1004
900
744
547
331
129
1
0
0
0
0
0
0
0
0
0
11
185
396
612
795
926
1022
1064
1072
968
807
603
373
152
14
0
0
0
0
0
0
0
0
0
11
158
338
519
654
787
844
867
803
752
651
457
291
121
4
0
0
0
0
0
0
0
0
0
11
165
339
490
639
760
855
884
857
770
653
484
316
137
5
0
0
0
0
0
0
0
0
0
12
178
378
582
757
891
983
1003
965
865
717
539
332
138
4
0
0
0
0
0
0
0
0
0
12
170
357
554
715
834
921
935
898
819
690
520
329
138
5
0
0
0
0
0
0
0
0
0
12
183
382
583
751
884
959
978
949
858
716
537
331
135
3
0
0
0
0
0
0
0
0
0
13
183
361
525
713
799
844
878
838
768
613
454
282
110
2
0
0
0
0
0
0
0
0
0
12
170
354
544
706
830
905
929
872
790
644
483
289
117
1
0
0
0
0
0
0
0
0
0
13
192
404
612
794
926
1007
1027
985
889
743
553
343
142
3
0
0
0
0
0
0
0
0
0
12
178
360
548
708
843
917
936
883
803
667
500
321
133
4
0
0
0
0
0
0
0
0
0
11
173
373
576
748
881
960
983
949
862
716
538
334
140
4
0
0
0
0
0
0
0
0
0
12
179
380
585
761
891
970
997
960
869
729
544
335
139
4
0
0
0
0
0
0
0
0
0
9
152
333
511
655
776
861
849
832
760
668
486
313
137
5
0
0
0
0
0
0
0
0
0
11
176
374
575
746
883
960
974
941
849
713
533
329
136
3
0
0
0
0
0
0
0
0
0
10
170
355
511
699
776
810
837
794
661
572
455
288
133
5
0
0
0
0
0
0
0
0
0
8
129
281
425
552
665
790
804
775
674
569
415
245
101
1
0
0
0
0
0
0
0
0
0
11
154
317
491
643
771
854
911
863
763
655
520
320
136
6
0
0
0
0
0
0
0
0
0
9
144
309
461
611
740
779
789
751
679
537
404
245
99
1
0
0
0
0
0
0
0
0
0
13
152
333
478
662
840
843
803
715
638
559
435
293
159
10
0
0
0
0
0
0
0
0
0
9
152
343
518
667
818
896
913
867
772
638
478
297
126
4
0
0
0
0
0
0
0
0
0
8
152
325
498
610
756
824
843
806
757
679
498
322
138
6
0
0
0
0
0
0
0
0
0
8
143
319
502
645
749
790
798
759
681
571
424
251
103
1
0
0
0
0
0
0
0
0
0
9
159
350
540
704
833
915
933
900
825
694
516
323
139
5
0
0
0
0
0
0
0
0
0
9
169
366
566
745
879
956
969
924
836
696
522
321
134
3
0
0
0
0
0
0
0
0
0
9
170
371
573
754
888
973
1000
972
880
737
555
349
148
5
0
0
0
0
0
0
0
0
0
6
156
365
605
846
935
627
612
524
473
395
325
231
111
7
0
0
0
0
0
0
0
0
0
9
167
370
573
756
893
972
991
954
855
714
531
333
140
4
0
0
0
0
0
0
0
0
0
8
162
359
563
735
867
941
962
932
844
706
525
328
138
4
0
0
0
0
0
0
0
0
0
8
171
374
581
756
889
970
997
960
876
735
555
348
149
4
0
0
0
0
0
0
0
0
0
8
166
368
571
748
884
966
1000
965
884
746
565
363
159
6
0
0
0
0
0
0
0
0
0
8
169
370
571
749
892
973
1001
972
885
745
564
360
156
6
0
0
0
0
0
0
0
0
0
7
155
345
551
735
872
960
984
958
867
723
552
345
146
5
0
0
0
0
0
0
0
0
0
7
156
354
559
734
865
950
979
947
865
729
552
348
149
6
0
0
0
0
0
0
0
0
0
6
149
342
547
719
847
931
956
926
836
702
516
315
130
3
0
0
0
0
0
0
0
0
0
6
156
361
569
753
888
967
990
958
870
719
535
330
134
2
0
0
0
0
0
0
0
0
0
6
152
352
557
736
877
966
991
967
876
736
548
342
145
4
0
0
0
0
0
0
0
0
0
6
135
298
471
639
742
846
868
863
787
669
511
322
129
5
0
0
0
0
0
0
0
0
0
5
149
348
558
740
883
972
999
965
881
736
549
338
141
4
0
0
0
0
0
0
0
0
0
5
151
355
564
748
889
976
1003
965
862
715
532
324
130
2
0
0
0
0
0
0
0
0
0
5
148
351
561
749
895
988
1015
989
895
743
553
343
141
4
0
0
0
0
0
0
0
0
0
5
151
359
574
760
901
987
1013
975
877
725
537
326
130
2
0
0
0
0
0
0
0
0
0
4
135
324
525
693
830
919
944
919
827
688
504
299
118
2
0
0
0
0
0
0
0
0
0
4
142
344
554
740
883
974
1006
977
886
739
552
339
137
3
0
0
0
0
0
0
0
0
0
4
144
350
562
751
893
979
1005
977
884
739
550
338
135
3
0
0
0
0
0
0
0
0
0
4
150
364
583
773
921
1009
1037
1003
903
752
559
340
134
2
0
0
0
0
0
0
0
0
0
3
140
342
551
734
874
971
997
962
872
738
554
342
139
3
0
0
0
0
0
0
0
0
0
3
137
340
549
735
880
966
992
962
866
719
532
322
125
1
0
0
0
0
0
0
0
0
0
3
132
328
535
716
851
935
962
931
843
697
512
310
120
1
0
0
0
0
0
0
0
0
0
2
112
282
470
635
772
879
912
901
837
693
514
313
124
3
0
0
0
0
0
0
0
0
0
2
117
301
489
661
810
907
937
900
804
675
500
303
116
2
0
0
0
0
0
0
0
0
0
2
129
331
547
742
891
985
1018
984
886
738
541
325
124
2
0
0
0
0
0
0
0
0
0
2
127
327
541
728
874
967
1001
970
877
731
541
325
124
2
0
0
0
0
0
0
0
0
0
2
120
314
520
703
836
926
966
932
842
699
515
309
115
1
0
0
0
0
0
0
0
0
0
2
117
301
498
670
804
880
912
884
804
672
502
301
115
2
0
0
0
0
0
0
0
0
0
2
120
321
530
718
865
957
989
960
875
732
541
328
125
2
0
0
0
0
0
0
0
0
0
1
119
317
530
710
856
946
965
926
830
689
505
297
106
1
0
0
0
0
0
0
0
0
0
1
120
322
540
729
879
970
998
966
876
733
540
323
118
1
0
0
0
0
0
0
0
0
0
1
118
315
527
715
862
952
981
952
862
719
530
316
115
1
0
0
0
0
0
0
0
0
0
1
108
293
486
662
803
889
905
874
797
655
473
281
100
1
0
0
0
0
0
0
0
0
0
1
114
313
523
712
864
946
976
935
843
697
512
299
104
1
0
0
0
0
0
0
0
0
0
1
111
311
525
716
863
953
982
948
852
701
507
293
100
0
0
0
0
0
0
0
0
0
0
0
45
128
133
310
211
529
606
771
964
716
528
138
51
0
0
0
0
0
0
0
0
0
0
1
103
293
510
678
809
896
908
857
771
637
464
271
92
0
0
0
0
0
0
0
0
0
0
1
109
313
529
721
873
973
1000
967
874
720
526
305
103
0
0
0
0
0
0
0
0
0
0
1
99
286
494
677
817
916
947
921
830
685
497
289
95
0
0
0
0
0
0
0
0
0
0
0
89
265
454
646
804
881
911
865
779
637
449
269
87
0
0
0
0
0
0
0
0
0
0
0
76
248
442
622
738
794
815
734
700
626
434
265
89
0
0
0
0
0
0
0
0
0
0
0
101
300
514
707
852
940
963
921
817
662
466
256
76
0
0
0
0
0
0
0
0
0
0
0
100
299
515
708
855
945
969
929
833
680
487
273
83
0
0
0
0
0
0
0
0
0
0
0
99
297
515
703
848
935
956
915
815
665
475
263
77
0
0
0
0
0
0
0
0
0
0
0
94
291
502
697
849
947
981
952
853
706
514
291
86
0
0
0
0
0
0
0
0
0
0
0
98
302
519
707
857
941
968
934
839
684
489
272
79
0
0
0
0
0
0
0
0
0
0
0
91
286
495
687
835
928
954
922
827
681
488
272
78
0
0
0
0
0
0
0
0
0
0
0
84
264
468
645
792
879
912
885
801
657
471
261
74
0
0
0
0
0
0
0
0
0
0
0
87
276
486
677
821
911
945
916
825
675
485
268
41
0
0
0
0
0
0
0
0
0
0
0
84
275
485
672
820
911
927
885
793
632
442
235
27
0
0
0
0
0
0
0
0
0
0
0
86
281
497
689
838
930
960
921
819
662
464
249
29
0
0
0
0
0
0
0
0
0
0
0
10
124
251
500
550
794
678
678
737
628
470
249
36
0
0
0
0
0
0
0
0
0
0
0
81
270
466
650
789
879
905
875
776
628
441
229
25
0
0
0
0
0
0
0
0
0
0
0
84
285
510
709
861
950
984
947
843
684
481
255
29
0
0
0
0
0
0
0
0
0
0
0
83
282
502
704
858
953
980
943
833
674
472
246
25
0
0
0
0
0
0
0
0
0
0
0
80
275
488
672
818
907
932
891
784
626
427
214
15
0
0
0
0
0
0
0
0
0
0
0
77
269
487
682
832
923
953
917
809
649
447
229
20
0
0
0
0
0
0
0
0
0
0
0
53
181
329
482
660
813
812
743
724
595
408
203
16
0
0
0
0
0
0
0
0
0
0
0
71
257
464
650
792
870
896
863
764
616
426
214
17
0
0
0
0
0
0
0
0
0
0
0
76
275
497
688
835
923
948
907
801
640
438
218
15
0
0
0
0
0
0
0
0
0
0
0
63
225
387
557
675
762
810
796
731
574
392
197
18
0
0
0
0
0
0
0
0
0
0
0
35
267
486
682
829
917
943
902
792
627
425
208
13
0
0
0
0
0
0
0
0
0
0
0
18
200
395
562
584
728
815
694
627
460
288
154
11
0
0
0
0
0
0
0
0
0
0
0
33
263
484
683
829
918
940
895
790
626
419
199
10
0
0
0
0
0
0
0
0
0
0
0
28
237
442
625
762
851
876
836
737
586
390
184
9
0
0
0
0
0
0
0
0
0
0
0
31
256
471
662
807
894
915
874
764
603
399
186
8
0
0
0
0
0
0
0
0
0
0
0
27
232
433
615
755
836
865
833
730
576
388
180
8
0
0
0
0
0
0
0
0
0
0
0
27
247
456
641
778
860
883
838
729
569
373
166
4
0
0
0
0
0
0
0
0
0
0
0
26
223
422
581
734
824
835
769
656
505
342
157
5
0
0
0
0
0
0
0
0
0
0
0
5
20
38
53
205
659
678
614
340
444
433
190
16
0
0
0
0
0
0
0
0
0
0
0
25
242
453
637
781
866
887
845
741
582
383
172
6
0
0
0
0
0
0
0
0
0
0
0
25
251
468
663
807
892
914
869
759
596
388
169
4
0
0
0
0
0
0
0
0
0
0
0
24
249
467
660
807
894
914
871
760
593
384
165
4
0
0
0
0
0
0
0
0
0
0
0
27
115
373
396
475
709
585
429
457
366
224
136
4
0
0
0
0
0
0
0
0
0
0
0
10
161
321
477
561
589
682
696
650
504
282
139
3
0
0
0
0
0
0
0
0
0
0
0
19
216
413
585
712
789
806
754
656
506
318
128
1
0
0
0
0
0
0
0
0
0
0
0
17
205
368
526
638
644
732
696
579
415
232
100
2
0
0
0
0
0
0
0
0
0
0
0
18
224
423
607
738
801
817
752
649
498
316
125
1
0
0
0
0
0
0
0
0
0
0
0
12
167
330
464
553
615
628
605
516
397
251
94
1
0
0
0
0
0
0
0
0
0
0
0
9
146
280
405
466
499
519
491
428
294
188
70
1
0
0
0
0
0
0
0
0
0
0
0
15
213
409
584
709
777
798
755
660
506
313
119
1
0
0
0
0
0
0
0
0
0
0
0
14
198
381
546
668
739
748
701
603
461
286
104
0
0
0
0
0
0
0
0
0
0
0
0
14
192
373
536
659
721
732
685
589
450
275
99
0
0
0
0
0
0
0
0
0
0
0
0
13
147
296
554
643
723
704
615
587
404
230
76
0
0
0
0
0
0
0
0
0
0
0
0
11
141
286
472
590
706
684
671
575
401
249
77
0
0
0
0
0
0
0
0
0
0
0
0
13
205
409
596
730
802
815
763
654
491
291
97
0
0
0
0
0
0
0
0
0
0
0
0
13
212
430
621
765
844
859
806
688
517
308
100
0
0
0
0
0
0
0
0
0
0
0
0
12
209
422
610
751
835
848
791
676
507
300
95
0
0
0
0
0
0
0
0
0
0
0
0
9
143
280
497
500
485
596
578
497
419
289
98
0
0
0
0
0
0
0
0
0
0
0
0
11
205
418
606
747
828
837
779
662
492
284
86
0
0
0
0
0
0
0
0
0
0
0
0
10
182
373
535
654
731
742
701
593
446
261
78
0
0
0
0
0
0
0
0
0
0
0
0
9
190
393
568
694
768
776
727
613
453
254
71
0
0
0
0
0
0
0
0
0
0
0
0
9
190
396
579
716
795
805
747
627
462
262
35
0
0
0
0
0
0
0
0
0
0
0
0
8
176
372
548
682
754
774
720
606
440
246
31
0
0
0
0
0
0
0
0
0
0
0
0
8
183
388
570
706
787
791
737
621
455
260
34
0
0
0
0
0
0
0
0
0
0
0
0
6
155
339
494
624
666
675
640
526
376
211
22
0
0
0
0
0
0
0
0
0
0
0
0
7
183
384
566
699
774
783
732
613
450
249
28
0
0
0
0
0
0
0
0
0
0
0
0
7
178
382
564
693
781
798
739
626
456
254
30
0
0
0
0
0
0
0
0
0
0
0
0
6
169
362
546
680
760
764
715
599
434
236
25
0
0
0
0
0
0
0
0
0
0
0
0
6
186
403
599
744
821
828
767
639
459
246
22
0
0
0
0
0
0
0
0
0
0
0
0
5
138
322
489
592
674
663
633
488
368
204
20
0
0
0
0
0
0
0
0
0
0
0
0
2
119
239
437
577
625
536
524
441
301
115
4
0
0
0
0
0
0
0
0
0
0
0
0
4
147
324
487
601
673
684
645
530
372
189
15
0
0
0
0
0
0
0
0
0
0
0
0
4
153
344
507
618
675
706
647
531
378
193
12
0
0
0
0
0
0
0
0
0
0
0
0
1
72
180
278
342
342
318
305
254
171
90
7
0
0
0
0
0
0
0
0
0
0
0
0
1
13
53
239
328
361
446
514
522
337
237
39
0
0
0
0
0
0
0
0
0
0
0
0
3
147
396
613
645
444
168
146
52
37
18
3
0
0
0
0
0
0
0
0
0
0
0
0
1
87
181
318
408
450
409
440
385
265
113
3
0
0
0
0
0
0
0
0
0
0
0
0
3
114
261
393
455
473
507
476
362
252
119
2
0
0
0
0
0
0
0
0
0
0
0
0
2
143
335
516
645
718
726
668
546
374
180
7
0
0
0
0
0
0
0
0
0
0
0
0
2
136
326
499
638
715
729
666
547
379
182
9
0
0
0
0
0
0
0
0
0
0
0
0
2
135
326
504
637
709
713
654
540
372
180
7
0
0
0
0
0
0
0
0
0
0
0
0
2
143
347
533
670
745
752
689
562
385
183
6
0
0
0
0
0
0
0
0
0
0
0
0
2
134
325
499
628
696
707
644
522
357
165
5
0
0
0
0
0
0
0
0
0
0
0
0
1
106
261
405
499
544
558
508
391
265
120
2
0
0
0
0
0
0
0
0
0
0
0
0
1
126
314
481
607
686
680
619
504
338
154
4
0
0
0
0
0
0
0
0
0
0
0
0
1
122
311
492
623
697
704
645
527
359
164
6
0
0
0
0
0
0
0
0
0
0
0
0
1
110
285
452
582
647
645
589
489
331
148
4
0
0
0
0
0
0
0
0
0
0
0
0
1
101
280
440
557
607
613
553
443
316
139
3
0
0
0
0
0
0
0
0
0
0
0
0
1
105
279
434
546
607
631
587
480
320
144
4
0
0
0
0
0
0
0
0
0
0
0
0
1
115
307
488
624
701
712
652
530
358
159
4
0
0
0
0
0
0
0
0
0
0
0
0
1
119
319
507
641
716
719
654
527
349
150
2
0
0
0
0
0
0
0
0
0
0
0
0
0
110
298
473
607
675
685
622
507
339
148
3
0
0
0
0
0
0
0
0
0
0
0
0
0
111
307
493
631
708
713
655
534
357
155
3
0
0
0
0
0
0
0
0
0
0
0
0
0
98
273
436
557
624
630
576
465
308
131
2
0
0
0
0
0
0
0
0
0
0
0
0
0
110
310
497
634
709
718
656
530
351
148
2
0
0
0
0
0
0
0
0
0
0
0
0
0
101
293
470
603
675
683
619
496
320
132
1
0
0
0
0
0
0
0
0
0
0
0
0
0
77
229
388
499
555
562
507
399
258
102
1
0
0
0
0
0
0
0
0
0
0
0
0
0
98
291
476
615
697
707
647
520
343
141
2
0
0
0
0
0
0
0
0
0
0
0
0
0
90
272
445
574
649
660
600
482
314
128
1
0
0
0
0
0
0
0
0
0
0
0
0
0
66
192
304
381
448
457
421
349
226
88
1
0
0
0
0
0
0
0
0
0
0
0
0
0
82
254
421
534
613
605
548
436
285
110
1
0
0
0
0
0
0
0
0
0
0
0
0
0
55
173
297
363
431
420
391
295
174
60
1
0
0
0
0
0
0
0
0
0
0
0
0
0
13
43
80
100
91
91
526
413
266
101
1
0
0
0
0
0
0
0
0
0
0
0
0
0
82
229
464
467
299
318
307
243
182
74
0
0
0
0
0
0
0
0
0
0
0
0
0
0
64
211
362
459
507
533
502
402
264
97
0
0
0
0
0
0
0
0
0
0
0
0
0
0
37
257
435
570
648
655
596
475
304
115
0
0
0
0
0
0
0
0
0
0
0
0
0
0
33
234
395
520
594
598
543
432
276
104
0
0
0
0
0
0
0
0
0
0
0
0
0
0
32
242
413
547
618
625
572
454
293
110
0
0
0
0
0
0
0
0
0
0
0
0
0
0
28
215
375
492
556
571
518
410
258
95
0
0
0
0
0
0
0
0
0
0
0
0
0
0
24
200
363
471
535
569
521
413
263
102
0
0
0
0
0
0
0
0
0
0
0
0
0
0
45
33
90
421
470
335
276
237
240
47
0
0
0
0
0
0
0
0
0
0
0
0
0
0
24
191
333
468
557
537
484
406
258
93
0
0
0
0
0
0
0
0
0
0
0
0
0
0
25
234
411
546
622
632
576
458
292
107
0
0
0
0
0
0
0
0
0
0
0
0
0
0
14
90
102
45
212
297
341
425
334
89
1
0
0
0
0
0
0
0
0
0
0
0
0
0
5
20
148
257
711
724
207
174
26
9
0
0
0
0
0
0
0
0
0
0
0
0
0
0
22
205
351
450
515
531
497
411
263
100
0
0
0
0
0
0
0
0
0
0
0
0
0
0
5
85
251
314
491
495
418
282
271
94
1
0
0
0
0
0
0
0
0
0
0
0
0
0
29
184
188
239
392
326
294
312
316
114
1
0
0
0
0
0
0
0
0
0
0
0
0
0
9
102
177
205
238
233
327
371
278
112
1
0
0
0
0
0
0
0
0
0
0
0
0
0
17
208
385
521
600
613
567
457
294
107
0
0
0
0
0
0
0
0
0
0
0
0
0
0
15
200
373
505
583
596
541
430
271
97
0
0
0
0
0
0
0
0
0
0
0
0
0
0
16
210
387
526
608
623
570
452
287
103
0
0
0
0
0
0
0
0
0
0
0
0
0
0
6
88
170
290
343
457
405
270
113
8
1
0
0
0
0
0
0
0
0
0
0
0
0
0
9
166
287
392
502
522
454
343
216
71
0
0
0
0
0
0
0
0
0
0
0
0
0
0
5
108
333
303
328
445
479
332
160
68
1
0
0
0
0
0
0
0
0
0
0
0
0
0
11
176
325
452
522
524
491
409
258
97
0
0
0
0
0
0
0
0
0
0
0
0
0
0
9
152
286
435
496
524
470
383
238
87
0
0
0
0
0
0
0
0
0
0
0
0
0
0
3
99
174
217
314
348
231
208
138
46
0
0
0
0
0
0
0
0
0
0
0
0
0
0
4
18
62
201
252
366
299
228
300
88
1
0
0
0
0
0
0
0
0
0
0
0
0
0
2
68
145
213
237
238
237
189
117
44
0
0
0
0
0
0
0
0
0
0
0
0
0
0
2
16
31
43
51
52
417
336
214
75
0
0
0
0
0
0
0
0
0
0
0
0
0
0
5
74
154
162
204
299
429
240
306
110
1
0
0
0
0
0
0
0
0
0
0
0
0
0
6
152
336
433
482
494
466
369
238
85
0
0
0
0
0
0
0
0
0
0
0
0
0
0
7
164
332
464
544
564
518
413
254
89
0
0
0
0
0
0
0
0
0
0
0
0
0
0
6
156
308
434
514
529
488
385
246
91
0
0
0
0
0
0
0
0
0
0
0
0
0
0
6
162
329
463
544
563
519
412
263
97
0
0
0
0
0
0
0
0
0
0
0
0
0
0
5
152
314
440
510
530
475
380
235
87
0
0
0
0
0
0
0
0
0
0
0
0
0
0
5
151
311
439
517
537
496
398
255
95
0
0
0
0
0
0
0
0
0
0
0
0
0
0
5
142
297
426
515
528
481
398
255
102
1
0
0
0
0
0
0
0
0
0
0
0
0
0
5
150
311
441
519
539
498
405
265
99
0
0
0
0
0
0
0
0
0
0
0
0
0
0
5
150
310
450
532
563
516
422
274
104
0
0
0
0
0
0
0
0
0
0
0
0
0
0
5
150
312
443
524
543
504
407
265
101
0
0
0
0
0
0
0
0
0
0
0
0
0
0
4
142
295
428
514
535
496
399
259
100
0
0
0
0
0
0
0
0
0
0
0
0
0
0
3
132
288
420
488
528
485
382
248
87
0
0
0
0
0
0
0
0
0
0
0
0
0
0
3
126
267
377
445
463
437
355
233
90
0
0
0
0
0
0
0
0
0
0
0
0
0
0
4
138
294
420
501
520
484
393
257
100
0
0
0
0
0
0
0
0
0
0
0
0
0
0
4
148
317
460
543
559
521
423
278
110
1
0
0
0
0
0
0
0
0
0
0
0
0
0
4
129
281
407
478
501
469
385
241
90
0
0
0
0
0
0
0
0
0
0
0
0
0
0
5
113
241
312
395
496
450
372
221
107
2
0
0
0
0
0
0
0
0
0
0
0
0
0
2
106
255
393
450
525
463
333
221
97
2
0
0
0
0
0
0