0
0
0
0
0
0
0
1
98
240
366
465
487
469
387
267
113
2
0
0
0
0
0
0
0
0
0
0
0
0
0
1
97
218
329
417
445
433
345
245
104
1
0
0
0
0
0
0
0
0
0
0
0
0
0
2
123
292
436
522
558
527
443
300
131
2
0
0
0
0
0
0
0
0
0
0
0
0
0
2
114
257
395
488
522
493
418
284
128
2
0
0
0
0
0
0
0
0
0
0
0
0
0
1
133
266
338
288
306
318
260
272
135
7
0
0
0
0
0
0
0
0
0
0
0
0
0
1
107
245
364
477
481
461
392
276
141
4
0
0
0
0
0
0
0
0
0
0
0
0
0
1
63
164
256
321
350
330
260
195
87
1
0
0
0
0
0
0
0
0
0
0
0
0
0
1
90
222
364
418
433
430
349
226
99
1
0
0
0
0
0
0
0
0
0
0
0
0
0
1
102
252
368
421
471
438
404
258
106
1
0
0
0
0
0
0
0
0
0
0
0
0
0
1
93
234
377
463
479
475
380
226
104
4
0
0
0
0
0
0
0
0
0
0
0
0
0
1
101
249
375
455
483
462
372
252
130
3
0
0
0
0
0
0
0
0
0
0
0
0
0
2
124
298
384
413
396
436
408
303
121
3
0
0
0
0
0
0
0
0
0
0
0
0
0
2
126
305
456
545
577
543
452
312
147
4
0
0
0
0
0
0
0
0
0
0
0
0
0
1
56
156
246
291
284
265
232
158
81
2
0
0
0
0
0
0
0
0
0
0
0
0
0
1
62
143
224
277
281
243
219
163
88
6
0
0
0
0
0
0
0
0
0
0
0
0
0
2
118
248
401
514
569
487
403
279
121
3
0
0
0
0
0
0
0
0
0
0
0
0
0
2
113
275
414
473
505
471
375
263
128
2
0
0
0
0
0
0
0
0
0
0
0
0
0
2
102
239
309
424
448
462
381
315
159
2
0
0
0
0
0
0
0
0
0
0
0
0
0
4
91
231
334
379
555
483
414
286
163
6
0
0
0
0
0
0
0
0
0
0
0
0
0
2
119
293
434
540
553
494
436
313
154
8
0
0
0
0
0
0
0
0
0
0
0
0
0
2
100
246
352
436
427
395
346
266
121
2
0
0
0
0
0
0
0
0
0
0
0
0
0
2
134
312
470
576
618
590
497
354
183
11
0
0
0
0
0
0
0
0
0
0
0
0
0
3
142
316
469
573
611
587
501
365
192
12
0
0
0
0
0
0
0
0
0
0
0
0
0
3
139
314
466
564
602
591
509
373
197
13
0
0
0
0
0
0
0
0
0
0
0
0
0
3
122
308
384
488
539
408
395
306
151
8
0
0
0
0
0
0
0
0
0
0
0
0
0
3
131
307
456
563
603
571
478
364
195
15
0
0
0
0
0
0
0
0
0
0
0
0
0
3
122
298
455
535
534
535
458
348
190
15
0
0
0
0
0
0
0
0
0
0
0
0
0
3
130
307
458
568
598
560
471
342
185
18
0
0
0
0
0
0
0
0
0
0
0
0
0
3
144
315
465
561
608
593
497
353
192
18
0
0
0
0
0
0
0
0
0
0
0
0
0
4
149
333
494
602
650
633
539
392
213
21
0
0
0
0
0
0
0
0
0
0
0
0
0
18
156
253
362
431
330
307
127
76
63
4
0
0
0
0
0
0
0
0
0
0
0
0
0
5
145
317
477
568
589
560
488
331
188
15
0
0
0
0
0
0
0
0
0
0
0
0
0
3
121
264
380
459
512
489
425
289
150
5
0
0
0
0
0
0
0
0
0
0
0
0
0
6
152
332
495
598
640
608
524
387
216
24
0
0
0
0
0
0
0
0
0
0
0
0
0
2
78
173
287
352
329
334
286
194
107
5
0
0
0
0
0
0
0
0
0
0
0
0
0
2
20
38
46
61
61
499
434
323
177
19
0
0
0
0
0
0
0
0
0
0
0
0
0
14
131
278
245
334
330
415
378
131
91
5
0
0
0
0
0
0
0
0
0
0
0
0
0
22
173
304
565
583
239
130
131
199
141
6
0
0
0
0
0
0
0
0
0
0
0
0
0
6
145
309
471
572
641
624
529
402
225
33
0
0
0
0
0
0
0
0
0
0
0
0
0
8
165
358
518
613
641
596
514
390
227
65
0
0
0
0
0
0
0
0
0
0
0
0
0
8
176
365
531
639
685
665
575
432
248
73
0
0
0
0
0
0
0
0
0
0
0
0
0
9
161
347
508
601
647
614
542
398
234
69
0
0
0
0
0
0
0
0
0
0
0
0
0
12
172
348
465
556
589
591
494
384
232
77
0
0
0
0
0
0
0
0
0
0
0
0
0
5
49
310
584
645
755
431
190
69
21
7
0
0
0
0
0
0
0
0
0
0
0
0
0
12
197
391
559
676
725
715
625
482
292
94
0
0
0
0
0
0
0
0
0
0
0
0
0
12
192
372
524
635
679
666
579
443
274
91
0
0
0
0
0
0
0
0
0
0
0
0
0
16
163
339
448
634
597
498
429
353
216
90
0
0
0
0
0
0
0
0
0
0
0
0
0
15
206
382
545
654
705
674
578
440
268
89
0
0
0
0
0
0
0
0
0
0
0
0
0
3
148
326
395
505
620
631
491
354
202
64
0
0
0
0
0
0
0
0
0
0
0
0
0
6
180
331
414
504
596
600
513
413
269
115
1
0
0
0
0
0
0
0
0
0
0
0
0
17
206
389
542
645
689
670
589
454
280
99
0
0
0
0
0
0
0
0
0
0
0
0
0
4
94
242
469
512
528
483
429
283
254
113
2
0
0
0
0
0
0
0
0
0
0
0
0
6
66
33
442
535
361
378
389
120
29
47
2
0
0
0
0
0
0
0
0
0
0
0
0
18
191
358
494
582
622
591
521
396
248
91
0
0
0
0
0
0
0
0
0
0
0
0
0
24
185
351
517
640
649
600
538
464
283
117
1
0
0
0
0
0
0
0
0
0
0
0
0
20
203
356
506
577
659
643
585
411
267
94
0
0
0
0
0
0
0
0
0
0
0
0
0
22
171
316
431
509
556
514
440
339
230
84
1
0
0
0
0
0
0
0
0
0
0
0
0
27
236
436
596
721
767
741
657
514
324
124
1
0
0
0
0
0
0
0
0
0
0
0
0
30
246
445
607
724
776
764
681
527
331
129
2
0
0
0
0
0
0
0
0
0
0
0
0
32
252
453
617
726
777
750
661
517
327
127
1
0
0
0
0
0
0
0
0
0
0
0
0
34
249
440
597
722
764
729
637
493
309
119
1
0
0
0
0
0
0
0
0
0
0
0
0
67
238
425
584
694
753
733
652
514
335
138
3
0
0
0
0
0
0
0
0
0
0
0
0
76
258
450
602
709
749
724
638
492
310
123
1
0
0
0
0
0
0
0
0
0
0
0
0
57
194
335
446
534
584
560
500
398
255
106
1
0
0
0
0
0
0
0
0
0
0
0
0
83
272
475
641
756
804
785
696
552
357
148
3
0
0
0
0
0
0
0
0
0
0
0
0
85
271
465
627
742
794
776
684
540
349
146
3
0
0
0
0
0
0
0
0
0
0
0
0
82
255
424
577
675
727
721
638
506
332
140
3
0
0
0
0
0
0
0
0
0
0
0
0
22
25
207
397
480
526
603
535
409
264
115
11
0
0
0
0
0
0
0
0
0
0
0
0
93
268
390
512
547
641
690
579
414
293
139
4
0
0
0
0
0
0
0
0
0
0
0
0
100
291
480
638
739
779
748
672
538
354
153
4
0
0
0
0
0
0
0
0
0
0
0
0
105
296
483
625
724
757
742
664
518
340
147
3
0
0
0
0
0
0
0
0
0
0
0
0
115
321
524
682
788
830
804
717
569
382
169
5
0
0
0
0
0
0
0
0
0
0
0
0
74
229
383
492
570
582
579
517
407
256
111
2
0
0
0
0
0
0
0
0
0
0
0
0
102
279
486
620
652
685
687
639
504
319
148
5
0
0
0
0
0
0
0
0
0
0
0
1
99
267
424
633
687
749
701
605
454
302
136
3
0
0
0
0
0
0
0
0
0
0
0
1
128
338
544
705
811
852
824
733
584
387
175
6
0
0
0
0
0
0
0
0
0
0
0
1
122
311
511
678
773
813
760
681
529
345
156
5
0
0
0
0
0
0
0
0
0
0
0
2
134
340
530
685
771
802
775
687
537
363
168
5
0
0
0
0
0
0
0
0
0
0
0
2
139
345
544
703
803
845
820
731
581
389
179
7
0
0
0
0
0
0
0
0
0
0
0
2
152
372
584
750
853
895
863
762
603
399
183
6
0
0
0
0
0
0
0
0
0
0
0
2
138
338
536
689
796
827
802
708
562
378
176
8
0
0
0
0
0
0
0
0
0
0
0
6
155
293
473
499
437
557
673
584
454
344
197
20
0
0
0
0
0
0
0
0
0
0
0
3
108
243
391
525
613
643
573
490
377
242
113
2
0
0
0
0
0
0
0
0
0
0
0
2
88
220
378
490
522
604
562
462
345
239
114
3
0
0
0
0
0
0
0
0
0
0
0
4
115
275
401
522
584
608
553
495
404
273
127
3
0
0
0
0
0
0
0
0
0
0
0
2
82
190
262
329
389
360
373
323
240
162
79
3
0
0
0
0
0
0
0
0
0
0
0
5
156
351
546
686
763
803
777
684
561
384
181
9
0
0
0
0
0
0
0
0
0
0
0
6
155
341
535
677
765
791
755
675
545
364
174
10
0
0
0
0
0
0
0
0
0
0
0
8
185
399
599
758
865
896
866
774
617
421
207
13
0
0
0
0
0
0
0
0
0
0
0
8
180
384
577
730
826
864
844
756
613
421
207
14
0
0
0
0
0
0
0
0
0
0
0
10
196
409
599
749
854
890
857
767
614
415
206
12
0
0
0
0
0
0
0
0
0
0
0
11
175
363
535
680
786
812
782
701
549
384
192
17
0
0
0
0
0
0
0
0
0
0
0
13
222
450
661
826
931
971
933
828
665
458
230
15
0
0
0
0
0
0
0
0
0
0
0
15
229
458
668
833
933
966
936
837
674
467
239
17
0
0
0
0
0
0
0
0
0
0
0
13
196
403
600
752
837
837
815
730
584
403
208
17
0
0
0
0
0
0
0
0
0
0
0
3
67
144
222
283
324
330
343
306
247
173
84
7
0
0
0
0
0
0
0
0
0
0
0
14
192
382
545
667
807
846
825
748
608
428
224
26
0
0
0
0
0
0
0
0
0
0
0
19
236
465
673
829
931
966
927
823
663
457
231
18
0
0
0
0
0
0
0
0
0
0
0
20
214
422
613
759
842
879
856
769
617
430
228
21
0
0
0
0
0
0
0
0
0
0
0
23
240
461
664
825
924
963
930
834
678
472
246
25
0
0
0
0
0
0
0
0
0
0
0
25
248
471
667
826
925
957
920
821
659
456
238
21
0
0
0
0
0
0
0
0
0
0
0
28
259
488
692
843
938
970
931
832
671
470
246
22
0
0
0
0
0
0
0
0
0
0
0
27
223
418
599
727
782
805
797
720
588
412
226
23
0
0
0
0
0
0
0
0
0
0
0
29
242
453
644
802
902
926
888
798
649
460
243
27
0
0
0
0
0
0
0
0
0
0
0
29
231
438
631
754
835
862
834
736
618
428
227
25
0
0
0
0
0
0
0
0
0
0
0
35
264
489
687
837
936
968
930
829
673
471
248
27
0
0
0
0
0
0
0
0
0
0
0
74
271
492
693
845
938
970
933
835
678
476
254
28
0
0
0
0
0
0
0
0
0
0
0
87
180
42
446
948
1017
760
593
299
248
271
153
6
0
0
0
0
0
0
0
0
0
0
0
55
130
359
494
603
760
683
769
571
558
328
183
12
0
0
0
0
0
0
0
0
0
0
0
55
214
391
495
664
822
848
774
702
512
350
198
19
0
0
0
0
0
0
0
0
0
0
0
7
90
226
292
427
559
589
616
503
454
310
179
28
0
0
0
0
0
0
0
0
0
0
0
83
270
478
659
806
889
923
882
773
634
446
240
28
0
0
0
0
0
0
0
0
0
0
0
85
269
475
665
805
898
928
886
779
629
443
242
34
0
0
0
0
0
0
0
0
0
0
0
85
270
476
653
796
875
909
875
777
622
437
238
64
0
0
0
0
0
0
0
0
0
0
0
111
339
557
761
872
341
376
410
349
299
251
133
36
0
0
0
0
0
0
0
0
0
0
0
97
292
503
690
841
928
960
936
842
691
490
272
79
0
0
0
0
0
0
0
0
0
0
0
97
290
500
685
829
911
933
900
796
650
461
255
73
0
0
0
0
0
0
0
0
0
0
0
100
293
499
672
811
899
930
895
800
653
462
257
75
0
0
0
0
0
0
0
0
0
0
1
61
119
120
224
270
369
426
579
566
491
358
200
81
0
0
0
0
0
0
0
0
0
0
1
90
278
432
346
452
645
898
729
665
436
452
300
93
0
0
0
0
0
0
0
0
0
0
1
120
309
569
750
932
514
578
553
386
341
338
163
35
0
0
0
0
0
0
0
0
0
0
1
108
271
430
550
619
800
818
798
754
610
472
266
75
0
0
0
0
0
0
0
0
0
0
1
109
295
476
643
778
849
857
780
706
579
409
225
68
0
0
0
0
0
0
0
0
0
0
1
116
312
513
691
831
908
930
896
798
658
478
272
87
0
0
0
0
0
0
0
0
0
0
2
65
178
381
615
701
798
757
719
578
528
420
210
72
0
0
0
0
0
0
0
0
0
0
2
102
273
436
629
742
796
840
780
712
582
424
257
89
0
0
0
0
0
0
0
0
0
0
1
77
217
374
498
609
677
682
663
577
479
367
211
65
0
0
0
0
0
0
0
0
0
0
3
135
297
429
382
572
773
811
893
661
493
329
225
66
0
0
0
0
0
0
0
0
0
0
1
65
184
335
431
468
552
526
558
549
457
351
279
105
2
0
0
0
0
0
0
0
0
0
3
125
341
433
484
592
774
663
683
541
437
318
136
24
0
0
0
0
0
0
0
0
0
0
2
110
275
451
606
722
801
821
786
709
584
419
240
82
0
0
0
0
0
0
0
0
0
0
3
135
337
547
729
868
953
977
941
846
693
500
293
102
0
0
0
0
0
0
0
0
0
0
3
135
336
543
732
868
953
983
942
846
696
505
296
104
1
0
0
0
0
0
0
0
0
0
3
139
341
552
735
878
961
984
952
859
705
516
304
108
1
0
0
0
0
0
0
0
0
0
3
121
305
486
657
798
879
917
892
791
630
451
260
92
1
0
0
0
0
0
0
0
0
0
4
135
326
523
699
832
911
933
895
807
668
481
280
100
1
0
0
0
0
0
0
0
0
0
4
133
320
513
689
801
884
899
878
787
645
460
267
96
1
0
0
0
0
0
0
0
0
0
4
145
339
535
716
846
925
951
908
809
663
485
285
103
1
0
0
0
0
0
0
0
0
0
4
147
350
556
739
873
954
978
942
837
689
504
296
108
1
0
0
0
0
0
0
0
0
0
5
151
349
552
731
863
947
966
932
837
685
508
304
113
1
0
0
0
0
0
0
0
0
0
5
145
343
547
725
860
938
967
933
848
703
519
314
120
2
0
0
0
0
0
0
0
0
0
5
151
354
560
743
884
966
992
955
858
708
517
309
117
2
0
0
0
0
0
0
0
0
0
5
142
330
529
698
833
911
934
908
824
691
508
312
120
2
0
0
0
0
0
0
0
0
0
6
153
345
544
714
840
928
953
925
833
699
518
321
125
2
0
0
0
0
0
0
0
0
0
5
139
317
504
647
772
829
847
811
727
608
450
272
103
1
0
0
0
0
0
0
0
0
0
6
142
328
518
675
793
850
886
862
756
654
472
282
111
1
0
0
0
0
0
0
0
0
0
5
136
310
483
644
756
832
858
856
788
663
524
329
133
3
0
0
0
0
0
0
0
0
0
7
152
344
536
706
835
916
940
902
806
655
494
297
119
2
0
0
0
0
0
0
0
0
0
7
151
348
542
705
829
909
926
889
813
687
512
314
127
3
0
0
0
0
0
0
0
0
0
7
158
354
557
737
871
951
975
938
848
704
520
316
126
2
0
0
0
0
0
0
0
0
0
7
149
340
524
698
817
898
910
875
783
657
485
298
120
3
0
0
0
0
0
0
0
0
0
7
154
348
543
713
850
921
948
920
826
687
507
314
125
3
0
0
0
0
0
0
0
0
0
8
163
361
569
743
883
965
985
940
849
703
518
314
124
2
0
0
0
0
0
0
0
0
0
8
165
369
576
756
896
971
990
955
860
711
525
321
130
2
0
0
0
0
0
0
0
0
0
8
167
372
579
765
902
989
1020
986
896
747
561
350
147
5
0
0
0
0
0
0
0
0
0
8
159
354
555
730
868
952
981
951
867
717
533
330
137
4
0
0
0
0
0
0
0
0
0
8
157
354
551
723
857
924
952
919
829
698
519
320
134
4
0
0
0
0
0
0
0
0
0
7
147
325
520
686
818
900
925
895
815
686
519
326
141
7
0
0
0
0
0
0
0
0
0
8
161
359
558
728
865
948
973
940
861
722
545
346
148
5
0
0
0
0
0
0
0
0
0
8
157
346
543
709
842
921
946
917
828
695
520
327
138
5
0
0
0
0
0
0
0
0
0
8
158
348
542
714
848
938
974
945
861
734
556
353
155
7
0
0
0
0
0
0
0
0
0
8
155
342
540
710
843
917
950
926
830
699
526
334
143
6
0
0
0
0
0
0
0
0
0
8
158
350
550
728
864
935
959
933
848
707
531
332
146
6
0
0
0
0
0
0
0
0
0
9
164
363
559
737
873
959
987
955
862
721
540
338
145
5
0
0
0
0
0
0
0
0
0
8
153
339
529
702
833
914
939
913
827
704
538
346
150
7
0
0
0
0
0
0
0
0
0
8
153
340
533
716
845
926
946
909
838
705
541
342
152
8
0
0
0
0
0
0
0
0
0
8
150
327
503
679
792
860
896
877
800
684
517
330
144
7
0
0
0
0
0
0
0
0
0
8
154
336
530
694
820
913
942
915
835
696
518
331
145
7
0
0
0
0
0
0
0
0
0
7
150
338
525
692
825
909
934
919
813
685
525
327
142
5
0
0
0
0
0
0
0
0
0
8
145
329
521
696
834
915
954
920
838
701
536
345
156
10
0
0
0
0
0
0
0
0
0
7
147
329
519
687
819
874
903
853
779
631
472
286
125
4
0
0
0
0
0
0
0
0
0
6
118
294
463
648
741
739
797
720
652
514
364
209
97
2
0
0
0
0
0
0
0
0
0
6
140
313
484
636
776
850
880
877
789
635
459
292
142
7
0
0
0
0
0
0
0
0
0
2
91
166
369
334
522
696
764
843
837
599
522
365
160
18
0
0
0
0
0
0
0
0
0
7
146
330
522
694
819
909
951
921
838
712
540
342
154
9
0
0
0
0
0
0
0
0
0
8
156
352
559
735
871
955
983
942
856
715
536
338
148
6
0
0
0
0
0
0
0
0
0
7
144
328
524
697
821
912
952
925
847
715
544
346
158
9
0
0
0
0
0
0
0
0
0
7
138
319
516
672
789
855
879
859
785
668
526
337
149
8
0
0
0
0
0
0
0
0
0
8
132
285
501
668
782
826
821
776
714
606
473
312
138
6
0
0
0
0
0
0
0
0
0
2
12
146
134
267
429
768
666
604
722
769
407
299
127
8
0
0
0
0
0
0
0
0
0
2
118
220
327
410
557
564
781
775
806
647
575
374
166
22
0
0
0
0
0
0
0
0
0
6
149
343
546
724
871
954
993
964
877
747
569
361
161
9
0
0
0
0
0
0
0
0
0
5
139
323
527
696
833
921
952
923
839
711
539
346
156
8
0
0
0
0
0
0
0
0
0
5
125
285
448
600
712
785
803
781
687
560
418
260
104
2
0
0
0
0
0
0
0
0
0
7
151
341
561
760
874
641
629
604
475
395
323
176
85
2
0
0
0
0
0
0
0
0
0
4
123
296
466
643
767
866
898
885
818
697
512
338
155
9
0
0
0
0
0
0
0
0
0
6
153
356
567
754
898
987
1025
996
907
763
582
371
166
8
0
0
0
0
0
0
0
0
0
5
149
348
554
736
877
962
982
950
869
730
553
352
155
6
0
0
0
0
0
0
0
0
0
5
151
353
563
750
891
987
1018
984
897
762
580
375
169
8
0
0
0
0
0
0
0
0
0
5
141
332
535
719
857
950
977
948
855
708
530
330
142
4
0
0
0
0
0
0
0
0
0
4
139
331
532
713
857
950
984
956
875
738
561
353
156
7
0
0
0
0
0
0
0
0
0
4
128
309
498
660
786
884
917
898
817
694
526
330
146
6
0
0
0
0
0
0
0
0
0
4
130
313
500
657
802
908
930
891
814
679
504
320
135
4
0
0
0
0
0
0
0
0
0
4
133
322
525
705
847
943
973
950
872
736
556
356
158
8
0
0
0
0
0
0
0
0
0
3
121
294
478
672
791
860
888
904
833
701
541
343
146
7
0
0
0
0
0
0
0
0
0
3
124
307
509
683
815
910
931
901
817
677
500
306
125
2
0
0
0
0
0
0
0
0
0
3
118
296
479
648
781
871
912
875
786
666
504
325
137
5
0
0
0
0
0
0
0
0
0
3
120
303
507
693
837
922
949
929
847
714
535
334
146
6
0
0
0
0
0
0
0
0
0
3
121
309
509
692
835
919
938
915
817
679
507
307
129
3
0
0
0
0
0
0
0
0
0
2
110
271
451
625
768
857
873
856
781
643
474
299
124
2
0
0
0
0
0
0
0
0
0
2
112
288
470
647
800
886
923
900
826
699
527
335
148
7
0
0
0
0
0
0
0
0
0
2
114
293
487
656
796
883
921
901
830
695
529
337
145
5
0
0
0
0
0
0
0
0
0
2
119
299
499
678
803
879
903
887
814
679
508
321
135
4
0
0
0
0
0
0
0
0
0
2
122
315
525
712
856
951
989
970
885
745
560
354
152
6
0
0
0
0
0
0
0
0
0
1
107
282
476
642
762
851
882
865
784
653
485
299
126
3
0
0
0
0
0
0
0
0
0
1
108
289
488
667
797
884
924
894
805
680
510
318
132
4
0
0
0
0
0
0
0
0
0
1
102
280
493
651
793
855
889
869
814
673
503
313
125
2
0
0
0
0
0
0
0
0
0
1
105
287
490
667
807
905
931
897
808
667
492
299
122
2
0
0
0
0
0
0
0
0
0
1
104
285
483
655
784
883
904
862
763
619
462
278
109
1
0
0
0
0
0
0
0
0
0
1
105
286
484
666
809
917
956
929
843
703
526
323
128
3
0
0
0
0
0
0
0
0
0
2
87
227
409
632
714
785
870
843
672
580
420
228
94
1
0
0
0
0
0
0
0
0
0
1
104
288
484
660
797
884
915
885
800
659
485
294
113
1
0
0
0
0
0
0
0
0
0
1
94
275
460
635
768
854
886
843
770
653
476
289
113
2
0
0
0
0
0
0
0
0
0
1
100
285
489
656
806
892
928
903
820
686
497
293
109
1
0
0
0
0
0
0
0
0
0
1
96
278
479
661
802
901
935
902
809
681
506
307
120
2
0
0
0
0
0
0
0
0
0
1
92
269
464
639
770
862
903
888
808
677
507
313
121
2
0
0
0
0
0
0
0
0
0
0
81
239
411
568
687
759
778
750
672
553
405
236
87
1
0
0
0
0
0
0
0
0
0
0
90
267
464
641
770
848
881
851
771
643
470
278
99
1
0
0
0
0
0
0
0
0
0
0
88
257
460
623
763
859
906
873
794
660
489
290
108
1
0
0
0
0
0
0
0
0
0
0
92
277
484
666
810
900
929
897
806
667
487
287
103
1
0
0
0
0
0
0
0
0
0
0
85
258
451
631
781
876
913
893
811
678
501
306
112
2
0
0
0
0
0
0
0
0
0
0
90
276
483
673
819
912
941
911
818
677
490
288
102
0
0
0
0
0
0
0
0
0
0
0
84
261
462
644
787
882
919
884
794
650
471
274
96
0
0
0
0
0
0
0
0
0
0
0
77
241
428
595
727
807
837
810
729
602
436
250
86
0
0
0
0
0
0
0
0
0
0
0
81
257
450
633
772
878
891
843
759
634
460
264
91
0
0
0
0
0
0
0
0
0
0
0
75
242
432
605
740
828
859
832
747
615
443
254
85
0
0
0
0
0
0
0
0
0
0
0
73
238
432
610
759
847
879
863
800
657
477
277
93
1
0
0
0
0
0
0
0
0
0
0
76
251
459
643
799
892
937
907
814
673
487
282
94
0
0
0
0
0
0
0
0
0
0
0
75
251
458
640
794
879
914
895
809
669
483
276
91
0
0
0
0
0
0
0
0
0
0
0
73
249
447
629
769
863
889
860
775
627
449
255
81
0
0
0
0
0
0
0
0
0
0
0
77
260
466
661
810
901
933
907
817
671
484
271
84
0
0
0
0
0
0
0
0
0
0
0
67
233
421
598
744
841
881
859
781
647
463
265
84
0
0
0
0
0
0
0
0
0
0
0
68
238
431
601
748
829
873
853
760
627
456
258
79
0
0
0
0
0
0
0
0
0
0
0
68
242
453
635
780
866
892
870
788
636
453
247
71
0
0
0
0
0
0
0
0
0
0
0
65
235
434
622
760
844
870
840
768
633
449
253
72
0
0
0
0
0
0
0
0
0
0
0
67
240
448
635
790
885
914
876
785
643
452
247
71
0
0
0
0
0
0
0
0
0
0
0
60
225
418
577
714
813
839
827
754
611
437
237
32
0
0
0
0
0
0
0
0
0
0
0
34
211
395
556
702
795
798
770
703
563
384
219
27
0
0
0
0
0
0
0
0
0
0
0
28
216
396
553
657
737
766
699
735
581
424
214
34
0
0
0
0
0
0
0
0
0
0
0
29
229
414
600
751
823
855
814
720
591
418
221
26
0
0
0
0
0
0
0
0
0
0
0
27
231
427
610
751
832
874
839
743
600
419
214
22
0
0
0
0
0
0
0
0
0
0
0
29
242
455
654
809
906
939
908
808
653
456
239
27
0
0
0
0
0
0
0
0
0
0
0
24
217
416
603
736
837
846
809
695
566
395
196
15
0
0
0
0
0
0
0
0
0
0
0
26
232
438
624
775
874
904
873
788
638
443
230
24
0
0
0
0
0
0
0
0
0
0
0
26
241
455
651
805
898
924
885
784
625
424
214
16
0
0
0
0
0
0
0
0
0
0
0
25
236
454
653
805
894
919
879
784
630
430
218
19
0
0
0
0
0
0
0
0
0
0
0
4
127
248
404
597
729
767
776
644
519
355
208
22
0
0
0
0
0
0
0
0
0
0
0
22
219
423
608
736
831
852
821
718
556
386
189
12
0
0
0
0
0
0
0
0
0
0
0
19
195
380
559
702
786
819
777
651
475
325
159
11
0
0
0
0
0
0
0
0
0
0
0
22
225
435
635
783
877
897
856
755
604
410
201
13
0
0
0
0
0
0
0
0
0
0
0
18
203
383
547
694
809
853
789
702
542
360
160
9
0
0
0
0
0
0
0
0
0
0
0
18
209
413
598
733
826
857
830
735
596
401
191
12
0
0
0
0
0
0
0
0
0
0
0
19
218
428
614
758
832
852
810
703
551
360
164
5
0
0
0
0
0
0
0
0
0
0
0
20
222
439
628
779
875
902
863
757
599
404
187
9
0
0
0
0
0
0
0
0
0
0
0
18
226
445
646
800
895
921
885
784
621
415
194
9
0
0
0
0
0
0
0
0
0
0
0
16
198
397
578
713
798
824
784
686
554
372
170
8
0
0
0
0
0
0
0
0
0
0
0
15
209
412
597
742
833
858
829
726
566
370
165
6
0
0
0
0
0
0
0
0
0
0
0
12
181
374
547
679
784
803
755
646
516
354
157
7
0
0
0
0
0
0
0
0
0
0
0
11
149
292
423
522
591
582
525
461
359
228
90
2
0
0
0
0
0
0
0
0
0
0
0
14
199
398
577
723
814
843
804
695
549
354
154
5
0
0
0
0
0
0
0
0
0
0
0
13
202
406
599
757
845
873
838
730
570
366
152
4
0
0
0
0
0
0
0
0
0
0
0
13
208
420
613
761
844
869
826
715
552
350
145
2
0
0
0
0
0
0
0
0
0
0
0
12
201
411
595
734
809
837
791
684
530
341
139
2
0
0
0
0
0
0
0
0
0
0
0
9
162
326
481
588
654
673
635
583
455
282
104
1
0
0
0
0
0
0
0
0
0
0
0
14
161
282
431
538
658
625
593
517
339
219
94
1
0
0
0
0
0
0
0
0
0
0
0
3
71
106
101
262
380
596
626
565
554
379
148
6
0
0
0
0
0
0
0
0
0
0
0
8
162
340
485
597
655
671
641
548
416
256
97
1
0
0
0
0
0
0
0
0
0
0
0
10
198
415
613
764
852
879
830
716
547
338
126
1
0
0
0
0
0
0
0
0
0
0
0
10
197
415
615
768
858
882
838
723
553
342
127
1
0
0
0
0
0
0
0
0
0
0
0
9
183
393
583
734
821
840
800
690
524
322
116
1
0
0
0
0
0
0
0
0
0
0
0
8
169
366
534
656
737
782
749
636
482
280
98
0
0
0
0
0
0
0
0
0
0
0
0
14
82
159
48
137
266
250
603
744
255
56
48
0
0
0
0
0
0
0
0
0
0
0
0
3
63
106
271
337
516
513
667
671
546
308
92
1
0
0
0
0
0
0
0
0
0
0
0
7
173
377
562
708
790
813
755
638
471
275
89
0
0
0
0
0
0
0
0
0
0
0
0
2
142
257
465
339
549
675
583
585
404
233
60
0
0
0
0
0
0
0
0
0
0
0
0
5
147
329
510
645
716
755
694
603
437
272
90
0
0
0
0
0
0
0
0
0
0
0
0
9
178
332
385
522
595
601
588
478
373
221
77
0
0
0
0
0
0
0
0
0
0
0
0
11
68
203
123
710
747
585
254
308
36
21
6
0
0
0
0
0
0
0
0
0
0
0
0
1
57
150
224
369
376
407
396
421
371
244
86
0
0
0
0
0
0
0
0
0
0
0
0
5
161
362
545
686
763
783
731
622
460
267
77
0
0
0
0
0
0
0
0
0
0
0
0
4
131
301
476
641
718
599
591
496
348
167
17
0
0
0
0
0
0
0
0
0
0
0
0
4
124
141
136
231
455
495
459
457
410
288
55
0
0
0
0
0
0
0
0
0
0
0
0
4
158
365
555
697
783
794
743
623
456
254
32
0
0
0
0
0
0
0
0
0
0
0
0
3
151
353
539
681
761
777
726
609
437
240
27
0
0
0
0
0
0
0
0
0
0
0
0
3
129
313
475
591
674
725
675
585
434
235
29
0
0
0
0
0
0
0
0
0
0
0
0
2
100
288
520
626
688
534
371
402
314
114
4
0
0
0
0
0
0
0
0
0
0
0
0
2
135
323
501
635
712
742
698
591
420
225
23
0
0
0
0
0
0
0
0
0
0
0
0
2
143
343
524
663
747
763
708
588
418
223
19
0
0
0
0
0
0
0
0
0
0
0
0
3
129
308
480
595
670
688
643
531
373
185
13
0
0
0
0
0
0
0
0
0
0
0
0
2
135
333
515
649
725
739
685
574
404
209
16
0
0
0
0
0
0
0
0
0
0
0
0
1
86
243
406
523
591
664
562
496
303
172
12
0
0
0
0
0
0
0
0
0
0
0
0
2
118
292
462
598
693
709
664
542
394
213
20
0
0
0
0
0
0
0
0
0
0
0
0
1
114
273
432
587
645
644
595
489
346
182
11
0
0
0
0
0
0
0
0
0
0
0
0
1
119
311
496
629
703
709
651
542
378
191
12
0
0
0
0
0
0
0
0
0
0
0
0
1
117
304
480
624
689
698
639
533
361
176
6
0
0
0
0
0
0
0
0
0
0
0
0
1
98
221
344
467
623
627
548
456
301
129
3
0
0
0
0
0
0
0
0
0
0
0
0
1
86
194
359
505
546
589
487
463
355
189
8
0
0
0
0
0
0
0
0
0
0
0
0
0
92
245
419
534
607
579
567
430
291
136
5
0
0
0
0
0
0
0
0
0
0
0
0
1
115
312
493
627
712
718
659
540
369
176
6
0
0
0
0
0
0
0
0
0
0
0
0
1
108
295
469
604
685
698
643
530
365
175
7
0
0
0
0
0
0
0
0
0
0
0
0
0
97
269
441
574
648
671
615
512
352
165
8
0
0
0
0
0
0
0
0
0
0
0
0
0
94
263
428
556
625
640
594
484
328
152
5
0
0
0
0
0
0
0
0
0
0
0
0
0
51
168
270
358
405
381
347
256
192
74
2
0
0
0
0
0
0
0
0
0
0
0
0
0
84
236
464
659
538
366
300
317
151
124
2
0
0
0
0
0
0
0
0
0
0
0
0
0
77
235
365
479
527
523
445
373
255
111
2
0
0
0
0
0
0
0
0
0
0
0
0
0
17
140
39
50
430
664
556
571
304
58
2
0
0
0
0
0
0
0
0
0
0
0
0
0
94
282
466
606
685
694
641
519
348
158
4
0
0
0
0
0
0
0
0
0
0
0
0
0
83
254
416
526
622
622
563
471
313
147
4
0
0
0
0
0
0
0
0
0
0
0
0
0
69
229
367
479
581
600
551
453
321
136
3
0
0
0
0
0
0
0
0
0
0
0
0
0
12
153
272
456
505
620
506
452
228
108
7
0
0
0
0
0
0
0
0
0
0
0
0
0
39
133
226
275
335
369
348
246
163
67
1
0
0
0
0
0
0
0
0
0
0
0
0
0
58
204
324
435
461
468
421
374
253
100
1
0
0
0
0
0
0
0
0
0
0
0
0
0
74
246
409
549
614
624
570
455
302
130
2
0
0
0
0
0
0
0
0
0
0
0
0
0
73
246
421
554
622
634
581
470
315
135
2
0
0
0
0
0
0
0
0
0
0
0
0
0
12
43
70
100
109
105
105
95
63
29
1
0
0
0
0
0
0
0
0
0
0
0
0
0
27
210
362
496
591
622
538
434
300
125
2
0
0
0
0
0
0
0
0
0
0
0
0
0
27
204
368
466
537
569
526
444
279
130
3
0
0
0
0
0
0
0
0
0
0
0
0
0
30
234
412
540
623
639
585
468
307
125
1
0
0
0
0
0
0
0
0
0
0
0
0
0
29
236
415
551
626
642
585
470
311
129
1
0
0
0
0
0
0
0
0
0
0
0
0
0
28
238
419
557
639
653
600
484
315
129
1
0
0
0
0
0
0
0
0
0
0
0
0
0
22
200
345
474
552
588
529
409
268
105
1
0
0
0
0
0
0
0
0
0
0
0
0
0
20
181
323
423
498
493
440
342
221
81
1
0
0
0
0
0
0
0
0
0
0
0
0
0
19
181
323
437
504
507
462
373
235
90
1
0
0
0
0
0
0
0
0
0
0
0
0
0
21
198
350
484
553
562
524
431
280
104
1
0
0
0
0
0
0
0
0
0
0
0
0
0
4
56
41
179
348
435
457
468
266
117
5
0
0
0
0
0
0
0
0
0
0
0
0
0
13
149
281
383
446
463
418
314
196
72
0
0
0
0
0
0
0
0
0
0
0
0
0
0
15
168
308
436
492
518
478
381
246
88
0
0
0
0
0
0
0
0
0
0
0
0
0
0
16
193
356
492
563
572
530
422
280
109
1
0
0
0
0
0
0
0
0
0
0
0
0
0
17
209
388
522
600
621
568
456
298
117
1
0
0
0
0
0
0
0
0
0
0
0
0
0
15
206
382
518
597
613
560
452
290
113
0
0
0
0
0
0
0
0
0
0
0
0
0
0
14
203
384
529
613
628
578
467
303
119
1
0
0
0
0
0
0
0
0
0
0
0
0
0
13
192
366
503
584
602
552
440
281
106
0
0
0
0
0
0
0
0
0
0
0
0
0
0
11
176
341
463
545
561
514
413
265
100
0
0
0
0
0
0
0
0
0
0
0
0
0
0
9
154
298
418
478
493
453
363
233
87
0
0
0
0
0
0
0
0
0
0
0
0
0
0
2
65
189
149
294
443
453
469
235
104
2
0
0
0
0
0
0
0
0
0
0
0
0
0
19
194
383
517
435
378
304
229
122
39
0
0
0
0
0
0
0
0
0
0
0
0
0
0
3
127
67
40
143
380
444
459
221
38
0
0
0
0
0
0
0
0
0
0
0
0
0
0
8
158
318
443
525
551
505
397
252
95
0
0
0
0
0
0
0
0
0
0
0
0
0
0
8
168
343
481
568
590
547
442
285
109
1
0
0
0
0
0
0
0
0
0
0
0
0
0
6
141
287
407
473
488
451
362
228
87
0
0
0
0
0
0
0
0
0
0
0
0
0
0
6
149
302
425
497
514
474
380
245
92
0
0
0
0
0
0
0
0
0
0
0
0
0
0
2
183
118
331
522
393
189
194
134
33
0
0
0
0
0
0
0
0
0
0
0
0
0
0
5
131
276
396
466
487
450
361
231
88
0
0
0
0
0
0
0
0
0
0
0
0
0
0
5
132
277
395
461
480
441
352
226
86
0
0
0
0
0
0
0
0
0
0
0
0
0
0
5
142
319
439
503
501
485
368
241
89
0
0
0
0
0
0
0
0
0
0
0
0
0
0
4
135
280
410
485
528
487
393
244
96
1
0
0
0
0
0
0
0
0
0
0
0
0
0
12
160
278
399
345
389
265
154
21
8
0
0
0
0
0
0
0
0
0
0
0
0
0
0
3
125
278
410
494
506
470
378
240
88
0
0
0
0
0
0
0
0
0
0
0
0
0
0
3
124
268
392
466
486
453
362
231
89
0
0
0
0
0
0
0
0
0
0
0
0
0
0
3
133
295
428
518
541
489
394
257
99
1
0
0
0
0
0
0
0
0
0
0
0
0
0
1
115
255
362
436
481
473
413
260
105
1
0
0
0
0
0
0
0
0
0
0
0
0
0
6
58
224
268
372
593
526
317
155
35
0
0
0
0
0
0
0
0
0
0
0
0
0
0
2
116
255
367
433
455
417
339
214
83
0
0
0
0
0
0
0
0
0
0
0
0
0
0
2
118
265
384
473
528
484
383
251
98
1
0
0
0
0
0
0
0
0
0
0
0
0
0
4
129
280
396
472
479
441
382
239
92
1
0
0
0
0
0
0
0
0
0
0
0
0
0
3
122
279
389
473
511
491
400
258
104
1
0
0
0
0
0
0
0
0
0
0
0
0
0
2
120
269
398
467
502
494
387
259
106
1
0
0
0
0
0
0
0
0
0
0
0
0
0
3
120
270
415
504
517
492
401
265
120
2
0
0
0
0
0
0
0
0
0
0
0
0
0
2
121
280
418
513
540
519
425
287
120
2
0
0
0
0
0
0
0
0
0
0
0
0
0
2
113
243
345
429
476
479
421
264
102
1
0
0
0
0
0
0
0
0
0
0
0
0
0
1
88
201
291
384
387
392
325
227
91
1
0
0
0
0
0
0
0
0
0
0
0
0
0
2
123
284
430
527
558
525
425
283
114
1
0
0
0
0
0
0
0
0
0
0
0
0
0
2
77
186
273
328
328
319
258
159
65
1
0
0
0
0
0
0
0
0
0
0
0
0
0
6
127
304
332
342
441
222
113
22
19
1
0
0
0
0
0
0
0
0
0
0
0
0
0
2
107
247
344
442
512
499
399
279
112
1
0
0
0
0
0
0