0
0
0
0
0
0
0
7
173
348
490
589
613
573
474
324
148
3
0
0
0
0
0
0
0
0
0
0
0
0
0
8
182
366
512
605
634
596
496
345
162
4
0
0
0
0
0
0
0
0
0
0
0
0
0
8
199
402
566
671
702
663
553
385
180
5
0
0
0
0
0
0
0
0
0
0
0
0
0
8
186
376
529
627
656
618
521
365
173
5
0
0
0
0
0
0
0
0
0
0
0
0
0
6
164
331
470
536
583
535
453
321
151
6
0
0
0
0
0
0
0
0
0
0
0
0
0
8
192
393
554
655
684
645
541
376
178
5
0
0
0
0
0
0
0
0
0
0
0
0
0
8
191
387
547
651
685
649
544
382
186
6
0
0
0
0
0
0
0
0
0
0
0
0
0
7
188
383
543
642
680
648
549
391
192
8
0
0
0
0
0
0
0
0
0
0
0
0
0
7
178
361
512
606
642
613
514
366
181
7
0
0
0
0
0
0
0
0
0
0
0
0
0
8
195
396
559
664
699
664
557
395
194
7
0
0
0
0
0
0
0
0
0
0
0
0
0
7
188
386
549
650
687
653
554
393
195
9
0
0
0
0
0
0
0
0
0
0
0
0
0
7
177
360
519
620
653
627
535
385
195
10
0
0
0
0
0
0
0
0
0
0
0
0
0
7
186
381
544
649
687
655
556
397
201
10
0
0
0
0
0
0
0
0
0
0
0
0
0
7
176
362
512
611
647
612
522
374
190
10
0
0
0
0
0
0
0
0
0
0
0
0
0
7
187
378
533
629
665
636
540
393
204
11
0
0
0
0
0
0
0
0
0
0
0
0
0
6
155
304
425
541
542
523
455
338
197
12
0
0
0
0
0
0
0
0
0
0
0
0
0
8
187
380
541
644
685
655
561
407
213
14
0
0
0
0
0
0
0
0
0
0
0
0
0
8
194
394
558
665
705
675
578
420
223
15
0
0
0
0
0
0
0
0
0
0
0
0
0
8
176
358
509
608
646
617
524
385
203
13
0
0
0
0
0
0
0
0
0
0
0
0
0
7
173
350
499
586
638
609
520
370
197
12
0
0
0
0
0
0
0
0
0
0
0
0
0
9
200
408
577
685
726
695
594
433
231
17
0
0
0
0
0
0
0
0
0
0
0
0
0
7
182
406
556
690
710
732
628
459
248
28
0
0
0
0
0
0
0
0
0
0
0
0
0
9
207
410
576
685
728
699
604
446
246
21
0
0
0
0
0
0
0
0
0
0
0
0
0
10
208
412
580
687
728
700
602
444
245
20
0
0
0
0
0
0
0
0
0
0
0
0
0
9
199
398
560
674
717
693
597
439
241
22
0
0
0
0
0
0
0
0
0
0
0
0
0
3
219
437
616
565
779
686
645
477
124
5
0
0
0
0
0
0
0
0
0
0
0
0
0
10
203
408
581
695
739
710
615
456
252
26
0
0
0
0
0
0
0
0
0
0
0
0
0
10
203
405
570
676
719
692
596
441
247
25
0
0
0
0
0
0
0
0
0
0
0
0
0
11
209
415
585
695
737
709
611
451
250
24
0
0
0
0
0
0
0
0
0
0
0
0
0
12
211
417
589
699
741
712
613
456
256
27
0
0
0
0
0
0
0
0
0
0
0
0
0
10
186
357
513
609
646
583
525
410
230
31
0
0
0
0
0
0
0
0
0
0
0
0
0
11
195
383
541
644
682
661
570
421
240
29
0
0
0
0
0
0
0
0
0
0
0
0
0
14
226
439
614
729
777
748
647
484
277
33
0
0
0
0
0
0
0
0
0
0
0
0
0
13
205
401
558
673
717
696
602
449
256
32
0
0
0
0
0
0
0
0
0
0
0
0
0
14
221
430
605
718
763
740
641
479
277
38
0
0
0
0
0
0
0
0
0
0
0
0
0
15
224
444
471
426
345
471
510
430
181
21
0
0
0
0
0
0
0
0
0
0
0
0
0
16
237
457
637
751
796
764
662
496
287
38
0
0
0
0
0
0
0
0
0
0
0
0
0
15
192
364
519
604
647
643
533
431
263
79
0
0
0
0
0
0
0
0
0
0
0
0
0
15
183
379
544
633
638
607
540
403
244
67
0
0
0
0
0
0
0
0
0
0
0
0
0
13
200
374
532
637
654
595
539
422
265
84
0
0
0
0
0
0
0
0
0
0
0
0
0
19
236
442
610
723
769
746
655
501
299
93
0
0
0
0
0
0
0
0
0
0
0
0
0
20
240
450
624
739
787
756
658
501
300
95
0
0
0
0
0
0
0
0
0
0
0
0
0
21
245
454
622
729
774
741
644
491
293
92
0
0
0
0
0
0
0
0
0
0
0
0
0
5
115
234
344
452
436
411
385
303
189
57
0
0
0
0
0
0
0
0
0
0
0
0
0
24
250
453
622
737
781
760
668
515
313
104
0
0
0
0
0
0
0
0
0
0
0
0
0
25
248
444
604
708
743
725
637
491
296
101
0
0
0
0
0
0
0
0
0
0
0
0
0
29
285
509
690
806
854
825
724
558
343
117
0
0
0
0
0
0
0
0
0
0
0
0
0
25
250
446
573
688
702
684
597
456
293
100
0
0
0
0
0
0
0
0
0
0
0
0
0
23
219
389
571
663
720
649
507
417
261
86
0
0
0
0
0
0
0
0
0
0
0
0
0
19
169
321
518
609
684
650
502
326
279
104
0
0
0
0
0
0
0
0
0
0
0
0
0
34
281
496
670
782
824
800
704
549
344
124
0
0
0
0
0
0
0
0
0
0
0
0
0
33
262
462
629
740
782
749
658
508
315
113
0
0
0
0
0
0
0
0
0
0
0
0
0
32
227
405
540
633
704
692
604
490
305
112
1
0
0
0
0
0
0
0
0
0
0
0
0
39
295
517
696
812
858
831
733
567
354
129
0
0
0
0
0
0
0
0
0
0
0
0
0
40
287
501
672
782
828
808
712
555
349
130
1
0
0
0
0
0
0
0
0
0
0
0
0
73
255
434
576
670
708
687
607
473
300
112
0
0
0
0
0
0
0
0
0
0
0
0
0
87
297
513
686
800
846
816
717
558
350
131
1
0
0
0
0
0
0
0
0
0
0
0
0
90
300
515
687
797
844
819
722
560
351
134
1
0
0
0
0
0
0
0
0
0
0
0
0
92
305
521
698
810
850
817
719
559
353
135
1
0
0
0
0
0
0
0
0
0
0
0
0
92
298
499
668
772
821
799
707
546
345
134
1
0
0
0
0
0
0
0
0
0
0
0
0
94
299
502
671
777
815
780
689
535
336
129
1
0
0
0
0
0
0
0
0
0
0
0
0
106
329
550
726
840
884
855
751
588
377
150
1
0
0
0
0
0
0
0
0
0
0
0
0
110
333
556
732
851
897
868
767
603
390
158
2
0
0
0
0
0
0
0
0
0
0
0
0
107
319
528
691
793
834
804
704
544
345
137
1
0
0
0
0
0
0
0
0
0
0
0
0
102
296
499
649
757
799
775
686
547
347
144
2
0
0
0
0
0
0
0
0
0
0
0
0
121
345
564
742
855
900
868
770
605
391
161
2
0
0
0
0
0
0
0
0
0
0
0
0
124
345
557
721
825
863
843
742
582
379
158
2
0
0
0
0
0
0
0
0
0
0
0
1
137
375
603
784
900
939
906
799
627
406
169
2
0
0
0
0
0
0
0
0
0
0
0
1
115
311
506
663
763
811
778
679
534
351
144
2
0
0
0
0
0
0
0
0
0
0
0
1
114
295
458
577
672
711
670
593
443
301
121
1
0
0
0
0
0
0
0
0
0
0
0
1
131
346
550
712
814
857
830
733
581
378
162
3
0
0
0
0
0
0
0
0
0
0
0
1
138
353
559
721
823
863
835
739
586
391
171
4
0
0
0
0
0
0
0
0
0
0
0
1
150
382
607
779
889
930
892
784
610
394
166
2
0
0
0
0
0
0
0
0
0
0
0
2
145
366
579
750
861
900
875
784
627
417
185
6
0
0
0
0
0
0
0
0
0
0
0
2
160
397
623
800
914
955
920
812
643
423
184
4
0
0
0
0
0
0
0
0
0
0
0
2
161
392
611
782
889
931
903
804
638
425
190
5
0
0
0
0
0
0
0
0
0
0
0
3
159
383
593
759
863
904
871
771
611
405
180
5
0
0
0
0
0
0
0
0
0
0
0
3
166
386
598
761
864
898
861
761
598
401
179
4
0
0
0
0
0
0
0
0
0
0
0
4
185
431
661
838
950
986
949
837
661
435
192
4
0
0
0
0
0
0
0
0
0
0
0
4
179
413
629
798
904
944
910
806
644
428
193
6
0
0
0
0
0
0
0
0
0
0
0
5
176
398
602
762
858
893
857
760
601
401
180
5
0
0
0
0
0
0
0
0
0
0
0
6
197
439
662
832
940
977
938
829
656
437
200
5
0
0
0
0
0
0
0
0
0
0
0
6
180
399
600
763
875
913
882
785
628
421
194
8
0
0
0
0
0
0
0
0
0
0
0
7
200
436
651
820
927
961
928
829
664
449
211
9
0
0
0
0
0
0
0
0
0
0
0
8
210
454
676
847
953
983
942
831
655
434
199
5
0
0
0
0
0
0
0
0
0
0
0
8
193
416
623
780
891
922
894
791
625
418
195
8
0
0
0
0
0
0
0
0
0
0
0
8
197
417
609
766
868
894
858
764
607
406
190
6
0
0
0
0
0
0
0
0
0
0
0
10
205
434
644
807
909
942
905
806
638
430
200
8
0
0
0
0
0
0
0
0
0
0
0
11
220
455
670
836
941
974
939
834
669
454
216
10
0
0
0
0
0
0
0
0
0
0
0
12
223
459
670
834
936
970
935
830
662
449
214
10
0
0
0
0
0
0
0
0
0
0
0
3
237
343
602
797
1022
1059
1019
905
724
492
237
36
0
0
0
0
0
0
0
0
0
0
0
15
247
495
717
887
994
1027
990
878
705
478
230
11
0
0
0
0
0
0
0
0
0
0
0
19
282
552
786
943
488
497
462
390
280
185
95
3
0
0
0
0
0
0
0
0
0
0
0
19
268
519
742
913
1020
1051
1006
891
714
486
237
10
0
0
0
0
0
0
0
0
0
0
0
20
266
514
734
903
1007
1036
995
883
710
486
239
12
0
0
0
0
0
0
0
0
0
0
0
20
248
483
692
854
956
987
947
845
676
460
226
13
0
0
0
0
0
0
0
0
0
0
0
22
258
495
707
871
978
1010
973
866
697
479
239
16
0
0
0
0
0
0
0
0
0
0
0
22
248
473
677
834
925
953
918
817
657
451
225
14
0
0
0
0
0
0
0
0
0
0
0
25
264
497
699
852
947
981
939
832
671
463
230
14
0
0
0
0
0
0
0
0
0
0
0
27
266
499
708
871
965
996
957
855
689
476
240
17
0
0
0
0
0
0
0
0
0
0
0
29
270
501
704
862
953
986
945
840
678
467
235
16
0
0
0
0
0
0
0
0
0
0
0
35
305
558
779
947
1049
1079
1033
911
727
500
250
14
0
0
0
0
0
0
0
0
0
0
0
35
297
537
747
908
1003
1030
988
878
710
492
252
18
0
0
0
0
0
0
0
0
0
0
0
35
289
525
736
894
989
1012
969
858
690
474
240
16
0
0
0
0
0
0
0
0
0
0
0
41
314
568
726
893
1065
1096
1051
881
681
497
255
6
0
0
0
0
0
0
0
0
0
0
0
40
295
531
741
900
999
1030
989
879
712
496
255
21
0
0
0
0
0
0
0
0
0
0
0
85
304
546
756
914
1010
1033
988
874
701
485
248
18
0
0
0
0
0
0
0
0
0
0
0
89
312
551
760
918
1015
1041
994
877
704
486
248
18
0
0
0
0
0
0
0
0
0
0
0
85
292
523
717
870
961
986
944
835
668
462
235
18
0
0
0
0
0
0
0
0
0
0
0
88
293
518
711
862
948
972
932
830
671
465
242
20
0
0
0
0
0
0
0
0
0
0
0
90
299
524
719
870
962
991
955
847
685
472
245
22
0
0
0
0
0
0
0
0
0
0
0
99
321
562
773
929
1021
1045
999
881
711
492
253
20
0
0
0
0
0
0
0
0
0
0
0
95
305
531
722
872
956
973
932
826
666
463
241
22
0
0
0
0
0
0
0
0
0
0
0
92
285
500
677
792
865
888
861
770
611
425
221
21
0
0
0
0
0
0
0
0
0
0
0
105
323
551
748
899
987
1012
975
871
712
504
270
29
0
0
0
0
0
0
0
0
0
0
0
103
314
536
730
875
962
985
943
839
679
476
252
26
0
0
0
0
0
0
0
0
0
0
0
103
307
526
716
861
945
966
925
819
662
461
243
24
0
0
0
0
0
0
0
0
0
0
0
103
306
524
707
852
938
963
917
814
665
464
246
27
0
0
0
0
0
0
0
0
0
0
0
113
333
564
766
918
1007
1033
986
879
713
498
265
29
0
0
0
0
0
0
0
0
0
0
1
119
342
573
773
926
1015
1037
989
880
714
502
270
30
0
0
0
0
0
0
0
0
0
0
1
120
340
569
764
912
998
1023
973
866
703
496
267
31
0
0
0
0
0
0
0
0
0
0
1
123
344
575
777
929
1018
1042
1000
889
725
512
278
35
0
0
0
0
0
0
0
0
0
0
1
127
348
572
768
915
1004
1022
979
870
706
501
273
34
0
0
0
0
0
0
0
0
0
0
1
127
343
563
749
899
985
1010
970
871
709
507
280
37
0
0
0
0
0
0
0
0
0
0
1
135
363
596
797
947
1034
1052
1005
891
724
510
277
33
0
0
0
0
0
0
0
0
0
0
1
131
347
565
758
903
986
1008
959
850
690
485
266
33
0
0
0
0
0
0
0
0
0
0
1
133
350
574
769
915
1011
1033
998
897
736
529
297
84
0
0
0
0
0
0
0
0
0
0
1
134
354
579
776
920
1006
1031
986
880
717
507
279
77
0
0
0
0
0
0
0
0
0
0
1
116
292
478
644
786
857
905
836
748
632
446
255
75
0
0
0
0
0
0
0
0
0
0
2
143
370
602
805
954
1041
1064
1020
911
746
530
296
85
0
0
0
0
0
0
0
0
0
0
2
146
374
606
803
947
1031
1050
999
888
720
508
278
78
0
0
0
0
0
0
0
0
0
0
2
146
365
588
781
926
1012
1029
986
881
718
515
287
84
0
0
0
0
0
0
0
0
0
0
2
144
360
579
769
909
994
1017
972
866
711
509
286
85
0
0
0
0
0
0
0
0
0
0
2
126
321
522
681
811
901
926
875
776
631
450
262
79
0
0
0
0
0
0
0
0
0
0
3
151
376
605
799
941
1028
1049
1003
896
732
523
292
87
0
0
0
0
0
0
0
0
0
0
3
149
367
592
786
932
1018
1042
997
892
733
526
299
92
0
0
0
0
0
0
0
0
0
0
3
136
335
542
725
866
953
975
938
848
699
513
295
95
0
0
0
0
0
0
0
0
0
0
3
139
338
535
719
831
885
898
854
771
636
444
254
83
0
0
0
0
0
0
0
0
0
0
3
148
351
559
743
878
960
975
926
826
677
486
279
87
0
0
0
0
0
0
0
0
0
0
4
163
387
608
796
938
1023
1045
1002
898
740
539
311
102
0
0
0
0
0
0
0
0
0
0
4
153
365
580
765
907
985
1008
976
875
721
526
303
100
0
0
0
0
0
0
0
0
0
0
4
160
380
601
792
936
1020
1042
999
894
734
531
305
99
0
0
0
0
0
0
0
0
0
0
3
134
307
492
666
780
874
886
892
801
652
477
281
92
0
0
0
0
0
0
0
0
0
0
5
160
373
584
765
900
980
1001
960
862
710
518
303
102
0
0
0
0
0
0
0
0
0
0
5
160
373
585
768
905
985
1007
963
865
713
518
302
102
0
0
0
0
0
0
0
0
0
0
3
166
384
621
797
908
1097
1148
1103
991
750
530
306
119
1
0
0
0
0
0
0
0
0
0
5
164
377
590
769
910
987
1008
967
870
722
525
309
106
0
0
0
0
0
0
0
0
0
0
5
163
377
592
778
916
996
1016
974
872
718
520
303
104
0
0
0
0
0
0
0
0
0
0
5
166
384
605
793
933
1015
1036
992
887
731
532
310
106
0
0
0
0
0
0
0
0
0
0
5
165
386
609
801
945
1031
1055
1010
907
748
541
315
109
0
0
0
0
0
0
0
0
0
0
5
159
366
576
754
890
974
1001
960
861
710
523
310
110
1
0
0
0
0
0
0
0
0
0
5
141
332
527
687
811
871
891
845
770
622
446
263
92
0
0
0
0
0
0
0
0
0
0
6
144
331
528
712
835
909
927
893
795
677
505
304
112
1
0
0
0
0
0
0
0
0
0
5
148
342
545
716
811
900
930
910
803
661
480
278
107
1
0
0
0
0
0
0
0
0
0
6
169
387
602
788
931
1018
1042
1002
901
742
542
321
114
1
0
0
0
0
0
0
0
0
0
6
163
377
592
781
921
1004
1034
1001
909
757
559
334
123
1
0
0
0
0
0
0
0
0
0
6
168
385
605
799
947
1031
1053
1014
917
758
558
331
121
1
0
0
0
0
0
0
0
0
0
6
170
389
615
809
957
1040
1065
1022
920
761
558
329
119
1
0
0
0
0
0
0
0
0
0
6
173
392
611
798
941
1032
1053
1022
922
765
567
343
129
2
0
0
0
0
0
0
0
0
0
6
171
390
614
805
949
1039
1065
1024
922
762
557
331
121
1
0
0
0
0
0
0
0
0
0
6
173
395
620
812
956
1045
1071
1033
934
775
571
343
129
1
0
0
0
0
0
0
0
0
0
6
154
355
559
732
868
946
966
927
828
680
497
293
106
1
0
0
0
0
0
0
0
0
0
6
160
366
575
761
905
982
1001
957
861
705
516
306
112
1
0
0
0
0
0
0
0
0
0
6
161
369
582
765
908
981
1006
970
873
730
540
328
125
2
0
0
0
0
0
0
0
0
0
6
162
371
581
766
906
999
1024
990
899
756
567
348
135
3
0
0
0
0
0
0
0
0
0
6
164
374
588
771
908
986
1011
971
875
727
531
317
118
1
0
0
0
0
0
0
0
0
0
6
158
364
574
765
906
989
1011
979
885
733
546
329
125
2
0
0
0
0
0
0
0
0
0
6
161
368
579
762
894
972
997
962
869
721
527
315
118
1
0
0
0
0
0
0
0
0
0
4
107
231
419
589
708
809
824
835
808
699
528
337
132
5
0
0
0
0
0
0
0
0
0
5
157
367
584
770
915
999
1021
981
883
729
531
317
118
1
0
0
0
0
0
0
0
0
0
5
159
373
592
783
927
1010
1039
1008
909
757
557
336
129
2
0
0
0
0
0
0
0
0
0
5
155
363
581
773
915
1003
1024
982
885
731
535
317
119
1
0
0
0
0
0
0
0
0
0
5
151
359
569
754
896
988
1009
983
884
733
539
325
124
2
0
0
0
0
0
0
0
0
0
5
143
337
547
733
873
959
990
954
859
711
523
318
119
2
0
0
0
0
0
0
0
0
0
5
153
364
582
778
927
1022
1049
1010
912
756
556
335
129
2
0
0
0
0
0
0
0
0
0
5
148
351
557
749
883
968
996
970
879
733
543
327
127
2
0
0
0
0
0
0
0
0
0
5
154
365
582
777
927
1018
1050
1018
920
766
568
345
134
3
0
0
0
0
0
0
0
0
0
5
150
360
578
773
926
1019
1048
1011
910
757
559
339
131
3
0
0
0
0
0
0
0
0
0
5
153
366
584
774
924
1010
1035
1000
906
748
552
330
128
2
0
0
0
0
0
0
0
0
0
4
137
333
532
709
838
919
944
918
824
684
496
298
111
1
0
0
0
0
0
0
0
0
0
4
147
355
570
761
907
996
1027
992
906
749
551
336
132
3
0
0
0
0
0
0
0
0
0
4
135
324
533
719
857
940
969
941
840
688
500
308
120
2
0
0
0
0
0
0
0
0
0
4
146
359
583
780
925
1017
1034
994
893
737
536
321
119
1
0
0
0
0
0
0
0
0
0
3
138
342
555
747
896
989
1025
986
880
728
532
317
122
2
0
0
0
0
0
0
0
0
0
2
118
290
495
640
745
776
808
779
691
591
436
275
104
1
0
0
0
0
0
0
0
0
0
3
137
340
554
742
890
979
1009
971
877
727
543
326
127
2
0
0
0
0
0
0
0
0
0
3
138
339
548
732
871
951
990
964
865
718
532
323
126
2
0
0
0
0
0
0
0
0
0
3
142
347
562
750
891
986
1021
986
893
737
549
332
129
2
0
0
0
0
0
0
0
0
0
3
149
367
592
786
935
1022
1048
1012
915
759
565
345
133
2
0
0
0
0
0
0
0
0
0
3
136
341
558
749
899
992
1026
992
899
749
555
334
128
2
0
0
0
0
0
0
0
0
0
3
134
334
550
738
878
963
984
952
859
711
523
312
117
1
0
0
0
0
0
0
0
0
0
2
128
324
531
714
859
947
973
940
839
692
503
298
112
1
0
0
0
0
0
0
0
0
0
2
129
334
548
743
891
980
1011
982
890
738
543
324
122
1
0
0
0
0
0
0
0
0
0
2
129
332
546
742
892
980
1012
974
875
729
539
323
122
2
0
0
0
0
0
0
0
0
0
2
123
319
523
714
862
958
983
966
882
734
544
327
123
2
0
0
0
0
0
0
0
0
0
2
121
315
528
726
867
960
984
960
870
729
541
327
124
2
0
0
0
0
0
0
0
0
0
2
118
309
519
707
851
951
972
930
828
699
514
312
119
2
0
0
0
0
0
0
0
0
0
2
116
306
513
705
853
943
982
946
854
715
536
323
122
2
0
0
0
0
0
0
0
0
0
2
114
299
507
708
833
920
954
889
817
660
483
288
108
1
0
0
0
0
0
0
0
0
0
2
110
280
475
644
802
903
936
906
821
673
471
282
104
2
0
0
0
0
0
0
0
0
0
1
108
298
504
702
848
948
986
963
873
720
526
317
118
2
0
0
0
0
0
0
0
0
0
1
117
308
513
697
860
948
972
951
850
700
505
289
106
1
0
0
0
0
0
0
0
0
0
1
107
298
482
641
775
840
902
868
779
640
460
301
110
1
0
0
0
0
0
0
0
0
0
1
117
322
547
746
898
1000
1038
1018
920
768
564
335
122
2
0
0
0
0
0
0
0
0
0
1
111
314
534
732
888
988
1022
989
899
745
551
328
119
2
0
0
0
0
0
0
0
0
0
1
113
315
537
734
891
983
1025
1001
906
755
554
327
117
2
0
0
0
0
0
0
0
0
0
1
105
291
492
673
830
925
985
941
841
699
510
299
111
1
0
0
0
0
0
0
0
0
0
1
99
283
489
681
839
930
987
960
859
706
518
307
111
1
0
0
0
0
0
0
0
0
0
1
99
288
504
697
830
924
933
909
808
672
499
292
103
0
0
0
0
0
0
0
0
0
0
1
104
301
517
715
869
967
999
963
864
711
515
298
102
0
0
0
0
0
0
0
0
0
0
0
96
281
487
671
813
900
930
898
809
667
481
277
94
0
0
0
0
0
0
0
0
0
0
0
103
304
527
728
879
968
1000
960
871
713
517
299
101
0
0
0
0
0
0
0
0
0
0
0
94
279
484
667
808
900
929
897
807
666
481
279
93
0
0
0
0
0
0
0
0
0
0
0
92
278
484
676
820
913
943
914
820
675
487
278
92
0
0
0
0
0
0
0
0
0
0
0
94
289
503
704
862
965
1027
1003
900
743
537
308
101
0
0
0
0
0
0
0
0
0
0
0
93
284
488
673
819
919
948
919
827
682
494
281
92
0
0
0
0
0
0
0
0
0
0
0
91
279
488
693
841
925
932
903
808
683
476
278
92
0
0
0
0
0
0
0
0
0
0
0
95
293
516
714
873
969
996
969
872
717
516
295
94
0
0
0
0
0
0
0
0
0
0
0
87
275
494
683
838
932
959
936
835
685
476
268
83
0
0
0
0
0
0
0
0
0
0
0
94
298
526
729
885
988
1021
989
887
725
524
299
93
0
0
0
0
0
0
0
0
0
0
0
88
262
499
674
781
836
882
862
750
641
455
239
71
0
0
0
0
0
0
0
0
0
0
0
81
256
466
666
813
898
915
883
796
674
489
274
82
0
0
0
0
0
0
0
0
0
0
0
88
289
518
727
890
994
1017
983
886
723
512
286
85
0
0
0
0
0
0
0
0
0
0
0
77
253
459
643
803
907
928
888
819
653
447
239
74
0
0
0
0
0
0
0
0
0
0
0
86
288
513
722
880
983
1017
980
886
719
512
282
81
0
0
0
0
0
0
0
0
0
0
0
67
231
417
611
705
820
884
878
798
686
485
261
74
0
0
0
0
0
0
0
0
0
0
0
75
243
435
643
780
831
873
861
785
653
471
275
75
0
0
0
0
0
0
0
0
0
0
0
83
285
510
718
877
978
1005
964
860
700
496
269
72
0
0
0
0
0
0
0
0
0
0
0
81
281
502
700
845
940
970
942
847
688
487
262
70
0
0
0
0
0
0
0
0
0
0
0
84
289
521
731
886
987
1016
981
877
714
502
272
35
0
0
0
0
0
0
0
0
0
0
0
79
277
503
699
839
929
961
922
815
654
457
244
28
0
0
0
0
0
0
0
0
0
0
0
78
274
493
691
840
933
960
929
833
672
467
247
29
0
0
0
0
0
0
0
0
0
0
0
78
282
516
727
889
983
1009
967
857
692
474
245
23
0
0
0
0
0
0
0
0
0
0
0
73
267
494
704
865
960
998
955
852
687
476
252
29
0
0
0
0
0
0
0
0
0
0
0
73
269
497
695
848
939
958
922
820
652
446
231
21
0
0
0
0
0
0
0
0
0
0
0
65
242
444
569
719
785
810
746
690
561
446
253
25
0
0
0
0
0
0
0
0
0
0
0
56
228
421
632
797
822
836
831
665
567
382
182
14
0
0
0
0
0
0
0
0
0
0
0
35
270
498
703
863
965
993
948
843
677
464
238
21
0
0
0
0
0
0
0
0
0
0
0
32
256
480
677
835
934
956
918
818
663
450
229
20
0
0
0
0
0
0
0
0
0
0
0
33
254
470
664
810
910
936
895
791
630
432
218
17
0
0
0
0
0
0
0
0
0
0
0
31
255
481
687
843
937
968
938
820
655
449
220
17
0
0
0
0
0
0
0
0
0
0
0
31
260
480
681
834
933
963
923
820
662
454
227
18
0
0
0
0
0
0
0
0
0
0
0
29
237
453
639
785
874
908
881
778
620
423
206
16
0
0
0
0
0
0
0
0
0
0
0
26
239
429
610
707
794
826
802
738
569
379
185
12
0
0
0
0
0
0
0
0
0
0
0
29
259
485
688
847
948
976
939
834
666
454
220
15
0
0
0
0
0
0
0
0
0
0
0
27
251
474
674
824
916
944
893
780
620
415
193
9
0
0
0
0
0
0
0
0
0
0
0
27
249
471
671
829
928
957
914
799
634
425
200
11
0
0
0
0
0
0
0
0
0
0
0
24
227
432
624
759
847
876
831
730
581
396
184
10
0
0
0
0
0
0
0
0
0
0
0
22
277
297
432
692
774
388
489
536
298
141
89
3
0
0
0
0
0
0
0
0
0
0
0
22
231
443
614
765
860
884
835
740
588
393
179
8
0
0
0
0
0
0
0
0
0
0
0
23
222
435
617
756
848
879
837
744
585
391
180
8
0
0
0
0
0
0
0
0
0
0
0
19
224
426
600
739
780
826
798
700
541
358
148
3
0
0
0
0
0
0
0
0
0
0
0
23
230
439
621
781
865
851
800
699
540
357
155
4
0
0
0
0
0
0
0
0
0
0
0
21
231
435
628
767
839
852
804
691
553
357
152
3
0
0
0
0
0
0
0
0
0
0
0
21
203
387
546
679
760
840
827
691
524
356
159
7
0
0
0
0
0
0
0
0
0
0
0
20
227
437
621
769
862
873
827
722
564
363
159
4
0
0
0
0
0
0
0
0
0
0
0
18
209
401
584
748
788
754
744
657
497
318
138
2
0
0
0
0
0
0
0
0
0
0
0
19
233
450
645
786
874
890
839
734
566
364
151
2
0
0
0
0
0
0
0
0
0
0
0
20
246
477
683
838
927
949
898
780
602
382
155
2
0
0
0
0
0
0
0
0
0
0
0
18
232
457
650
792
884
910
862
746
575
363
147
2
0
0
0
0
0
0
0
0
0
0
0
17
217
429
611
761
844
863
821
708
548
341
136
2
0
0
0
0
0
0
0
0
0
0
0
18
237
464
665
816
900
920
870
754
580
365
145
2
0
0
0
0
0
0
0
0
0
0
0
18
239
469
672
824
917
936
886
768
592
374
147
2
0
0
0
0
0
0
0
0
0
0
0
16
214
423
609
759
843
866
833
716
555
353
138
2
0
0
0
0
0
0
0
0
0
0
0
16
228
451
649
801
885
903
855
740
564
351
133
1
0
0
0
0
0
0
0
0
0
0
0
16
234
461
662
814
899
915
864
743
566
349
128
1
0
0
0
0
0
0
0
0
0
0
0
14
217
426
615
757
836
857
805
697
536
330
120
1
0
0
0
0
0
0
0
0
0
0
0
14
211
427
609
757
834
851
798
682
520
320
114
1
0
0
0
0
0
0
0
0
0
0
0
14
232
464
670
823
911
928
872
750
567
344
120
0
0
0
0
0
0
0
0
0
0
0
0
13
213
433
630
777
862
879
825
707
531
318
108
0
0
0
0
0
0
0
0
0
0
0
0
8
167
344
532
671
751
778
765
664
501
301
110
0
0
0
0
0
0
0
0
0
0
0
0
11
187
374
582
712
743
778
737
610
423
246
76
0
0
0
0
0
0
0
0
0
0
0
0
12
214
437
638
788
873
891
836
718
538
319
104
0
0
0
0
0
0
0
0
0
0
0
0
12
220
452
660
813
903
912
854
727
540
315
99
0
0
0
0
0
0
0
0
0
0
0
0
11
208
430
628
777
858
865
805
688
513
298
92
0
0
0
0
0
0
0
0
0
0
0
0
9
189
385
572
703
785
799
739
628
460
264
77
0
0
0
0
0
0
0
0
0
0
0
0
12
199
350
542
660
807
731
657
449
329
180
56
0
0
0
0
0
0
0
0
0
0
0
0
5
153
350
523
651
697
751
679
555
408
230
63
0
0
0
0
0
0
0
0
0
0
0
0
7
176
383
558
679
758
783
746
614
444
243
27
0
0
0
0
0
0
0
0
0
0
0
0
9
204
425
618
766
856
866
821
697
519
298
43
0
0
0
0
0
0
0
0
0
0
0
0
3
162
365
590
837
924
941
879
720
547
310
48
0
0
0
0
0
0
0
0
0
0
0
0
6
181
384
565
683
771
794
733
624
450
261
33
0
0
0
0
0
0
0
0
0
0
0
0
2
69
232
370
493
624
493
417
334
291
129
28
0
0
0
0
0
0
0
0
0
0
0
0
6
184
389
572
711
775
774
722
600
428
225
18
0
0
0
0
0
0
0
0
0
0
0
0
6
175
378
559
693
770
788
748
623
447
246
27
0
0
0
0
0
0
0
0
0
0
0
0
6
180
394
587
721
799
815
757
631
457
245
23
0
0
0
0
0
0
0
0
0
0
0
0
6
192
421
624
772
857
864
804
672
483
259
23
0
0
0
0
0
0
0
0
0
0
0
0
5
188
416
618
770
852
863
796
662
474
254
21
0
0
0
0
0
0
0
0
0
0
0
0
5
172
387
581
719
796
810
749
630
453
239
20
0
0
0
0
0
0
0
0
0
0
0
0
5
170
376
560
703
784
790
747
629
453
242
22
0
0
0
0
0
0
0
0
0
0
0
0
4
168
379
564
705
775
789
728
604
426
219
15
0
0
0
0
0
0
0
0
0
0
0
0
4
163
357
537
672
738
747
714
590
416
217
15
0
0
0
0
0
0
0
0
0
0
0
0
4
149
342
482
615
682
687
653
493
363
186
13
0
0
0
0
0
0
0
0
0
0
0
0
3
144
329
499
611
691
700
623
534
388
211
18
0
0
0
0
0
0
0
0
0
0
0
0
3
156
357
543
680
759
758
704
581
408
204
11
0
0
0
0
0
0
0
0
0
0
0
0
3
158
367
559
695
778
775
716
588
410
203
10
0
0
0
0
0
0
0
0
0
0
0
0
3
156
369
560
697
771
779
723
604
425
213
13
0
0
0
0
0
0
0
0
0
0
0
0
2
146
341
522
654
731
741
695
577
405
201
10
0
0
0
0
0
0
0
0
0
0
0
0
2
138
317
457
588
671
686
652
549
389
190
11
0
0
0
0
0
0
0
0
0
0
0
0
2
141
332
507
642
723
731
677
549
382
186
8
0
0
0
0
0
0
0
0
0
0
0
0
2
140
337
523
656
734
745
674
549
380
182
7
0
0
0
0
0
0
0
0
0
0
0
0
1
117
298
463
597
678
697
653
548
377
179
9
0
0
0
0
0
0
0
0
0
0
0
0
1
137
346
539
685
765
772
706
579
400
189
8
0
0
0
0
0
0
0
0
0
0
0
0
1
115
312
473
582
647
654
572
458
302
135
2
0
0
0
0
0
0
0
0
0
0
0
0
1
115
295
458
586
670
686
629
511
348
162
6
0
0
0
0
0
0
0
0
0
0
0
0
1
123
307
476
593
680
675
622
512
341
160
4
0
0
0
0
0
0
0
0
0
0
0
0
1
133
341
532
674
750
753
691
566
388
179
5
0
0
0
0
0
0
0
0
0
0
0
0
1
132
344
538
684
766
774
711
580
395
181
5
0
0
0
0
0
0
0
0
0
0
0
0
1
127
332
524
664
743
753
692
565
387
179
5
0
0
0
0
0
0
0
0
0
0
0
0
1
124
331
520
662
738
748
687
559
380
174
4
0
0
0
0
0
0
0
0
0
0
0
0
0
115
311
498
629
699
702
639
529
357
161
4
0
0
0
0
0
0
0
0
0
0
0
0
0
116
321
509
657
738
749
687
557
375
167
4
0
0
0
0
0
0
0
0
0
0
0
0
0
115
317
506
646
722
730
668
540
361
159
3
0
0
0
0
0
0
0
0
0
0
0
0
0
111
304
483
624
686
711
672
544
374
171
5
0
0
0
0
0
0
0
0
0
0
0
0
0
101
289
465
597
671
679
623
505
338
148
3
0
0
0
0
0
0
0
0
0
0
0
0
0
105
303
489
625
703
716
658
537
361
159
3
0
0
0
0
0
0
0
0
0
0
0
0
0
102
295
478
613
693
703
644
522
350
151
2
0
0
0
0
0
0
0
0
0
0
0
0
0
100
295
471
604
673
681
621
504
330
142
2
0
0
0
0
0
0
0
0
0
0
0
0
0
93
279
452
584
663
684
629
517
347
152
3
0
0
0
0
0
0
0
0
0
0
0
0
0
93
283
469
609
686
702
642
521
352
153
3
0
0
0
0
0
0
0
0
0
0
0
0
0
60
188
328
421
488
492
452
347
231
101
1
0
0
0
0
0
0
0
0
0
0
0
0
0
82
258
420
540
604
588
524
421
258
107
1
0
0
0
0
0
0
0
0
0
0
0
0
0
82
266
443
576
651
657
598
483
314
132
1
0
0
0
0
0
0
0
0
0
0
0
0
0
77
248
415
549
621
645
577
467
301
128
1
0
0
0
0
0
0
0
0
0
0
0
0
0
73
246
415
546
616
631
576
468
308
127
2
0
0
0
0
0
0
0
0
0
0
0
0
0
75
253
432
572
652
663
600
484
313
128
1
0
0
0
0
0
0
0
0
0
0
0
0
0
77
263
446
584
664
674
614
493
324
133
1
0
0
0
0
0
0
0
0
0
0
0
0
0
36
253
428
565
640
655
603
485
319
134
2
0
0
0
0
0
0
0
0
0
0
0
0
0
36
264
447
584
663
678
626
510
341
144
2
0
0
0
0
0
0
0
0
0
0
0
0
0
34
256
433
566
646
660
609
490
326
137
1
0
0
0
0
0
0
0
0
0
0
0
0
0
34
266
454
597
677
691
636
514
341
141
1
0
0
0
0
0
0
0
0
0
0
0
0
0
30
241
416
555
631
642
592
477
315
129
1
0
0
0
0
0
0
0
0
0
0
0
0
0
30
251
437
581
662
677
621
504
331
136
1
0
0
0
0
0
0
0
0
0
0
0
0
0
26
231
408
548
628
643
587
471
311
127
1
0
0
0
0
0
0
0
0
0
0
0
0
0
27
241
421
558
642
660
616
499
333
138
2
0
0
0
0
0
0
0
0
0
0
0
0
0
26
244
430
570
648
661
608
492
323
131
1
0
0
0
0
0
0
0
0
0
0
0
0
0
24
231
411
550
632
648
598
485
322
134
1
0
0
0
0
0
0
0
0
0
0
0
0
0
21
213
381
522
604
619
585
478
315
130
2
0
0
0
0
0
0
0
0
0
0
0
0
0
23
244
436
584
670
684
626
504
330
134
1
0
0
0
0
0
0
0
0
0
0
0
0
0
22
231
416
552
637
653
603
492
326
135
1
0
0
0
0
0
0
0
0
0
0
0
0
0
20
229
416
558
639
655
608
495
328
136
1
0
0
0
0
0
0
0
0
0
0
0
0
0
19
224
406
546
627
647
592
482
319
133
1
0
0
0
0
0
0
0
0
0
0
0
0
0
18
223
407
552
633
646
596
484
319
130
1
0
0
0
0
0
0
0
0
0
0
0
0
0
17
215
397
539
620
641
592
478
317
130
1
0
0
0
0
0
0
0
0
0
0
0
0
0
8
164
328
438
526
551
493
407
254
107
2
0
0
0
0
0
0
0
0
0
0
0
0
0
16
213
400
546
633
653
604
489
321
130
1
0
0
0
0
0
0
0
0
0
0
0
0
0
14
197
370
503
589
598
553
451
296
120
1
0
0
0
0
0
0
0
0
0
0
0
0
0
15
217
408
556
647
671
619
506
336
139
1
0
0
0
0
0
0
0
0
0
0
0
0
0
13
194
364
497
567
592
556
453
304
124
1
0
0
0
0
0
0
0
0
0
0
0
0
0
13
201
385
531
622
647
596
487
324
135
2
0
0
0
0
0
0
0
0
0
0
0
0
0
12
197
375
518
603
628
589
479
322
135
2
0
0
0
0
0
0
0
0
0
0
0
0
0
12
190
367
508
594
619
574
466
312
131
2
0
0
0
0
0
0
0
0
0
0
0
0
0
12
203
391
538
627
647
602
490
329
140
2
0
0
0
0
0
0
0
0
0
0
0
0
0
11
196
380
526
616
640
594
487
328
140
2
0
0
0
0
0
0
0
0
0
0
0
0
0
10
180
355
497
583
609
582
481
326
142
3
0
0
0
0
0
0
0
0
0
0
0
0
0
9
166
318
439
515
515
517
432
309
132
3
0
0
0
0
0
0
0
0
0
0
0
0
0
10
185
364
505
591
614
585
487
330
148
3
0
0
0
0
0
0
0
0
0
0
0
0
0
8
130
261
354
414
433
386
304
216
86
1
0
0
0
0
0
0
0
0
0
0
0
0
0
8
173
343
477
572
595
551
460
313
135
2
0
0
0
0
0
0
0
0
0
0
0
0
0
11
174
335
492
665
695
631
502
343
143
2
0
0
0
0
0
0
0
0
0
0
0
0
0
9
187
370
519
612
632
589
484
330
147
2
0
0
0
0
0
0
0
0
0
0
0
0
0
8
185
374
524
618
644
601
495
337
149
3
0
0
0
0
0
0
0
0
0
0
0
0
0
8
183
373
528
627
656
615
511
350
157
4
0
0
0
0
0
0
0
0
0
0
0
0
0
8
182
369
521
613
646
606
504
347
158
4
0
0
0
0
0
0
0
0
0
0
0
0
0
6
149
293
408
471
528
534
405
273
126
6
0
0
0
0
0
0