0
0
0
0
0
0
0
1
101
237
354
434
456
424
343
222
85
0
0
0
0
0
0
0
0
0
0
0
0
0
0
1
100
230
335
402
424
395
321
213
85
0
0
0
0
0
0
0
0
0
0
0
0
0
0
1
116
276
412
505
530
501
409
271
108
1
0
0
0
0
0
0
0
0
0
0
0
0
0
1
112
264
394
473
492
476
388
255
101
1
0
0
0
0
0
0
0
0
0
0
0
0
0
1
85
192
278
361
378
366
289
187
80
1
0
0
0
0
0
0
0
0
0
0
0
0
0
2
99
231
362
419
472
481
371
262
109
1
0
0
0
0
0
0
0
0
0
0
0
0
0
1
74
182
272
293
327
299
274
174
69
1
0
0
0
0
0
0
0
0
0
0
0
0
0
1
97
204
296
441
397
388
339
247
137
3
0
0
0
0
0
0
0
0
0
0
0
0
0
2
88
222
343
426
460
432
339
246
103
1
0
0
0
0
0
0
0
0
0
0
0
0
0
1
102
241
357
432
458
430
361
236
98
1
0
0
0
0
0
0
0
0
0
0
0
0
0
1
97
235
374
434
452
441
357
231
96
1
0
0
0
0
0
0
0
0
0
0
0
0
0
1
104
251
368
428
470
437
389
249
100
1
0
0
0
0
0
0
0
0
0
0
0
0
0
2
122
289
439
535
569
537
453
310
138
3
0
0
0
0
0
0
0
0
0
0
0
0
0
1
61
155
231
276
290
277
213
138
74
1
0
0
0
0
0
0
0
0
0
0
0
0
0
1
70
165
217
239
234
248
225
162
65
1
0
0
0
0
0
0
0
0
0
0
0
0
0
2
105
268
411
489
490
458
392
266
127
2
0
0
0
0
0
0
0
0
0
0
0
0
0
2
114
238
381
483
531
455
372
253
104
1
0
0
0
0
0
0
0
0
0
0
0
0
0
2
105
248
370
429
455
425
341
235
108
1
0
0
0
0
0
0
0
0
0
0
0
0
0
2
106
244
326
430
454
455
374
292
139
2
0
0
0
0
0
0
0
0
0
0
0
0
0
3
117
273
404
486
546
511
430
298
145
5
0
0
0
0
0
0
0
0
0
0
0
0
0
2
99
239
343
420
419
388
334
246
108
2
0
0
0
0
0
0
0
0
0
0
0
0
0
3
136
312
464
565
602
571
477
333
162
6
0
0
0
0
0
0
0
0
0
0
0
0
0
3
142
314
461
559
593
566
478
340
169
6
0
0
0
0
0
0
0
0
0
0
0
0
0
3
140
313
460
553
587
569
485
347
174
7
0
0
0
0
0
0
0
0
0
0
0
0
0
3
122
299
379
475
520
407
381
286
135
5
0
0
0
0
0
0
0
0
0
0
0
0
0
3
133
305
448
548
585
552
460
339
172
9
0
0
0
0
0
0
0
0
0
0
0
0
0
3
124
294
443
522
528
520
440
324
167
9
0
0
0
0
0
0
0
0
0
0
0
0
0
3
134
301
435
530
563
541
471
342
176
13
0
0
0
0
0
0
0
0
0
0
0
0
0
4
138
312
461
564
597
564
474
339
175
12
0
0
0
0
0
0
0
0
0
0
0
0
0
4
153
334
488
589
630
606
512
365
189
12
0
0
0
0
0
0
0
0
0
0
0
0
0
5
124
282
536
580
324
98
43
31
16
3
0
0
0
0
0
0
0
0
0
0
0
0
0
5
146
314
467
569
603
578
496
357
188
13
0
0
0
0
0
0
0
0
0
0
0
0
0
2
128
303
451
524
537
542
418
255
108
5
0
0
0
0
0
0
0
0
0
0
0
0
0
6
150
259
408
445
544
554
494
308
151
10
0
0
0
0
0
0
0
0
0
0
0
0
0
5
149
319
456
544
596
580
488
348
184
15
0
0
0
0
0
0
0
0
0
0
0
0
0
6
167
354
514
628
672
651
564
419
228
24
0
0
0
0
0
0
0
0
0
0
0
0
0
2
126
239
368
417
456
478
420
313
166
17
0
0
0
0
0
0
0
0
0
0
0
0
0
8
117
270
396
451
498
479
402
272
169
12
0
0
0
0
0
0
0
0
0
0
0
0
0
8
164
337
485
584
626
607
524
387
204
21
0
0
0
0
0
0
0
0
0
0
0
0
0
10
171
335
474
562
555
529
481
357
196
20
0
0
0
0
0
0
0
0
0
0
0
0
0
4
124
257
417
504
463
470
401
271
149
5
0
0
0
0
0
0
0
0
0
0
0
0
0
2
112
211
433
598
551
506
409
281
167
15
0
0
0
0
0
0
0
0
0
0
0
0
0
9
150
289
440
532
628
565
533
367
226
36
0
0
0
0
0
0
0
0
0
0
0
0
0
22
182
360
365
468
474
541
485
229
146
14
0
0
0
0
0
0
0
0
0
0
0
0
0
13
190
369
518
620
662
641
555
418
244
35
0
0
0
0
0
0
0
0
0
0
0
0
0
14
210
403
562
670
707
682
592
444
256
35
0
0
0
0
0
0
0
0
0
0
0
0
0
15
196
363
501
603
644
626
546
422
251
74
0
0
0
0
0
0
0
0
0
0
0
0
0
17
224
423
586
695
743
716
623
473
280
85
0
0
0
0
0
0
0
0
0
0
0
0
0
17
213
404
563
670
718
689
601
456
273
85
0
0
0
0
0
0
0
0
0
0
0
0
0
20
230
429
591
700
743
720
627
479
286
91
0
0
0
0
0
0
0
0
0
0
0
0
0
14
185
344
493
570
608
598
545
427
232
75
0
0
0
0
0
0
0
0
0
0
0
0
0
4
75
158
233
284
303
261
217
172
93
33
0
0
0
0
0
0
0
0
0
0
0
0
0
5
54
90
123
200
158
176
150
109
64
16
0
0
0
0
0
0
0
0
0
0
0
0
0
16
159
232
294
361
439
429
397
311
250
104
1
0
0
0
0
0
0
0
0
0
0
0
0
25
176
300
295
373
452
584
499
508
219
78
1
0
0
0
0
0
0
0
0
0
0
0
0
26
223
407
569
673
709
686
607
471
292
103
0
0
0
0
0
0
0
0
0
0
0
0
0
29
236
420
575
685
732
702
618
471
292
102
0
0
0
0
0
0
0
0
0
0
0
0
0
27
212
380
543
607
690
675
541
431
267
98
0
0
0
0
0
0
0
0
0
0
0
0
0
27
190
337
478
522
332
489
554
310
225
120
2
0
0
0
0
0
0
0
0
0
0
0
0
64
225
395
535
632
668
641
558
427
263
96
0
0
0
0
0
0
0
0
0
0
0
0
0
51
209
353
487
542
594
487
424
420
258
124
2
0
0
0
0
0
0
0
0
0
0
0
0
65
213
361
490
575
593
572
501
393
237
87
0
0
0
0
0
0
0
0
0
0
0
0
0
28
71
40
238
400
403
491
445
257
199
92
2
0
0
0
0
0
0
0
0
0
0
0
0
77
245
423
551
651
691
648
565
440
280
106
1
0
0
0
0
0
0
0
0
0
0
0
0
68
209
359
456
607
684
684
624
474
296
120
2
0
0
0
0
0
0
0
0
0
0
0
0
61
29
162
289
464
320
279
182
45
224
97
1
0
0
0
0
0
0
0
0
0
0
0
0
82
230
378
516
616
653
638
562
430
268
108
1
0
0
0
0
0
0
0
0
0
0
0
0
50
140
258
318
371
433
452
393
308
192
66
1
0
0
0
0
0
0
0
0
0
0
0
0
94
265
444
591
685
710
681
610
484
313
127
2
0
0
0
0
0
0
0
0
0
0
0
1
113
302
483
631
722
747
729
634
490
318
133
2
0
0
0
0
0
0
0
0
0
0
0
1
117
316
513
673
780
820
792
697
547
352
148
3
0
0
0
0
0
0
0
0
0
0
0
1
115
308
470
614
706
734
723
641
513
336
144
3
0
0
0
0
0
0
0
0
0
0
0
1
109
283
442
593
663
696
657
581
453
280
113
1
0
0
0
0
0
0
0
0
0
0
0
1
129
336
534
693
795
837
805
705
548
356
151
3
0
0
0
0
0
0
0
0
0
0
0
2
124
319
512
668
770
812
787
703
555
366
158
5
0
0
0
0
0
0
0
0
0
0
0
2
142
352
553
711
813
849
812
716
557
362
154
3
0
0
0
0
0
0
0
0
0
0
0
2
138
338
528
672
773
820
788
698
545
355
154
4
0
0
0
0
0
0
0
0
0
0
0
2
141
338
529
686
776
811
769
670
530
345
149
3
0
0
0
0
0
0
0
0
0
0
0
3
152
360
558
717
812
845
814
723
567
378
167
5
0
0
0
0
0
0
0
0
0
0
0
4
164
382
590
754
856
890
862
764
605
401
181
6
0
0
0
0
0
0
0
0
0
0
0
4
165
380
585
741
849
886
856
760
602
402
183
7
0
0
0
0
0
0
0
0
0
0
0
2
66
156
264
342
396
408
368
323
245
173
85
3
0
0
0
0
0
0
0
0
0
0
0
5
165
371
563
718
818
851
818
726
575
382
173
7
0
0
0
0
0
0
0
0
0
0
0
7
183
400
604
765
868
902
869
767
609
407
190
8
0
0
0
0
0
0
0
0
0
0
0
7
176
383
580
726
814
854
813
714
567
380
172
6
0
0
0
0
0
0
0
0
0
0
0
8
178
386
574
725
829
864
832
729
577
384
178
7
0
0
0
0
0
0
0
0
0
0
0
8
174
376
539
652
711
792
774
667
529
339
162
6
0
0
0
0
0
0
0
0
0
0
0
11
168
359
543
690
813
808
705
602
451
279
130
2
0
0
0
0
0
0
0
0
0
0
0
10
178
369
533
670
773
798
788
706
552
372
181
10
0
0
0
0
0
0
0
0
0
0
0
11
180
374
544
681
740
764
724
692
531
367
171
7
0
0
0
0
0
0
0
0
0
0
0
13
196
396
580
721
801
847
822
719
571
386
185
10
0
0
0
0
0
0
0
0
0
0
0
15
193
379
549
693
776
790
793
727
573
392
179
11
0
0
0
0
0
0
0
0
0
0
0
18
240
469
675
833
933
963
920
813
644
435
211
10
0
0
0
0
0
0
0
0
0
0
0
21
250
480
686
845
943
973
932
824
659
451
223
12
0
0
0
0
0
0
0
0
0
0
0
20
211
409
579
704
790
830
812
721
584
397
199
12
0
0
0
0
0
0
0
0
0
0
0
4
37
39
185
256
392
439
339
333
279
178
89
12
0
0
0
0
0
0
0
0
0
0
0
22
210
406
572
704
800
857
829
722
573
404
204
16
0
0
0
0
0
0
0
0
0
0
0
27
254
475
674
829
919
951
909
807
648
445
224
17
0
0
0
0
0
0
0
0
0
0
0
28
235
436
612
757
847
874
840
749
601
409
210
16
0
0
0
0
0
0
0
0
0
0
0
32
263
485
685
839
927
952
911
811
650
446
227
17
0
0
0
0
0
0
0
0
0
0
0
34
263
477
672
821
913
943
908
806
648
450
231
20
0
0
0
0
0
0
0
0
0
0
0
37
274
493
686
840
930
956
915
813
657
460
239
21
0
0
0
0
0
0
0
0
0
0
0
68
246
441
606
717
809
814
801
720
593
419
218
25
0
0
0
0
0
0
0
0
0
0
0
76
265
472
660
798
892
926
890
795
647
452
239
25
0
0
0
0
0
0
0
0
0
0
0
76
258
451
616
742
835
862
854
749
600
423
223
23
0
0
0
0
0
0
0
0
0
0
0
87
289
511
708
858
950
979
943
844
683
482
256
28
0
0
0
0
0
0
0
0
0
0
0
91
296
517
714
865
954
981
943
840
678
475
251
27
0
0
0
0
0
0
0
0
0
0
0
29
24
301
270
433
602
677
693
643
731
428
273
51
0
0
0
0
0
0
0
0
0
0
0
55
233
374
482
562
691
611
770
626
459
475
269
59
0
0
0
0
0
0
0
0
0
0
0
74
212
342
509
662
751
832
834
697
538
426
207
25
0
0
0
0
0
0
0
0
0
0
0
57
188
290
403
516
568
585
535
447
366
235
137
5
0
0
0
0
0
0
0
0
0
0
0
95
287
491
668
796
877
905
890
803
651
457
247
34
0
0
0
0
0
0
0
0
0
0
0
101
293
499
681
825
891
915
885
786
632
448
242
32
0
0
0
0
0
0
0
0
0
0
1
102
288
489
664
804
890
909
868
783
629
436
234
31
0
0
0
0
0
0
0
0
0
0
1
125
361
577
759
932
432
380
387
351
296
193
97
11
0
0
0
0
0
0
0
0
0
0
1
117
321
534
720
864
954
974
931
824
671
477
265
75
0
0
0
0
0
0
0
0
0
0
1
115
311
521
709
847
929
957
922
818
669
474
262
75
0
0
0
0
0
0
0
0
0
0
1
117
314
524
708
845
922
945
898
788
636
448
243
68
0
0
0
0
0
0
0
0
0
0
1
52
207
317
396
422
401
454
498
396
318
261
173
58
0
0
0
0
0
0
0
0
0
0
1
96
246
449
561
676
658
693
683
627
556
366
194
57
0
0
0
0
0
0
0
0
0
0
3
143
368
586
736
888
555
552
521
473
398
288
170
50
0
0
0
0
0
0
0
0
0
0
2
114
273
465
638
702
807
855
822
712
596
438
253
76
0
0
0
0
0
0
0
0
0
0
2
118
286
484
642
750
814
856
816
724
580
445
255
82
0
0
0
0
0
0
0
0
0
0
3
139
340
546
723
861
942
968
928
831
683
491
279
88
0
0
0
0
0
0
0
0
0
0
3
101
280
414
501
675
709
812
835
767
585
327
133
36
0
0
0
0
0
0
0
0
0
0
4
127
319
490
653
754
840
854
812
690
562
404
228
73
0
0
0
0
0
0
0
0
0
0
1
115
237
362
638
566
683
680
670
563
495
301
245
86
1
0
0
0
0
0
0
0
0
0
6
149
359
515
491
447
617
740
663
673
628
463
291
90
1
0
0
0
0
0
0
0
0
0
2
14
32
218
282
462
302
526
843
499
784
520
327
97
0
0
0
0
0
0
0
0
0
0
7
108
359
482
815
776
786
841
602
378
340
177
28
8
0
0
0
0
0
0
0
0
0
0
4
128
292
452
593
713
812
905
838
727
618
471
268
94
1
0
0
0
0
0
0
0
0
0
6
158
362
571
751
883
966
982
942
847
696
504
294
101
0
0
0
0
0
0
0
0
0
0
6
161
368
575
754
889
970
987
951
851
697
509
296
103
1
0
0
0
0
0
0
0
0
0
7
162
366
568
742
876
954
977
935
836
683
494
288
101
0
0
0
0
0
0
0
0
0
0
6
145
333
522
673
790
874
890
874
797
654
475
281
104
1
0
0
0
0
0
0
0
0
0
7
155
350
545
726
861
942
967
926
832
693
506
297
108
1
0
0
0
0
0
0
0
0
0
8
160
354
548
713
836
908
928
876
783
643
463
270
98
1
0
0
0
0
0
0
0
0
0
8
166
362
562
733
865
947
974
937
840
693
511
307
112
1
0
0
0
0
0
0
0
0
0
9
175
381
582
759
892
971
994
948
855
708
521
313
117
1
0
0
0
0
0
0
0
0
0
9
176
378
578
747
879
959
986
952
858
717
535
328
126
2
0
0
0
0
0
0
0
0
0
10
171
369
574
751
884
960
981
937
844
699
517
309
118
2
0
0
0
0
0
0
0
0
0
10
177
383
585
765
895
975
990
953
847
699
511
304
114
1
0
0
0
0
0
0
0
0
0
10
171
369
566
732
855
929
954
925
833
687
510
309
119
2
0
0
0
0
0
0
0
0
0
11
184
386
584
755
878
954
969
931
834
686
501
303
116
1
0
0
0
0
0
0
0
0
0
12
156
329
514
669
766
797
830
814
739
629
474
293
114
2
0
0
0
0
0
0
0
0
0
11
175
354
534
696
827
897
921
868
784
649
483
294
116
1
0
0
0
0
0
0
0
0
0
12
169
357
544
683
790
871
898
871
784
633
477
294
121
3
0
0
0
0
0
0
0
0
0
12
180
379
576
745
875
945
969
937
849
712
530
325
130
3
0
0
0
0
0
0
0
0
0
13
176
375
566
734
851
932
950
910
825
694
517
316
128
3
0
0
0
0
0
0
0
0
0
13
181
381
584
761
892
977
1002
967
874
733
546
340
137
5
0
0
0
0
0
0
0
0
0
13
177
368
558
718
830
907
931
902
802
664
493
301
122
2
0
0
0
0
0
0
0
0
0
13
183
384
584
756
884
966
991
956
855
714
527
323
131
3
0
0
0
0
0
0
0
0
0
13
176
370
563
728
874
946
959
922
831
679
501
304
122
2
0
0
0
0
0
0
0
0
0
14
182
377
579
751
874
955
980
943
853
714
534
332
140
5
0
0
0
0
0
0
0
0
0
15
195
401
606
785
921
1004
1027
987
893
743
555
345
144
4
0
0
0
0
0
0
0
0
0
15
185
385
580
753
878
952
976
955
863
724
544
341
145
5
0
0
0
0
0
0
0
0
0
14
177
363
557
731
858
953
979
944
847
704
532
331
141
5
0
0
0
0
0
0
0
0
0
16
195
403
611
793
933
1018
1041
1002
905
755
564
351
148
5
0
0
0
0
0
0
0
0
0
16
205
419
629
813
952
1031
1053
1013
915
765
572
356
151
4
0
0
0
0
0
0
0
0
0
16
184
378
565
744
879
963
984
944
856
710
528
329
144
5
0
0
0
0
0
0
0
0
0
16
197
405
609
790
929
1010
1033
995
900
754
568
356
155
6
0
0
0
0
0
0
0
0
0
15
173
359
549
709
829
913
948
917
839
698
533
334
147
7
0
0
0
0
0
0
0
0
0
15
171
333
512
708
804
838
893
875
833
664
479
286
114
5
0
0
0
0
0
0
0
0
0
15
178
370
557
732
857
918
961
930
847
712
534
339
150
7
0
0
0
0
0
0
0
0
0
16
199
407
614
792
925
1005
1027
986
889
745
556
348
151
5
0
0
0
0
0
0
0
0
0
16
197
404
614
800
938
1026
1055
1022
923
775
584
369
162
8
0
0
0
0
0
0
0
0
0
15
179
373
564
726
841
920
944
926
844
705
530
337
144
6
0
0
0
0
0
0
0
0
0
14
175
364
563
728
864
936
956
925
842
702
533
350
160
9
0
0
0
0
0
0
0
0
0
11
162
329
484
687
819
874
884
839
711
568
424
234
101
2
0
0
0
0
0
0
0
0
0
14
184
383
584
761
890
966
990
944
860
705
524
324
137
4
0
0
0
0
0
0
0
0
0
15
193
398
607
786
930
1012
1041
1008
915
769
580
369
163
8
0
0
0
0
0
0
0
0
0
14
182
385
584
758
892
980
1008
974
875
737
550
350
156
8
0
0
0
0
0
0
0
0
0
13
166
346
535
691
798
873
914
906
832
706
542
341
154
8
0
0
0
0
0
0
0
0
0
14
179
372
565
740
868
947
975
949
857
719
543
344
153
7
0
0
0
0
0
0
0
0
0
14
174
366
562
727
852
940
970
942
842
706
538
347
154
8
0
0
0
0
0
0
0
0
0
14
182
379
581
759
889
971
992
960
867
728
547
349
155
7
0
0
0
0
0
0
0
0
0
13
171
361
552
721
857
944
966
937
844
710
533
345
154
8
0
0
0
0
0
0
0
0
0
11
158
333
524
705
840
919
925
875
799
669
515
332
152
8
0
0
0
0
0
0
0
0
0
12
174
367
571
739
873
953
984
955
863
725
546
346
156
8
0
0
0
0
0
0
0
0
0
12
168
357
548
720
853
939
969
942
858
725
551
355
163
10
0
0
0
0
0
0
0
0
0
12
167
355
554
729
860
960
994
962
876
746
563
362
164
10
0
0
0
0
0
0
0
0
0
12
180
382
586
766
904
981
1009
973
884
732
551
346
151
6
0
0
0
0
0
0
0
0
0
12
178
380
583
764
906
990
1010
974
887
744
558
353
156
7
0
0
0
0
0
0
0
0
0
11
171
367
567
746
875
959
984
957
868
727
548
344
153
7
0
0
0
0
0
0
0
0
0
11
172
371
574
752
888
969
992
959
871
727
551
349
154
7
0
0
0
0
0
0
0
0
0
11
172
371
574
756
895
982
1011
986
898
754
572
367
165
9
0
0
0
0
0
0
0
0
0
11
181
387
596
781
922
1006
1034
1000
909
766
582
372
167
7
0
0
0
0
0
0
0
0
0
11
183
391
600
783
925
1011
1039
1008
920
773
588
378
171
8
0
0
0
0
0
0
0
0
0
10
178
365
567
725
894
1040
1050
1058
958
813
619
398
180
17
0
0
0
0
0
0
0
0
0
9
170
372
578
762
900
987
1017
985
895
750
566
358
159
7
0
0
0
0
0
0
0
0
0
9
169
372
580
762
898
984
1018
987
900
756
572
363
162
7
0
0
0
0
0
0
0
0
0
8
165
367
570
751
892
982
1008
979
890
749
566
359
159
7
0
0
0
0
0
0
0
0
0
8
164
365
570
754
898
984
1009
976
880
738
555
348
150
5
0
0
0
0
0
0
0
0
0
8
165
367
576
759
900
987
1024
998
908
769
586
373
166
8
0
0
0
0
0
0
0
0
0
7
158
357
563
747
889
978
1002
964
874
734
546
341
146
5
0
0
0
0
0
0
0
0
0
7
157
359
566
747
884
969
1000
966
877
734
552
345
148
5
0
0
0
0
0
0
0
0
0
7
154
352
561
741
882
970
1003
973
887
751
567
362
157
8
0
0
0
0
0
0
0
0
0
6
152
349
556
742
882
972
1005
976
885
743
563
352
153
6
0
0
0
0
0
0
0
0
0
6
151
350
555
742
879
965
992
963
878
739
554
347
149
6
0
0
0
0
0
0
0
0
0
5
146
341
546
729
866
948
981
942
851
702
523
322
134
4
0
0
0
0
0
0
0
0
0
5
144
341
545
722
856
943
967
935
847
712
532
329
138
4
0
0
0
0
0
0
0
0
0
5
151
354
563
746
890
980
1001
967
873
731
547
342
143
4
0
0
0
0
0
0
0
0
0
5
152
356
565
749
891
982
1011
977
891
750
565
354
151
5
0
0
0
0
0
0
0
0
0
4
148
351
559
744
887
975
1007
976
883
743
557
349
148
4
0
0
0
0
0
0
0
0
0
4
144
345
549
731
870
957
986
955
866
723
538
332
137
3
0
0
0
0
0
0
0
0
0
4
141
341
552
735
877
968
1006
974
884
741
554
346
143
4
0
0
0
0
0
0
0
0
0
3
133
327
531
709
848
940
973
937
857
712
527
326
133
3
0
0
0
0
0
0
0
0
0
3
134
330
537
723
864
951
982
941
843
705
522
319
127
2
0
0
0
0
0
0
0
0
0
3
133
328
535
721
858
944
976
943
855
710
526
321
128
2
0
0
0
0
0
0
0
0
0
3
135
337
544
735
876
961
982
938
847
705
521
314
122
1
0
0
0
0
0
0
0
0
0
3
129
326
535
721
868
961
988
961
869
730
543
333
134
3
0
0
0
0
0
0
0
0
0
2
129
325
530
711
850
939
972
942
855
713
532
323
128
2
0
0
0
0
0
0
0
0
0
2
119
306
509
673
818
878
900
861
789
646
485
293
112
2
0
0
0
0
0
0
0
0
0
2
120
308
515
695
845
930
953
934
854
718
534
325
127
3
0
0
0
0
0
0
0
0
0
2
128
332
545
739
892
983
1022
992
898
747
553
334
129
3
0
0
0
0
0
0
0
0
0
2
119
310
512
703
856
935
961
928
845
706
524
319
123
2
0
0
0
0
0
0
0
0
0
1
115
308
514
691
830
922
951
910
825
678
491
296
109
1
0
0
0
0
0
0
0
0
0
1
109
294
492
675
798
898
923
873
795
659
488
282
105
1
0
0
0
0
0
0
0
0
0
1
108
292
496
678
818
896
921
888
786
658
484
283
102
1
0
0
0
0
0
0
0
0
0
1
112
299
512
687
819
907
939
911
829
696
518
310
113
1
0
0
0
0
0
0
0
0
0
1
106
289
499
684
831
922
947
914
821
683
501
299
108
1
0
0
0
0
0
0
0
0
0
1
105
292
495
688
834
924
949
922
837
695
508
302
109
1
0
0
0
0
0
0
0
0
0
1
104
289
482
674
808
903
934
907
818
681
493
284
97
0
0
0
0
0
0
0
0
0
0
1
86
270
459
610
744
827
808
765
675
625
407
262
79
0
0
0
0
0
0
0
0
0
0
1
102
294
504
692
837
927
960
928
833
686
494
283
95
0
0
0
0
0
0
0
0
0
0
1
98
280
483
663
816
895
940
910
812
660
483
273
92
0
0
0
0
0
0
0
0
0
0
0
101
295
508
699
846
937
967
932
837
687
495
282
92
0
0
0
0
0
0
0
0
0
0
0
91
271
461
633
766
851
889
863
780
648
463
268
84
0
0
0
0
0
0
0
0
0
0
0
100
299
513
708
857
949
982
947
845
693
498
282
89
0
0
0
0
0
0
0
0
0
0
0
94
288
483
657
797
872
908
880
787
656
468
263
82
0
0
0
0
0
0
0
0
0
0
0
95
290
508
700
849
946
975
941
849
696
501
280
85
0
0
0
0
0
0
0
0
0
0
0
88
273
476
659
800
889
921
888
796
655
469
261
78
0
0
0
0
0
0
0
0
0
0
0
88
278
487
677
828
913
930
896
801
649
463
253
73
0
0
0
0
0
0
0
0
0
0
0
87
278
491
685
832
926
951
915
820
668
472
257
73
0
0
0
0
0
0
0
0
0
0
0
84
271
481
670
825
919
951
920
826
677
477
258
71
0
0
0
0
0
0
0
0
0
0
0
82
265
466
656
807
883
918
888
805
651
465
253
37
0
0
0
0
0
0
0
0
0
0
0
80
266
473
641
776
869
899
856
760
613
441
231
27
0
0
0
0
0
0
0
0
0
0
0
76
245
444
623
767
859
888
846
750
606
421
223
25
0
0
0
0
0
0
0
0
0
0
0
74
250
452
639
782
870
895
865
768
631
447
242
29
0
0
0
0
0
0
0
0
0
0
0
75
259
466
654
811
898
925
882
780
638
446
239
28
0
0
0
0
0
0
0
0
0
0
0
72
253
458
654
798
884
922
880
780
633
441
231
27
0
0
0
0
0
0
0
0
0
0
0
74
260
468
652
797
892
912
881
778
623
433
223
21
0
0
0
0
0
0
0
0
0
0
0
75
267
487
685
836
929
947
901
795
629
427
213
15
0
0
0
0
0
0
0
0
0
0
0
73
263
472
663
816
905
934
898
801
644
447
230
22
0
0
0
0
0
0
0
0
0
0
0
64
233
432
599
732
805
841
818
736
601
409
204
19
0
0
0
0
0
0
0
0
0
0
0
33
248
458
643
788
866
887
846
739
586
397
191
11
0
0
0
0
0
0
0
0
0
0
0
31
233
431
609
747
816
840
791
700
544
366
173
10
0
0
0
0
0
0
0
0
0
0
0
30
241
446
635
778
869
891
844
747
589
396
190
11
0
0
0
0
0
0
0
0
0
0
0
29
226
409
595
699
787
786
761
631
505
327
145
5
0
0
0
0
0
0
0
0
0
0
0
5
126
224
338
617
617
727
608
488
537
433
205
23
0
0
0
0
0
0
0
0
0
0
0
21
197
374
555
624
737
706
666
613
514
324
135
8
0
0
0
0
0
0
0
0
0
0
0
23
199
369
553
673
756
818
764
618
450
306
169
8
0
0
0
0
0
0
0
0
0
0
0
24
224
419
591
724
792
811
785
692
544
358
164
7
0
0
0
0
0
0
0
0
0
0
0
25
237
449
639
781
868
892
844
740
580
383
172
6
0
0
0
0
0
0
0
0
0
0
0
23
196
346
453
676
699
708
654
619
445
296
118
5
0
0
0
0
0
0
0
0
0
0
0
22
215
397
560
666
739
763
751
653
493
332
140
3
0
0
0
0
0
0
0
0
0
0
0
21
224
423
605
747
831
859
818
714
552
359
155
4
0
0
0
0
0
0
0
0
0
0
0
21
230
440
628
765
852
871
822
717
554
361
154
4
0
0
0
0
0
0
0
0
0
0
0
20
228
440
631
780
865
883
842
739
573
369
156
4
0
0
0
0
0
0
0
0
0
0
0
20
226
435
619
760
828
844
800
690
532
337
138
2
0
0
0
0
0
0
0
0
0
0
0
17
213
415
598
741
826
840
789
674
519
324
128
1
0
0
0
0
0
0
0
0
0
0
0
18
221
430
618
759
840
858
808
699
537
338
134
1
0
0
0
0
0
0
0
0
0
0
0
17
226
440
627
772
855
874
828
713
545
343
136
1
0
0
0
0
0
0
0
0
0
0
0
4
19
38
282
67
161
581
915
676
278
30
87
1
0
0
0
0
0
0
0
0
0
0
0
15
213
424
611
752
839
862
810
702
537
334
128
1
0
0
0
0
0
0
0
0
0
0
0
14
206
411
586
717
793
816
770
661
502
310
114
1
0
0
0
0
0
0
0
0
0
0
0
12
176
349
506
621
685
695
657
565
428
261
95
0
0
0
0
0
0
0
0
0
0
0
0
9
167
347
477
607
681
732
671
568
426
273
104
1
0
0
0
0
0
0
0
0
0
0
0
12
199
405
590
724
804
824
780
676
507
310
108
0
0
0
0
0
0
0
0
0
0
0
0
11
177
359
522
656
721
765
721
631
470
289
101
0
0
0
0
0
0
0
0
0
0
0
0
11
189
390
573
712
786
811
755
652
487
288
98
0
0
0
0
0
0
0
0
0
0
0
0
9
174
367
524
648
726
769
710
608
456
269
87
0
0
0
0
0
0
0
0
0
0
0
0
10
194
405
597
738
816
840
795
679
509
300
95
0
0
0
0
0
0
0
0
0
0
0
0
8
181
376
551
678
759
776
731
626
460
263
81
0
0
0
0
0
0
0
0
0
0
0
0
8
183
388
574
712
794
816
767
653
485
283
86
0
0
0
0
0
0
0
0
0
0
0
0
2
93
190
305
392
426
456
439
351
282
153
44
0
0
0
0
0
0
0
0
0
0
0
0
7
163
345
504
651
715
717
650
564
404
225
27
0
0
0
0
0
0
0
0
0
0
0
0
7
137
291
434
552
643
687
649
532
412
229
40
0
0
0
0
0
0
0
0
0
0
0
0
6
153
335
489
619
680
717
674
569
408
219
31
0
0
0
0
0
0
0
0
0
0
0
0
5
129
198
229
411
353
264
465
582
455
288
62
0
0
0
0
0
0
0
0
0
0
0
0
6
166
364
543
674
751
764
709
594
432
237
25
0
0
0
0
0
0
0
0
0
0
0
0
5
156
346
511
645
732
743
694
584
425
234
27
0
0
0
0
0
0
0
0
0
0
0
0
5
165
366
547
685
762
774
716
601
432
233
23
0
0
0
0
0
0
0
0
0
0
0
0
4
152
344
510
644
729
738
683
565
403
217
20
0
0
0
0
0
0
0
0
0
0
0
0
4
145
322
481
598
678
696
639
529
382
200
17
0
0
0
0
0
0
0
0
0
0
0
0
8
118
288
336
448
531
686
594
514
405
192
10
0
0
0
0
0
0
0
0
0
0
0
0
3
147
342
522
653
727
740
681
561
394
201
14
0
0
0
0
0
0
0
0
0
0
0
0
3
142
332
507
643
721
733
677
560
398
204
16
0
0
0
0
0
0
0
0
0
0
0
0
3
125
282
439
584
640
625
572
430
282
125
3
0
0
0
0
0
0
0
0
0
0
0
0
1
89
245
402
521
584
681
627
458
256
156
11
0
0
0
0
0
0
0
0
0
0
0
0
2
135
326
504
637
715
726
669
549
383
191
12
0
0
0
0
0
0
0
0
0
0
0
0
2
119
298
446
606
662
618
560
451
308
144
6
0
0
0
0
0
0
0
0
0
0
0
0
2
115
272
410
526
583
593
553
446
299
129
2
0
0
0
0
0
0
0
0
0
0
0
0
1
113
284
449
550
604
643
587
500
358
180
11
0
0
0
0
0
0
0
0
0
0
0
0
1
125
318
501
638
717
727
671
546
377
180
8
0
0
0
0
0
0
0
0
0
0
0
0
2
117
307
469
569
623
609
568
449
304
132
3
0
0
0
0
0
0
0
0
0
0
0
0
1
121
308
487
624
699
705
648
528
360
168
6
0
0
0
0
0
0
0
0
0
0
0
0
1
111
284
407
540
592
668
535
369
244
123
2
0
0
0
0
0
0
0
0
0
0
0
0
0
100
265
431
545
627
623
574
477
326
152
6
0
0
0
0
0
0
0
0
0
0
0
0
1
112
298
476
599
675
683
628
510
346
156
5
0
0
0
0
0
0
0
0
0
0
0
0
0
77
179
308
424
480
480
428
345
222
88
1
0
0
0
0
0
0
0
0
0
0
0
0
0
101
281
456
563
622
622
569
444
292
126
1
0
0
0
0
0
0
0
0
0
0
0
0
0
91
257
412
518
582
599
564
459
312
142
4
0
0
0
0
0
0
0
0
0
0
0
0
0
95
267
438
564
631
641
571
461
306
130
2
0
0
0
0
0
0
0
0
0
0
0
0
0
94
272
446
579
655
668
613
493
329
142
4
0
0
0
0
0
0
0
0
0
0
0
0
0
94
269
434
566
633
649
598
478
318
138
3
0
0
0
0
0
0
0
0
0
0
0
0
0
86
241
391
549
584
586
513
400
279
126
1
0
0
0
0
0
0
0
0
0
0
0
0
0
91
272
447
583
658
667
613
490
321
132
2
0
0
0
0
0
0
0
0
0
0
0
0
0
7
194
386
461
408
211
157
277
161
73
2
0
0
0
0
0
0
0
0
0
0
0
0
0
81
252
417
548
624
630
578
463
298
124
1
0
0
0
0
0
0
0
0
0
0
0
0
0
62
197
330
423
478
490
443
349
233
92
1
0
0
0
0
0
0
0
0
0
0
0
0
0
75
238
404
536
613
630
571
456
296
120
2
0
0
0
0
0
0
0
0
0
0
0
0
0
64
210
362
468
525
538
492
378
233
91
1
0
0
0
0
0
0
0
0
0
0
0
0
0
64
210
347
457
519
525
477
378
243
94
0
0
0
0
0
0
0
0
0
0
0
0
0
0
60
192
317
441
516
515
465
363
255
90
0
0
0
0
0
0
0
0
0
0
0
0
0
0
34
237
409
538
609
618
564
443
283
109
1
0
0
0
0
0
0
0
0
0
0
0
0
0
32
237
409
538
611
622
564
448
287
109
1
0
0
0
0
0
0
0
0
0
0
0
0
0
31
234
405
536
607
619
560
444
281
106
0
0
0
0
0
0
0
0
0
0
0
0
0
0
24
196
346
470
546
552
517
425
270
102
1
0
0
0
0
0
0
0
0
0
0
0
0
0
21
243
387
516
451
398
329
307
219
98
0
0
0
0
0
0
0
0
0
0
0
0
0
0
26
223
391
519
596
612
560
441
279
102
0
0
0
0
0
0
0
0
0
0
0
0
0
0
6
141
237
411
525
546
444
377
250
103
1
0
0
0
0
0
0
0
0
0
0
0
0
0
24
206
362
483
549
557
513
400
251
86
0
0
0
0
0
0
0
0
0
0
0
0
0
0
27
175
308
307
370
634
402
214
161
53
0
0
0
0
0
0
0
0
0
0
0
0
0
0
7
114
302
500
575
338
302
281
97
91
1
0
0
0
0
0
0
0
0
0
0
0
0
0
19
198
360
492
574
584
525
414
257
91
0
0
0
0
0
0
0
0
0
0
0
0
0
0
17
197
360
491
569
578
517
401
244
81
0
0
0
0
0
0
0
0
0
0
0
0
0
0
4
16
30
41
47
48
597
440
218
14
0
0
0
0
0
0
0
0
0
0
0
0
0
0
6
39
61
105
125
128
473
393
251
99
0
0
0
0
0
0
0
0
0
0
0
0
0
0
12
175
305
415
491
481
425
339
213
78
0
0
0
0
0
0
0
0
0
0
0
0
0
0
12
181
336
459
523
539
479
386
233
80
0
0
0
0
0
0
0
0
0
0
0
0
0
0
12
176
336
455
544
563
508
405
252
88
0
0
0
0
0
0
0
0
0
0
0
0
0
0
11
178
339
477
555
574
519
411
254
87
0
0
0
0
0
0
0
0
0
0
0
0
0
0
12
173
329
447
511
521
476
372
232
77
0
0
0
0
0
0
0
0
0
0
0
0
0
0
8
160
287
414
494
500
467
364
225
74
0
0
0
0
0
0
0
0
0
0
0
0
0
0
9
161
317
446
521
533
493
384
240
79
0
0
0
0
0
0
0
0
0
0
0
0
0
0
9
172
333
465
542
555
496
391
238
79
0
0
0
0
0
0
0
0
0
0
0
0
0
0
8
165
264
310
429
311
289
159
131
80
0
0
0
0
0
0
0
0
0
0
0
0
0
0
4
109
268
403
378
469
260
141
157
19
0
0
0
0
0
0
0
0
0
0
0
0
0
0
6
144
288
412
495
470
446
358
235
79
0
0
0
0
0
0
0
0
0
0
0
0
0
0
4
127
297
387
445
394
431
351
216
59
0
0
0
0
0
0
0
0
0
0
0
0
0
0
7
156
307
424
500
516
476
374
227
72
0
0
0
0
0
0
0
0
0
0
0
0
0
0
4
132
277
391
460
490
463
364
226
72
0
0
0
0
0
0
0
0
0
0
0
0
0
0
6
149
306
435
511
523
471
372
225
76
0
0
0
0
0
0
0
0
0
0
0
0
0
0
4
108
224
377
433
437
439
357
232
77
0
0
0
0
0
0
0
0
0
0
0
0
0
0
4
111
276
341
440
374
391
303
202
55
0
0
0
0
0
0
0
0
0
0
0
0
0
0
4
141
310
415
468
454
392
332
206
74
0
0
0
0
0
0
0
0
0
0
0
0
0
0
5
125
260
345
417
445
395
338
260
85
0
0
0
0
0
0
0
0
0
0
0
0
0
0
4
126
281
410
484
507
458
355
223
77
0
0
0
0
0
0
0
0
0
0
0
0
0
0
3
132
276
407
410
493
368
275
158
56
0
0
0
0
0
0
0
0
0
0
0
0
0
0
3
120
268
388
468
493
453
371
228
82
0
0
0
0
0
0
0
0
0
0
0
0
0
0
1
99
204
304
353
372
401
319
229
66
0
0
0
0
0
0
0
0
0
0
0
0
0
0
1
93
223
361
393
390
374
311
224
78
0
0
0
0
0
0
0
0
0
0
0
0
0
0
1
84
210
309
378
386
364
282
176
63
0
0
0
0
0
0
0
0
0
0
0
0
0
0
1
35
104
139
235
209
190
160
135
36
0
0
0
0
0
0
0
0
0
0
0
0
0
0
1
86
194
315
385
378
331
288
183
55
0
0
0
0
0
0
0
0
0
0
0
0
0
0
1
33
140
345
425
600
409
218
109
27
0
0
0
0
0
0
0
0
0
0
0
0
0
0
2
121
261
384
476
499
457
366
234
87
0
0
0
0
0
0
0
0
0
0
0
0
0
0
2
120
275
409
486
520
483
390
247
93
0
0
0
0
0
0
0
0
0
0
0
0
0
0
2
115
264
389
468
490
453
364
232
85
0
0
0
0
0
0
0
0
0
0
0
0
0
0
2
108
248
367
444
469
433
348
224
83
0
0
0
0
0
0
0
0
0
0
0
0
0
0
1
68
171
250
287
296
278
235
157
54
0
0
0
0
0
0
0
0
0
0
0
0
0
0
1
67
168
248
291
293
286
237
146
53
0
0
0
0
0
0
0
0
0
0
0
0
0
0
9
108
171
267
388
583
381
49
25
8
0
0
0
0
0
0
0
0
0
0
0
0
0
0
3
70
226
202
439
287
304
327
238
94
0
0
0
0
0
0
0