0
0
0
0
0
0
0
2
124
290
434
534
563
526
430
284
118
1
0
0
0
0
0
0
0
0
0
0
0
0
0
2
128
298
441
534
566
532
438
295
126
2
0
0
0
0
0
0
0
0
0
0
0
0
0
1
97
236
358
452
473
456
377
261
111
2
0
0
0
0
0
0
0
0
0
0
0
0
0
2
124
285
427
522
547
512
441
305
133
2
0
0
0
0
0
0
0
0
0
0
0
0
0
2
102
239
377
438
497
510
396
286
127
2
0
0
0
0
0
0
0
0
0
0
0
0
0
1
100
246
371
397
447
411
383
247
103
1
0
0
0
0
0
0
0
0
0
0
0
0
0
1
126
278
392
426
453
441
365
288
135
4
0
0
0
0
0
0
0
0
0
0
0
0
0
2
116
271
404
506
528
503
422
293
139
4
0
0
0
0
0
0
0
0
0
0
0
0
0
2
92
237
369
462
503
475
374
281
125
2
0
0
0
0
0
0
0
0
0
0
0
0
0
1
95
232
379
434
450
447
362
235
103
1
0
0
0
0
0
0
0
0
0
0
0
0
0
1
109
269
393
449
502
467
432
274
112
1
0
0
0
0
0
0
0
0
0
0
0
0
0
1
92
225
338
410
436
416
337
228
115
3
0
0
0
0
0
0
0
0
0
0
0
0
0
1
80
192
231
231
206
249
246
187
68
2
0
0
0
0
0
0
0
0
0
0
0
0
0
1
76
220
351
411
391
361
319
215
110
2
0
0
0
0
0
0
0
0
0
0
0
0
0
2
119
286
424
521
565
557
470
326
156
6
0
0
0
0
0
0
0
0
0
0
0
0
0
1
119
274
420
517
536
482
423
308
160
9
0
0
0
0
0
0
0
0
0
0
0
0
0
1
25
68
102
96
100
448
357
250
120
2
0
0
0
0
0
0
0
0
0
0
0
0
0
1
62
146
199
261
277
278
231
181
90
2
0
0
0
0
0
0
0
0
0
0
0
0
0
7
56
175
233
216
583
441
382
248
168
3
0
0
0
0
0
0
0
0
0
0
0
0
0
2
105
258
370
457
450
416
363
275
124
2
0
0
0
0
0
0
0
0
0
0
0
0
0
2
131
308
464
570
611
580
484
341
172
9
0
0
0
0
0
0
0
0
0
0
0
0
0
3
123
297
408
508
552
477
427
314
155
8
0
0
0
0
0
0
0
0
0
0
0
0
0
3
126
286
456
530
496
426
331
252
121
3
0
0
0
0
0
0
0
0
0
0
0
0
0
3
128
283
436
539
566
543
468
333
174
10
0
0
0
0
0
0
0
0
0
0
0
0
0
2
128
303
454
544
573
564
461
311
150
9
0
0
0
0
0
0
0
0
0
0
0
0
0
3
142
307
416
475
523
535
486
357
184
16
0
0
0
0
0
0
0
0
0
0
0
0
0
4
139
251
404
444
547
560
499
309
149
9
0
0
0
0
0
0
0
0
0
0
0
0
0
3
135
304
439
524
584
574
478
338
177
12
0
0
0
0
0
0
0
0
0
0
0
0
0
10
154
306
448
542
528
504
376
266
150
12
0
0
0
0
0
0
0
0
0
0
0
0
0
1
23
50
68
79
103
505
435
294
149
4
0
0
0
0
0
0
0
0
0
0
0
0
0
5
148
328
490
592
633
601
515
377
204
19
0
0
0
0
0
0
0
0
0
0
0
0
0
2
76
157
244
272
307
310
244
179
99
4
0
0
0
0
0
0
0
0
0
0
0
0
0
2
122
272
451
552
514
521
445
300
163
4
0
0
0
0
0
0
0
0
0
0
0
0
0
5
146
298
433
546
582
554
488
325
192
20
0
0
0
0
0
0
0
0
0
0
0
0
0
2
107
221
429
584
558
520
426
295
171
15
0
0
0
0
0
0
0
0
0
0
0
0
0
13
158
335
360
465
477
536
479
237
146
12
0
0
0
0
0
0
0
0
0
0
0
0
0
13
158
305
518
559
416
355
316
283
172
5
0
0
0
0
0
0
0
0
0
0
0
0
0
9
152
377
549
610
551
381
307
249
150
6
0
0
0
0
0
0
0
0
0
0
0
0
0
2
47
116
179
123
372
392
391
327
248
52
0
0
0
0
0
0
0
0
0
0
0
0
0
2
14
115
192
509
221
654
638
96
146
30
0
0
0
0
0
0
0
0
0
0
0
0
0
9
184
374
537
648
690
670
580
433
247
31
0
0
0
0
0
0
0
0
0
0
0
0
0
6
86
167
235
297
335
371
288
236
202
76
0
0
0
0
0
0
0
0
0
0
0
0
0
2
102
202
253
309
343
284
235
205
139
45
0
0
0
0
0
0
0
0
0
0
0
0
0
7
154
329
486
561
577
567
538
398
252
75
0
0
0
0
0
0
0
0
0
0
0
0
0
11
163
332
457
580
622
619
503
394
225
73
0
0
0
0
0
0
0
0
0
0
0
0
0
10
136
236
383
539
535
550
523
404
272
57
0
0
0
0
0
0
0
0
0
0
0
0
0
14
209
407
571
685
733
715
628
486
296
98
0
0
0
0
0
0
0
0
0
0
0
0
0
14
200
382
536
644
700
689
609
463
283
95
0
0
0
0
0
0
0
0
0
0
0
0
0
15
209
398
558
661
709
689
606
467
281
94
0
0
0
0
0
0
0
0
0
0
0
0
0
18
226
429
598
712
764
743
652
500
306
105
0
0
0
0
0
0
0
0
0
0
0
0
0
19
212
389
553
641
683
652
575
441
262
88
0
0
0
0
0
0
0
0
0
0
0
0
0
4
123
285
374
404
457
501
323
145
23
50
0
0
0
0
0
0
0
0
0
0
0
0
0
18
195
366
513
612
653
631
553
420
255
89
0
0
0
0
0
0
0
0
0
0
0
0
0
25
194
315
489
547
591
436
370
243
293
77
1
0
0
0
0
0
0
0
0
0
0
0
0
23
227
418
580
690
737
713
619
485
301
107
0
0
0
0
0
0
0
0
0
0
0
0
0
22
200
374
535
622
652
631
569
438
263
106
1
0
0
0
0
0
0
0
0
0
0
0
0
19
168
321
448
515
554
521
441
349
224
82
0
0
0
0
0
0
0
0
0
0
0
0
0
26
220
405
555
628
677
662
593
447
297
119
2
0
0
0
0
0
0
0
0
0
0
0
0
31
246
438
604
720
769
744
659
516
320
122
1
0
0
0
0
0
0
0
0
0
0
0
0
31
242
425
569
658
722
704
634
496
306
119
1
0
0
0
0
0
0
0
0
0
0
0
0
57
213
376
507
602
654
620
544
423
255
100
1
0
0
0
0
0
0
0
0
0
0
0
0
62
226
404
564
661
665
616
561
404
250
102
1
0
0
0
0
0
0
0
0
0
0
0
0
49
164
262
359
439
469
425
379
272
178
67
1
0
0
0
0
0
0
0
0
0
0
0
0
74
250
435
586
673
706
680
595
465
293
115
1
0
0
0
0
0
0
0
0
0
0
0
0
69
255
433
559
590
639
615
617
427
308
145
3
0
0
0
0
0
0
0
0
0
0
0
0
14
121
142
278
320
247
468
239
196
83
52
1
0
0
0
0
0
0
0
0
0
0
0
0
89
194
379
498
569
680
541
558
507
366
168
9
0
0
0
0
0
0
0
0
0
0
0
0
51
169
256
346
400
406
452
397
327
198
86
1
0
0
0
0
0
0
0
0
0
0
0
0
94
270
453
604
685
714
712
639
498
315
131
1
0
0
0
0
0
0
0
0
0
0
0
0
98
288
475
617
721
766
733
654
529
352
150
4
0
0
0
0
0
0
0
0
0
0
0
0
111
315
515
679
787
838
818
721
569
376
164
4
0
0
0
0
0
0
0
0
0
0
0
1
112
303
479
633
732
762
761
682
529
345
156
4
0
0
0
0
0
0
0
0
0
0
0
0
105
281
448
572
640
689
690
594
467
317
146
5
0
0
0
0
0
0
0
0
0
0
0
1
121
328
536
695
803
848
814
721
571
374
162
4
0
0
0
0
0
0
0
0
0
0
0
1
119
316
509
668
781
827
810
723
572
378
171
6
0
0
0
0
0
0
0
0
0
0
0
1
132
341
548
713
818
862
833
734
583
384
172
4
0
0
0
0
0
0
0
0
0
0
0
2
129
332
532
688
791
832
799
712
564
380
170
6
0
0
0
0
0
0
0
0
0
0
0
1
127
322
513
677
764
794
768
690
552
372
168
6
0
0
0
0
0
0
0
0
0
0
0
2
142
348
551
716
820
867
835
750
595
396
183
8
0
0
0
0
0
0
0
0
0
0
0
3
154
374
582
746
856
898
865
767
609
406
186
7
0
0
0
0
0
0
0
0
0
0
0
3
158
378
587
748
858
899
869
772
616
414
194
9
0
0
0
0
0
0
0
0
0
0
0
1
68
165
244
307
360
411
375
347
290
191
101
7
0
0
0
0
0
0
0
0
0
0
0
4
158
373
569
716
809
844
821
740
589
390
179
7
0
0
0
0
0
0
0
0
0
0
0
5
170
387
589
752
859
894
862
767
609
409
193
8
0
0
0
0
0
0
0
0
0
0
0
6
173
385
570
731
829
862
826
720
566
381
177
6
0
0
0
0
0
0
0
0
0
0
0
6
166
374
565
720
813
851
828
736
584
398
191
10
0
0
0
0
0
0
0
0
0
0
0
6
162
375
547
682
728
764
722
680
539
371
173
7
0
0
0
0
0
0
0
0
0
0
0
9
174
318
509
677
720
723
730
664
481
354
180
4
0
0
0
0
0
0
0
0
0
0
0
8
165
370
562
711
793
835
763
661
547
360
171
6
0
0
0
0
0
0
0
0
0
0
0
9
174
361
508
634
745
786
764
675
559
361
174
9
0
0
0
0
0
0
0
0
0
0
0
11
187
370
541
677
771
787
801
700
564
382
189
14
0
0
0
0
0
0
0
0
0
0
0
12
204
416
616
771
867
900
871
775
619
422
208
13
0
0
0
0
0
0
0
0
0
0
0
13
234
466
668
859
531
578
576
520
405
251
111
4
0
0
0
0
0
0
0
0
0
0
0
14
204
408
596
745
840
877
849
767
616
430
225
18
0
0
0
0
0
0
0
0
0
0
0
14
211
424
614
756
846
871
840
753
608
419
213
15
0
0
0
0
0
0
0
0
0
0
0
10
111
218
343
411
473
494
497
390
304
221
92
4
0
0
0
0
0
0
0
0
0
0
0
18
216
428
617
770
876
910
878
789
645
445
231
21
0
0
0
0
0
0
0
0
0
0
0
20
225
438
630
777
873
909
873
779
626
430
217
17
0
0
0
0
0
0
0
0
0
0
0
21
221
422
589
735
814
873
848
754
595
409
210
19
0
0
0
0
0
0
0
0
0
0
0
20
210
423
595
718
794
813
767
640
540
378
202
19
0
0
0
0
0
0
0
0
0
0
0
24
221
420
594
705
823
809
782
684
521
341
188
20
0
0
0
0
0
0
0
0
0
0
0
27
243
450
638
787
876
917
887
788
637
453
241
26
0
0
0
0
0
0
0
0
0
0
0
33
273
504
707
862
961
995
955
852
693
483
253
24
0
0
0
0
0
0
0
0
0
0
0
31
241
443
625
775
860
895
877
788
642
444
234
25
0
0
0
0
0
0
0
0
0
0
0
34
261
480
675
824
917
942
902
806
646
453
238
24
0
0
0
0
0
0
0
0
0
0
0
68
255
465
652
790
864
868
832
744
608
425
225
24
0
0
0
0
0
0
0
0
0
0
0
67
221
340
557
683
762
653
739
740
555
410
192
37
0
0
0
0
0
0
0
0
0
0
0
64
289
284
309
334
580
368
757
506
699
321
139
18
0
0
0
0
0
0
0
0
0
0
0
85
289
517
718
867
958
981
939
830
665
460
241
23
0
0
0
0
0
0
0
0
0
0
0
81
266
474
665
805
896
925
897
790
642
459
249
32
0
0
0
0
0
0
0
0
0
0
0
79
255
454
517
668
736
749
776
517
483
340
190
22
0
0
0
0
0
0
0
0
0
0
0
68
220
372
538
655
677
746
756
743
650
467
275
61
0
0
0
0
0
0
0
0
0
0
0
82
266
459
641
759
842
830
825
713
582
392
219
18
0
0
0
0
0
0
0
0
0
0
0
94
289
503
689
841
934
967
931
827
669
472
258
72
0
0
0
0
0
0
0
0
0
0
0
100
298
507
696
839
929
957
927
831
679
484
267
76
0
0
0
0
0
0
0
0
0
0
0
84
250
431
594
719
796
815
785
701
574
403
222
63
0
0
0
0
0
0
0
0
0
0
0
9
74
479
422
163
549
704
1035
595
237
42
23
39
0
0
0
0
0
0
0
0
0
0
0
93
274
467
655
788
850
903
871
784
640
451
250
75
0
0
0
0
0
0
0
0
0
0
1
94
262
459
647
775
868
908
881
768
624
441
237
73
0
0
0
0
0
0
0
0
0
0
1
107
302
508
695
844
935
967
933
837
683
491
278
85
0
0
0
0
0
0
0
0
0
0
1
110
306
514
695
827
914
940
913
820
668
476
268
80
0
0
0
0
0
0
0
0
0
0
1
82
291
415
535
644
800
866
824
617
543
323
208
72
0
0
0
0
0
0
0
0
0
0
1
138
361
611
828
918
436
486
413
308
279
221
120
40
0
0
0
0
0
0
0
0
0
0
1
113
293
486
672
803
865
887
844
755
621
452
254
79
0
0
0
0
0
0
0
0
0
0
3
141
370
610
809
981
526
537
522
439
323
194
91
22
0
0
0
0
0
0
0
0
0
0
1
80
329
418
832
662
550
397
478
654
678
324
108
33
0
0
0
0
0
0
0
0
0
0
2
126
322
527
709
837
909
941
889
790
631
453
255
80
0
0
0
0
0
0
0
0
0
0
2
124
318
522
700
835
918
941
903
809
663
476
271
89
0
0
0
0
0
0
0
0
0
0
2
124
313
507
677
808
887
906
870
778
640
462
267
89
0
0
0
0
0
0
0
0
0
0
1
88
229
333
464
548
589
634
614
512
465
321
195
73
1
0
0
0
0
0
0
0
0
0
3
119
292
469
624
742
813
836
804
721
591
425
245
83
0
0
0
0
0
0
0
0
0
0
3
132
326
530
699
830
912
955
914
817
672
486
286
96
0
0
0
0
0
0
0
0
0
0
3
142
343
550
725
861
947
974
931
844
690
499
293
102
1
0
0
0
0
0
0
0
0
0
4
142
340
544
724
858
938
962
918
817
674
489
286
99
0
0
0
0
0
0
0
0
0
0
4
148
350
560
745
877
957
984
943
847
693
502
293
102
0
0
0
0
0
0
0
0
0
0
4
144
344
547
731
866
946
964
919
824
679
492
286
101
0
0
0
0
0
0
0
0
0
0
4
131
318
532
656
817
802
803
736
696
535
410
235
77
1
0
0
0
0
0
0
0
0
0
4
138
320
516
678
821
889
897
882
809
680
502
301
110
2
0
0
0
0
0
0
0
0
0
4
132
292
449
645
818
832
825
782
733
618
465
292
115
2
0
0
0
0
0
0
0
0
0
5
146
339
533
690
813
896
915
864
781
637
456
278
102
1
0
0
0
0
0
0
0
0
0
6
155
358
565
747
878
966
988
942
849
701
516
305
114
1
0
0
0
0
0
0
0
0
0
6
153
350
555
733
868
942
961
922
818
681
502
298
111
1
0
0
0
0
0
0
0
0
0
6
152
335
544
700
815
892
918
888
809
685
516
315
121
2
0
0
0
0
0
0
0
0
0
7
170
380
586
774
909
996
1019
982
885
737
544
329
126
2
0
0
0
0
0
0
0
0
0
6
153
347
549
721
851
935
957
925
838
689
511
314
122
2
0
0
0
0
0
0
0
0
0
7
165
367
567
740
873
953
973
937
845
708
524
324
128
2
0
0
0
0
0
0
0
0
0
8
173
384
596
779
918
1001
1027
990
891
740
546
332
131
2
0
0
0
0
0
0
0
0
0
8
161
357
558
732
876
949
987
954
855
705
529
319
128
3
0
0
0
0
0
0
0
0
0
8
166
371
577
756
887
962
983
933
839
696
511
307
120
1
0
0
0
0
0
0
0
0
0
10
150
349
463
647
725
785
846
805
645
543
424
257
113
3
0
0
0
0
0
0
0
0
0
10
184
417
603
768
912
449
487
484
428
389
276
164
66
1
0
0
0
0
0
0
0
0
0
4
74
189
289
384
485
492
434
424
387
308
245
137
56
1
0
0
0
0
0
0
0
0
0
9
163
358
559
733
869
944
969
939
851
710
528
327
134
4
0
0
0
0
0
0
0
0
0
9
146
333
504
657
749
818
790
774
710
566
441
264
109
1
0
0
0
0
0
0
0
0
0
9
164
354
552
726
866
945
978
947
862
723
546
344
146
5
0
0
0
0
0
0
0
0
0
9
170
374
579
759
896
987
1006
967
869
725
535
330
136
4
0
0
0
0
0
0
0
0
0
9
165
361
560
736
868
950
971
934
835
696
520
323
135
4
0
0
0
0
0
0
0
0
0
9
164
360
564
746
888
968
993
965
882
741
559
353
148
6
0
0
0
0
0
0
0
0
0
10
177
386
595
782
918
1004
1033
997
907
759
568
357
151
5
0
0
0
0
0
0
0
0
0
9
154
335
529
691
818
881
888
865
804
663
511
319
136
6
0
0
0
0
0
0
0
0
0
10
175
381
586
760
899
979
1003
959
862
719
533
329
138
3
0
0
0
0
0
0
0
0
0
9
148
323
496
667
807
903
949
905
809
695
512
317
138
6
0
0
0
0
0
0
0
0
0
10
172
376
583
761
899
985
1005
968
877
732
547
341
145
4
0
0
0
0
0
0
0
0
0
10
166
363
555
726
848
931
957
923
830
701
525
331
141
4
0
0
0
0
0
0
0
0
0
10
173
376
579
755
889
974
1001
971
887
748
564
358
156
6
0
0
0
0
0
0
0
0
0
10
167
358
560
738
870
960
979
951
858
723
538
340
147
6
0
0
0
0
0
0
0
0
0
10
169
369
574
754
889
976
1004
961
872
730
553
348
151
6
0
0
0
0
0
0
0
0
0
10
173
376
588
770
913
999
1026
1002
916
771
585
373
163
8
0
0
0
0
0
0
0
0
0
9
150
336
517
681
815
903
921
879
812
678
502
312
138
6
0
0
0
0
0
0
0
0
0
9
160
352
542
708
843
949
974
941
856
717
536
338
145
6
0
0
0
0
0
0
0
0
0
9
154
337
523
692
828
898
920
902
822
688
523
337
146
8
0
0
0
0
0
0
0
0
0
10
153
318
491
610
724
807
887
849
722
639
448
264
114
3
0
0
0
0
0
0
0
0
0
8
151
341
538
721
859
943
959
930
838
701
532
348
154
8
0
0
0
0
0
0
0
0
0
8
155
351
547
722
857
927
956
926
837
694
519
315
135
5
0
0
0
0
0
0
0
0
0
8
157
349
551
732
859
942
964
932
850
715
535
335
145
6
0
0
0
0
0
0
0
0
0
8
157
346
537
711
845
935
959
922
837
693
519
327
142
5
0
0
0
0
0
0
0
0
0
5
127
265
448
601
723
843
913
872
809
681
539
355
153
10
0
0
0
0
0
0
0
0
0
6
125
287
458
620
754
822
829
765
736
628
449
269
116
2
0
0
0
0
0
0
0
0
0
8
139
280
458
616
769
802
870
827
746
533
462
292
129
5
0
0
0
0
0
0
0
0
0
8
150
328
519
705
822
912
937
874
787
672
509
316
133
4
0
0
0
0
0
0
0
0
0
7
155
354
557
741
887
983
1012
979
887
751
566
360
160
9
0
0
0
0
0
0
0
0
0
6
137
319
515
664
798
874
897
876
791
660
496
320
132
4
0
0
0
0
0
0
0
0
0
7
155
353
559
743
889
975
1000
974
887
742
561
354
156
7
0
0
0
0
0
0
0
0
0
7
142
322
510
685
810
886
932
915
830
702
533
334
147
8
0
0
0
0
0
0
0
0
0
7
146
340
535
708
846
934
957
932
848
719
540
341
151
7
0
0
0
0
0
0
0
0
0
6
137
320
507
683
820
891
920
902
834
717
534
346
154
8
0
0
0
0
0
0
0
0
0
6
146
336
536
715
854
945
978
957
867
739
564
360
161
8
0
0
0
0
0
0
0
0
0
5
144
330
532
709
843
935
964
937
858
719
544
343
152
6
0
0
0
0
0
0
0
0
0
6
152
348
551
731
873
966
988
956
875
734
556
354
158
6
0
0
0
0
0
0
0
0
0
5
128
299
486
653
794
892
906
855
816
710
542
351
156
10
0
0
0
0
0
0
0
0
0
5
135
326
517
683
807
897
931
911
839
700
522
330
145
6
0
0
0
0
0
0
0
0
0
5
137
327
525
704
852
946
981
959
883
745
564
360
159
9
0
0
0
0
0
0
0
0
0
5
131
316
518
694
814
912
936
920
843
707
539
344
150
8
0
0
0
0
0
0
0
0
0
4
145
345
555
746
885
979
1006
967
875
735
548
345
147
4
0
0
0
0
0
0
0
0
0
5
134
320
509
699
827
912
925
896
794
661
493
306
130
3
0
0
0
0
0
0
0
0
0
1
99
271
441
604
740
829
869
855
757
645
501
327
136
8
0
0
0
0
0
0
0
0
0
3
105
259
442
600
754
827
857
827
740
602
439
268
111
2
0
0
0
0
0
0
0
0
0
3
130
323
528
715
850
949
981
947
861
713
534
333
140
4
0
0
0
0
0
0
0
0
0
3
125
313
511
694
818
900
935
904
818
687
511
314
131
4
0
0
0
0
0
0
0
0
0
3
121
303
504
687
825
920
950
936
854
718
535
330
143
6
0
0
0
0
0
0
0
0
0
3
128
325
534
719
867
949
964
938
849
704
524
321
132
3
0
0
0
0
0
0
0
0
0
3
126
320
526
710
859
952
990
964
878
736
552
349
147
5
0
0
0
0
0
0
0
0
0
2
128
324
531
720
867
956
993
969
884
747
567
358
153
6
0
0
0
0
0
0
0
0
0
2
116
294
488
664
812
885
910
877
805
677
516
333
142
6
0
0
0
0
0
0
0
0
0
2
118
304
502
682
823
913
944
905
836
710
543
344
146
6
0
0
0
0
0
0
0
0
0
2
117
307
514
697
846
937
975
953
867
730
555
350
145
6
0
0
0
0
0
0
0
0
0
1
107
283
477
645
774
869
892
859
794
676
505
313
129
3
0
0
0
0
0
0
0
0
0
2
116
308
517
704
853
942
958
934
846
705
516
316
129
2
0
0
0
0
0
0
0
0
0
1
103
280
475
648
793
904
917
877
798
665
496
300
123
3
0
0
0
0
0
0
0
0
0
1
111
296
502
695
840
931
959
931
850
701
525
323
128
3
0
0
0
0
0
0
0
0
0
1
99
272
456
622
767
851
880
880
823
684
520
319
126
4
0
0
0
0
0
0
0
0
0
1
103
276
459
613
751
862
907
873
804
673
508
310
122
3
0
0
0
0
0
0
0
0
0
1
102
280
471
640
772
866
888
854
759
638
480
293
110
1
0
0
0
0
0
0
0
0
0
1
104
287
493
679
828
922
956
923
831
694
523
310
121
2
0
0
0
0
0
0
0
0
0
1
99
286
482
665
814
898
918
896
797
667
497
299
115
2
0
0
0
0
0
0
0
0
0
1
98
275
467
651
788
847
872
872
755
614
457
286
103
1
0
0
0
0
0
0
0
0
0
1
99
278
479
659
793
886
921
879
807
664
480
282
104
1
0
0
0
0
0
0
0
0
0
1
99
285
487
671
820
910
937
909
827
684
498
294
106
1
0
0
0
0
0
0
0
0
0
0
85
248
449
629
775
863
869
840
762
648
468
279
102
1
0
0
0
0
0
0
0
0
0
0
94
277
483
664
807
897
929
903
816
676
494
285
104
1
0
0
0
0
0
0
0
0
0
0
97
290
507
697
841
927
957
922
825
682
496
289
102
0
0
0
0
0
0
0
0
0
0
0
91
272
480
669
816
916
947
920
829
688
504
296
105
1
0
0
0
0
0
0
0
0
0
0
85
259
455
638
787
876
909
885
801
667
491
294
105
1
0
0
0
0
0
0
0
0
0
0
87
265
478
662
791
879
907
877
784
650
466
273
94
0
0
0
0
0
0
0
0
0
0
0
85
265
461
644
785
879
915
891
813
663
478
276
92
0
0
0
0
0
0
0
0
0
0
0
77
241
437
592
730
836
888
876
793
636
470
276
97
1
0
0
0
0
0
0
0
0
0
0
71
208
420
585
697
801
747
770
718
607
432
240
78
0
0
0
0
0
0
0
0
0
0
0
82
263
468
655
800
891
923
893
804
661
476
271
88
0
0
0
0
0
0
0
0
0
0
0
71
240
409
604
738
814
862
846
709
561
413
209
63
0
0
0
0
0
0
0
0
0
0
0
82
268
477
665
812
905
939
910
816
669
478
271
85
0
0
0
0
0
0
0
0
0
0
0
75
251
452
637
794
884
925
894
799
655
468
266
83
0
0
0
0
0
0
0
0
0
0
0
77
258
466
651
801
900
931
895
804
655
468
260
78
0
0
0
0
0
0
0
0
0
0
0
75
253
453
637
783
877
898
877
784
642
450
241
68
0
0
0
0
0
0
0
0
0
0
0
68
249
428
574
704
811
843
803
739
630
451
249
71
0
0
0
0
0
0
0
0
0
0
0
73
253
461
653
802
893
917
884
784
634
443
240
66
0
0
0
0
0
0
0
0
0
0
0
67
239
427
582
730
817
867
829
761
607
430
239
67
0
0
0
0
0
0
0
0
0
0
0
68
246
449
640
789
887
900
873
781
637
449
245
33
0
0
0
0
0
0
0
0
0
0
0
64
235
420
592
730
826
869
860
769
618
424
233
30
0
0
0
0
0
0
0
0
0
0
0
66
243
453
643
790
884
907
870
773
636
449
240
29
0
0
0
0
0
0
0
0
0
0
0
32
193
389
599
742
817
821
788
678
498
360
192
18
0
0
0
0
0
0
0
0
0
0
0
33
250
465
660
813
900
928
891
786
627
428
219
19
0
0
0
0
0
0
0
0
0
0
0
30
243
457
655
809
909
949
913
814
659
458
239
27
0
0
0
0
0
0
0
0
0
0
0
28
234
427
612
757
839
870
831
744
607
423
219
22
0
0
0
0
0
0
0
0
0
0
0
29
245
456
650
804
904
941
908
809
650
454
235
24
0
0
0
0
0
0
0
0
0
0
0
28
242
456
654
809
905
935
895
795
645
441
224
20
0
0
0
0
0
0
0
0
0
0
0
23
220
427
598
746
826
850
812
733
591
406
209
19
0
0
0
0
0
0
0
0
0
0
0
25
229
436
632
783
873
911
866
774
611
420
208
17
0
0
0
0
0
0
0
0
0
0
0
24
226
429
615
762
846
873
850
752
604
410
203
15
0
0
0
0
0
0
0
0
0
0
0
23
226
429
620
765
853
876
831
738
599
408
198
12
0
0
0
0
0
0
0
0
0
0
0
23
228
438
625
777
860
869
822
720
571
388
188
9
0
0
0
0
0
0
0
0
0
0
0
12
197
391
551
652
673
684
708
615
494
337
138
8
0
0
0
0
0
0
0
0
0
0
0
4
174
308
363
490
638
353
392
522
489
331
207
26
0
0
0
0
0
0
0
0
0
0
0
25
246
475
711
873
546
529
504
422
324
205
95
4
0
0
0
0
0
0
0
0
0
0
0
20
227
442
638
784
868
896
851
749
585
388
178
7
0
0
0
0
0
0
0
0
0
0
0
19
220
427
619
766
850
880
849
731
572
375
171
6
0
0
0
0
0
0
0
0
0
0
0
19
231
454
653
807
901
934
892
786
621
411
185
7
0
0
0
0
0
0
0
0
0
0
0
24
178
337
345
451
898
620
394
430
328
319
190
20
0
0
0
0
0
0
0
0
0
0
0
20
177
485
653
620
551
422
532
311
291
294
148
8
0
0
0
0
0
0
0
0
0
0
0
16
208
410
588
733
831
853
815
722
569
368
158
5
0
0
0
0
0
0
0
0
0
0
0
14
199
392
577
721
814
846
807
710
568
377
164
6
0
0
0
0
0
0
0
0
0
0
0
13
193
388
567
705
778
804
768
674
533
350
150
5
0
0
0
0
0
0
0
0
0
0
0
15
218
437
631
779
866
890
841
733
565
359
148
2
0
0
0
0
0
0
0
0
0
0
0
13
199
401
581
724
805
837
797
697
535
344
138
2
0
0
0
0
0
0
0
0
0
0
0
11
179
371
537
671
745
737
681
590
450
279
110
1
0
0
0
0
0
0
0
0
0
0
0
12
209
427
619
766
849
873
819
705
536
334
128
1
0
0
0
0
0
0
0
0
0
0
0
11
200
409
596
741
830
852
809
698
535
333
127
1
0
0
0
0
0
0
0
0
0
0
0
11
198
406
592
737
827
840
797
684
524
323
120
1
0
0
0
0
0
0
0
0
0
0
0
4
138
301
476
633
712
725
691
596
474
307
116
2
0
0
0
0
0
0
0
0
0
0
0
10
199
414
606
754
837
857
808
694
525
319
115
0
0
0
0
0
0
0
0
0
0
0
0
8
166
352
527
660
736
747
706
602
450
271
95
0
0
0
0
0
0
0
0
0
0
0
0
7
165
350
527
677
738
749
706
620
478
289
96
0
0
0
0
0
0
0
0
0
0
0
0
2
14
143
179
202
403
269
375
426
427
316
83
0
0
0
0
0
0
0
0
0
0
0
0
2
153
179
216
582
350
455
272
416
166
79
8
0
0
0
0
0
0
0
0
0
0
0
0
2
72
167
258
297
335
349
309
283
206
139
45
0
0
0
0
0
0
0
0
0
0
0
0
2
74
151
260
338
352
363
330
276
227
118
34
0
0
0
0
0
0
0
0
0
0
0
0
4
145
326
506
608
721
707
653
573
419
236
77
0
0
0
0
0
0
0
0
0
0
0
0
5
150
330
505
615
689
713
655
547
405
234
73
0
0
0
0
0
0
0
0
0
0
0
0
5
161
358
543
679
763
770
727
607
445
254
74
0
0
0
0
0
0
0
0
0
0
0
0
5
164
362
555
700
779
801
751
642
481
276
81
0
0
0
0
0
0
0
0
0
0
0
0
5
173
384
578
721
808
824
773
656
484
276
39
0
0
0
0
0
0
0
0
0
0
0
0
5
172
386
579
723
808
823
771
656
481
271
36
0
0
0
0
0
0
0
0
0
0
0
0
4
158
358
541
682
759
780
732
613
443
244
28
0
0
0
0
0
0
0
0
0
0
0
0
2
149
354
526
597
689
707
645
471
349
175
11
0
0
0
0
0
0
0
0
0
0
0
0
3
135
309
478
605
691
693
635
515
378
230
24
0
0
0
0
0
0
0
0
0
0
0
0
1
117
256
408
502
571
637
641
532
355
182
16
0
0
0
0
0
0
0
0
0
0
0
0
1
50
114
251
333
438
669
670
628
416
207
25
0
0
0
0
0
0
0
0
0
0
0
0
2
79
235
288
415
344
429
388
359
198
79
4
0
0
0
0
0
0
0
0
0
0
0
0
3
132
308
474
596
674
708
631
498
361
201
20
0
0
0
0
0
0
0
0
0
0
0
0
3
145
353
499
635
652
551
464
268
202
92
9
0
0
0
0
0
0
0
0
0
0
0
0
3
99
238
416
540
545
534
496
411
272
119
4
0
0
0
0
0
0
0
0
0
0
0
0
1
128
307
474
609
677
694
648
553
370
184
9
0
0
0
0
0
0
0
0
0
0
0
0
2
132
329
513
657
740
758
701
582
412
211
16
0
0
0
0
0
0
0
0
0
0
0
0
2
124
318
499
644
725
733
679
552
384
188
11
0
0
0
0
0
0
0
0
0
0
0
0
1
82
205
336
402
478
467
441
342
215
93
3
0
0
0
0
0
0
0
0
0
0
0
0
1
113
298
452
576
650
680
643
533
363
172
8
0
0
0
0
0
0
0
0
0
0
0
0
1
120
312
496
639
723
724
670
542
370
176
6
0
0
0
0
0
0
0
0
0
0
0
0
1
121
318
507
652
733
743
688
567
390
192
10
0
0
0
0
0
0
0
0
0
0
0
0
1
113
295
469
590
678
674
611
499
342
162
5
0
0
0
0
0
0
0
0
0
0
0
0
1
112
300
482
618
688
709
652
536
370
178
8
0
0
0
0
0
0
0
0
0
0
0
0
1
104
282
453
577
657
675
621
507
357
174
9
0
0
0
0
0
0
0
0
0
0
0
0
0
106
293
468
607
686
694
634
527
358
165
6
0
0
0
0
0
0
0
0
0
0
0
0
0
96
259
415
542
619
652
598
504
344
164
8
0
0
0
0
0
0
0
0
0
0
0
0
0
96
279
457
577
649
640
589
487
325
145
5
0
0
0
0
0
0
0
0
0
0
0
0
0
92
267
434
586
677
662
605
481
321
141
4
0
0
0
0
0
0
0
0
0
0
0
0
0
65
187
327
449
501
510
425
359
222
93
1
0
0
0
0
0
0
0
0
0
0
0
0
0
78
229
392
551
606
619
569
456
288
136
3
0
0
0
0
0
0
0
0
0
0
0
0
0
26
76
120
155
192
168
137
77
50
32
1
0
0
0
0
0
0
0
0
0
0
0
0
0
48
159
268
305
344
338
306
260
171
71
1
0
0
0
0
0
0
0
0
0
0
0
0
0
76
232
392
526
592
599
541
433
278
122
1
0
0
0
0
0
0
0
0
0
0
0
0
0
86
269
451
586
663
677
622
503
334
144
3
0
0
0
0
0
0
0
0
0
0
0
0
0
75
238
401
542
598
615
546
440
288
130
3
0
0
0
0
0
0
0
0
0
0
0
0
0
73
234
411
543
595
624
553
442
286
115
1
0
0
0
0
0
0
0
0
0
0
0
0
0
73
241
419
547
624
632
567
457
300
126
2
0
0
0
0
0
0
0
0
0
0
0
0
0
76
252
428
563
635
648
589
469
308
129
1
0
0
0
0
0
0
0
0
0
0
0
0
0
70
238
403
531
603
619
574
466
299
123
2
0
0
0
0
0
0
0
0
0
0
0
0
0
29
178
305
428
488
487
449
357
233
98
1
0
0
0
0
0
0
0
0
0
0
0
0
0
33
243
414
539
613
618
564
449
296
120
1
0
0
0
0
0
0
0
0
0
0
0
0
0
30
229
402
533
596
603
548
440
285
113
1
0
0
0
0
0
0
0
0
0
0
0
0
0
25
206
360
483
537
559
519
435
277
106
1
0
0
0
0
0
0
0
0
0
0
0
0
0
23
197
343
459
528
533
480
386
246
98
1
0
0
0
0
0
0
0
0
0
0
0
0
0
15
158
329
486
462
485
360
341
260
102
1
0
0
0
0
0
0
0
0
0
0
0
0
0
14
176
332
419
468
444
408
429
312
122
4
0
0
0
0
0
0
0
0
0
0
0
0
0
22
213
385
521
600
615
575
461
300
116
1
0
0
0
0
0
0
0
0
0
0
0
0
0
19
192
355
481
552
551
514
397
247
92
0
0
0
0
0
0
0
0
0
0
0
0
0
0
4
119
284
381
453
471
547
440
289
111
2
0
0
0
0
0
0
0
0
0
0
0
0
0
10
214
373
449
296
315
140
217
116
19
0
0
0
0
0
0
0
0
0
0
0
0
0
0
19
197
325
425
469
495
490
410
251
91
1
0
0
0
0
0
0
0
0
0
0
0
0
0
16
184
338
469
514
514
484
406
267
107
1
0
0
0
0
0
0
0
0
0
0
0
0
0
17
213
393
534
618
636
584
472
305
117
1
0
0
0
0
0
0
0
0
0
0
0
0
0
10
157
276
324
291
198
506
324
265
59
0
0
0
0
0
0
0
0
0
0
0
0
0
0
15
202
378
516
598
613
560
446
287
108
0
0
0
0
0
0
0
0
0
0
0
0
0
0
13
190
363
498
575
590
544
435
277
103
0
0
0
0
0
0
0
0
0
0
0
0
0
0
11
163
315
435
505
523
479
380
239
89
0
0
0
0
0
0
0
0
0
0
0
0
0
0
10
164
319
441
514
527
482
384
243
91
0
0
0
0
0
0
0
0
0
0
0
0
0
0
10
166
321
445
520
536
490
393
250
92
0
0
0
0
0
0
0
0
0
0
0
0
0
0
6
148
267
400
440
478
418
338
256
108
1
0
0
0
0
0
0
0
0
0
0
0
0
0
12
87
106
124
214
252
591
465
301
91
1
0
0
0
0
0
0
0
0
0
0
0
0
0
7
156
313
438
509
551
494
400
251
95
0
0
0
0
0
0
0
0
0
0
0
0
0
0
5
135
278
412
498
529
513
422
270
102
1
0
0
0
0
0
0
0
0
0
0
0
0
0
8
159
328
459
539
551
502
401
260
98
0
0
0
0
0
0
0
0
0
0
0
0
0
0
6
137
281
396
465
483
445
355
226
83
0
0
0
0
0
0
0
0
0
0
0
0
0
0
5
88
307
449
461
487
330
285
127
25
0
0
0
0
0
0
0
0
0
0
0
0
0
0
6
149
307
438
521
544
504
401
255
94
0
0
0
0
0
0
0
0
0
0
0
0
0
0
5
149
314
452
538
565
515
416
266
101
0
0
0
0
0
0
0
0
0
0
0
0
0
0
5
134
296
421
512
521
479
390
247
94
1
0
0
0
0
0
0
0
0
0
0
0
0
0
4
141
306
427
510
548
501
403
257
97
0
0
0
0
0
0
0
0
0
0
0
0
0
0
4
140
298
428
520
544
509
404
263
100
1
0
0
0
0
0
0
0
0
0
0
0
0
0
1
129
272
346
450
287
292
310
255
100
1
0
0
0
0
0
0
0
0
0
0
0
0
0
1
67
164
268
316
351
370
302
237
103
2
0
0
0
0
0
0
0
0
0
0
0
0
0
4
136
301
437
521
555
515
411
267
101
1
0
0
0
0
0
0
0
0
0
0
0
0
0
3
153
289
466
479
342
43
35
22
9
0
0
0
0
0
0
0
0
0
0
0
0
0
0
5
64
170
203
331
447
408
349
219
86
2
0
0
0
0
0
0
0
0
0
0
0
0
0
3
128
289
424
511
531
503
408
267
102
1
0
0
0
0
0
0
0
0
0
0
0
0
0
1
102
264
325
362
343
350
354
288
88
2
0
0
0
0
0
0
0
0
0
0
0
0
0
1
10
260
394
559
323
186
273
21
8
0
0
0
0
0
0
0
0
0
0
0
0
0
0
4
114
253
374
430
379
403
402
284
106
2
0
0
0
0
0
0
0
0
0
0
0
0
0
1
114
206
191
244
339
496
456
212
49
0
0
0
0
0
0
0
0
0
0
0
0
0
0
1
61
129
241
235
368
452
393
298
104
2
0
0
0
0
0
0
0
0
0
0
0
0
0
2
109
143
243
380
531
425
337
221
94
1
0
0
0
0
0
0
0
0
0
0
0
0
0
2
108
251
373
447
467
430
346
223
89
1
0
0
0
0
0
0
0
0
0
0
0
0
0
2
126
289
430
512
540
509
426
286
118
1
0
0
0
0
0
0
0
0
0
0
0
0
0
2
122
283
421
511
551
505
412
278
115
1
0
0
0
0
0
0
0
0
0
0
0
0
0
2
120
275
417
504
534
496
410
264
110
1
0
0
0
0
0
0
0
0
0
0
0
0
0
2
86
201
278
354
367
353
283
167
56
1
0
0
0
0
0
0
0
0
0
0
0
0
0
2
106
251
369
448
476
446
364
237
98
1
0
0
0
0
0
0